# Time-averaged data for fix all_msd
# TimeStep c_msd1[4]
0 2.04939e-29
100 0.340571
200 0.571659
300 0.826553
400 1.04457
500 1.31378
600 1.64861
700 1.95314
800 2.32033
900 2.70057
1000 3.11807
1100 3.46724
1200 3.9004
1300 4.22623
1400 4.65674
1500 5.01787
1600 5.26784
1700 5.36599
1800 5.71164
1900 6.02213
2000 6.22034
2100 6.50791
2200 6.86602
2300 7.0828
2400 7.23261
2500 7.4191
2600 7.65912
2700 7.96497
2800 8.18352
2900 8.50175
3000 8.92697
3100 9.12284
3200 9.26701
3300 9.50123
3400 10.0411
3500 10.2517
3600 10.6222
3700 10.9602
3800 10.987
3900 11.2218
4000 11.6333
4100 11.9562
4200 12.2058
4300 12.5116
4400 12.5669
4500 12.6398
4600 12.9155
4700 13.173
4800 13.3181
4900 13.6703
5000 14.2877
5100 14.3558
5200 14.6891
5300 14.8698
5400 15.0543
5500 15.2642
5600 15.4153
5700 15.5297
5800 15.9912
5900 16.1557
6000 16.3208
6100 16.5834
6200 17.1098
6300 17.3524
6400 17.6771
6500 17.8404
6600 17.9036
6700 18.1277
6800 18.3609
6900 18.6591
7000 18.9832
7100 19.0532
7200 19.4394
7300 19.9353
7400 20.1258
7500 20.4414
7600 20.691
7700 20.8859
7800 21.0707
7900 21.3326
8000 21.5909
8100 21.7405
8200 22.0323
8300 22.2484
8400 22.443
8500 22.6687
8600 22.8334
8700 23.0571
8800 23.1842
8900 23.5112
9000 23.6215
9100 23.9209
9200 24.1061
9300 24.3657
9400 24.559
9500 24.8508
9600 24.8801
9700 25.1668
9800 25.2092
9900 25.2855
10000 25.7353
10100 25.9076
10200 26.2654
10300 26.2723
10400 26.7338
10500 26.7986
10600 27.0788
10700 27.2725
10800 27.4783
10900 28.0927
11000 28.283
11100 28.5199
11200 28.8767
11300 29.2227
11400 29.383
11500 29.9682
11600 30.226
11700 30.3532
11800 30.6845
11900 31.0089
12000 31.2569
12100 31.5661
12200 31.9261
12300 32.432
12400 32.7774
12500 33.5768
12600 33.4604
12700 33.7271
12800 34.1083
12900 34.206
13000 34.6356
13100 34.504
13200 34.9803
13300 35.0798
13400 35.2964
13500 35.5532
13600 35.7934
13700 36.3071
13800 36.8589
13900 36.7978
14000 36.8954
14100 37.2896
14200 37.5855
14300 37.803
14400 37.7455
14500 38.0268
14600 38.2354
14700 38.4011
14800 38.666
14900 38.945
15000 39.2922
15100 39.6285
15200 39.8788
15300 40.1432
15400 40.4052
15500 40.4719
15600 40.5911
15700 41.2018
15800 41.376
15900 41.6438
16000 41.9075
16100 42.0382
16200 42.1908
16300 42.2372
16400 42.2598
16500 42.4905
16600 42.885
16700 42.7673
16800 43.1175
16900 43.7395
17000 43.8656
17100 44.2118
17200 44.2109
17300 44.8293
17400 44.7756
17500 45.026
17600 45.1834
17700 45.8408
17800 45.7143
17900 46.2468
18000 46.5546
18100 47.12
18200 47.2637
18300 47.7021
18400 47.6104
18500 48.0589
18600 48.3157
18700 48.5044
18800 48.443
18900 48.8319
19000 48.8251
19100 49.1194
19200 49.0476
19300 48.9658
19400 49.3976
19500 49.6575
19600 50.171
19700 50.2576
19800 50.6559
19900 50.5634
20000 50.9275
20100 51.2128
20200 51.6213
20300 52.0345
20400 52.1923
20500 51.8206
20600 52.2504
20700 52.6817
20800 53.0246
20900 52.6988
21000 52.7759
21100 52.8388
21200 53.1384
21300 53.4899
21400 53.5271
21500 53.6809
21600 53.945
21700 54.4292
21800 54.6541
21900 54.5576
22000 54.9423
22100 55.533
22200 55.7502
22300 55.7786
22400 55.8614
22500 56.1036
22600 56.1652
22700 56.4524
22800 56.5108
22900 57.1632
23000 57.037
23100 57.4803
23200 57.5211
23300 58.0621
23400 58.1708
23500 58.3344
23600 58.9119
23700 58.4834
23800 58.8563
23900 59.4025
24000 59.2932
24100 59.4082
24200 59.668
24300 60.046
24400 60.4984
24500 60.6979
24600 61.0098
24700 61.419
24800 61.5802
24900 62.0277
25000 61.8802
25100 62.8217
25200 62.7208
25300 63.1229
25400 63.1574
25500 63.7232
25600 63.6432
25700 63.7207
25800 64.0289
25900 64.2958
26000 64.4754
26100 64.6869
26200 64.9791
26300 65.2953
26400 65.5202
26500 65.8457
26600 66.1948
26700 65.8052
26800 66.0506
26900 66.5453
27000 67.0376
27100 67.3796
27200 67.6775
27300 67.9262
27400 68.0875
27500 68.5273
27600 68.5688
27700 68.7807
27800 69.3064
27900 69.8534
28000 70.0905
28100 70.08
28200 70.3023
28300 70.6824
28400 70.9123
28500 71.5574
28600 71.6062
28700 72.1051
28800 72.155
28900 72.6921
29000 72.9541
29100 73.5016
29200 73.6574
29300 73.9407
29400 73.8774
29500 74.0085
29600 74.2893
29700 74.5924
29800 74.9668
29900 74.6775
30000 75.3023
30100 75.9089
30200 76.2064
30300 76.364
30400 76.474
30500 77.0103
30600 77.3029
30700 77.3918
30800 77.8251
30900 78.146
31000 78.3038
31100 78.8114
31200 78.3954
31300 78.5278
31400 78.5364
31500 78.7121
31600 78.9931
31700 79.0902
31800 79.3761
31900 79.4887
32000 79.798
32100 79.8563
32200 80.305
32300 80.875
32400 81.1653
32500 81.385
32600 81.1761
32700 81.4447
32800 82.0838
32900 82.2254
33000 82.8413
33100 82.8712
33200 83.3458
33300 83.5346
33400 83.7902
33500 83.9549
33600 84.5947
33700 84.8554
33800 84.9536
33900 85.1798
34000 85.3375
34100 85.3592
34200 85.5814
34300 85.5248
34400 85.6255
34500 86.141
34600 86.3375
34700 86.1173
34800 86.3907
34900 87.1756
35000 86.8215
35100 87.0947
35200 87.6824
35300 87.9425
35400 87.9469
35500 88.2679
35600 88.7274
35700 89.0436
35800 88.8232
35900 88.5735
36000 88.7342
36100 89.0329
36200 89.6357
36300 90.1804
36400 90.4871
36500 90.7135
36600 90.7646
36700 91.2624
36800 91.6007
36900 91.781
37000 91.9158
37100 91.9635
37200 92.4555
37300 92.604
37400 92.9643
37500 93.8377
37600 93.8313
37700 93.5093
37800 93.612
37900 93.877
38000 94.6337
38100 95.1581
38200 95.24
38300 95.0544
38400 94.8607
38500 94.7268
38600 94.9024
38700 95.1273
38800 95.2051
38900 96.1465
39000 96.1716
39100 96.0036
39200 96.3567
39300 97.1267
39400 97.244
39500 97.4922
39600 97.8168
39700 98.0383
39800 98.0976
39900 98.506
40000 98.961
40100 99.0261
40200 99.7281
40300 99.9855
40400 100.137
40500 100.06
40600 99.7676
40700 99.8643
40800 100.225
40900 100.431
41000 100.562
41100 100.976
41200 100.99
41300 101.169
41400 101.66
41500 101.523
41600 102.097
41700 102.59
41800 102.426
41900 102.439
42000 103.061
42100 102.892
42200 103.129
42300 103.263
42400 103.291
42500 103.704
42600 103.532
42700 103.69
42800 103.94
42900 103.473
43000 104.152
43100 105.004
43200 105.105
43300 104.977
43400 105.528
43500 105.797
43600 105.926
43700 106.478
43800 106.677
43900 107.053
44000 107.38
44100 107.384
44200 108.103
44300 108.17
44400 107.747
44500 108.637
44600 108.755
44700 109.28
44800 109.442
44900 109.738
45000 109.919
45100 110.268
45200 110.031
45300 110.589
45400 110.912
45500 111.37
45600 111.877
45700 111.815
45800 111.63
45900 112.033
46000 111.853
46100 112.23
46200 112.49
46300 112.823
46400 113.279
46500 113.396
46600 114.161
46700 114.204
46800 114.459
46900 114.522
47000 114.808
47100 114.917
47200 116.068
47300 116.232
47400 116.196
47500 116.667
47600 117.044
47700 116.3
47800 116.95
47900 117.004
48000 116.854
48100 117.038
48200 117.596
48300 117.846
48400 118.333
48500 118.171
48600 118.378
48700 118.804
48800 119.414
48900 119.086
49000 119.541
49100 119.729
49200 119.889
49300 120.044
49400 120.569
49500 120.708
49600 120.973
49700 121.388
49800 121.992
49900 121.864
50000 122.086
50100 122.147
50200 122.424
50300 122.353
50400 122.232
50500 122.84
50600 123.245
50700 123.243
50800 123.664
50900 124.16
51000 123.959
51100 124.319
51200 124.418
51300 124.459
51400 124.712
51500 125.487
51600 125.409
51700 126.249
51800 126.871
51900 126.794
52000 126.945
52100 127.274
52200 127.872
52300 127.731
52400 128.028
52500 127.906
52600 127.885
52700 128.122
52800 128.627
52900 129.258
53000 129.225
53100 130.144
53200 130.604
53300 129.985
53400 130.076
53500 130.374
53600 130.283
53700 130.055
53800 129.995
53900 130.559
54000 130.859
54100 131.3
54200 131.414
54300 131.922
54400 132.461
54500 132.915
54600 133.199
54700 133.69
54800 133.521
54900 133.765
55000 134.414
55100 134.309
55200 134.893
55300 134.796
55400 135.026
55500 135.177
55600 135.177
55700 135.309
55800 135.124
55900 135.478
56000 135.867
56100 136.035
56200 136.198
56300 136.187
56400 136.205
56500 136.103
56600 136.133
56700 136.944
56800 136.874
56900 136.805
57000 136.854
57100 137.673
57200 137.472
57300 137.659
57400 137.856
57500 137.722
57600 137.602
57700 137.963
57800 138.243
57900 138.527
58000 138.923
58100 138.474
58200 138.055
58300 138.671
58400 138.949
58500 139.575
58600 139.532
58700 139.508
58800 139.372
58900 139.433
59000 139.596
59100 139.567
59200 140.134
59300 139.75
59400 139.995
59500 140.393
59600 140.911
59700 141.235
59800 141.231
59900 140.882
60000 141.108
60100 141.368
60200 141.488
60300 141.652
60400 142.097
60500 142.498
60600 142.844
60700 142.792
60800 143.507
60900 143.599
61000 143.624
61100 144.217
61200 144.594
61300 144.762
61400 144.303
61500 144.671
61600 144.822
61700 145.334
61800 145.399
61900 145.822
62000 145.888
62100 146.488
62200 146.517
62300 146.489
62400 146.236
62500 146.727
62600 147.265
62700 146.848
62800 146.777
62900 147.155
63000 147.403
63100 147.977
63200 148.022
63300 148.231
63400 148.83
63500 149.237
63600 149.165
63700 149.184
63800 148.958
63900 149.678
64000 150.265
64100 150.1
64200 150.491
64300 150.839
64400 150.851
64500 150.874
64600 150.507
64700 150.964
64800 151.165
64900 151.644
65000 151.543
65100 152.033
65200 152.488
65300 152.395
65400 152.485
65500 152.997
65600 153.026
65700 153.225
65800 153.889
65900 153.961
66000 154.838
66100 154.704
66200 154.946
66300 155.213
66400 155.524
66500 155.838
66600 156.592
66700 156.156
66800 157.059
66900 157.287
67000 156.804
67100 156.801
67200 156.267
67300 156.012
67400 157.514
67500 157.809
67600 157.615
67700 158.033
67800 157.754
67900 157.94
68000 158.498
68100 158.8
68200 158.982
68300 159.077
68400 158.454
68500 158.768
68600 158.659
68700 158.408
68800 158.763
68900 158.573
69000 159.254
69100 159.967
69200 159.478
69300 160.28
69400 160.251
69500 160.438
69600 161.096
69700 161.777
69800 161.747
69900 162.347
70000 162.88
70100 162.932
70200 163.264
70300 163.768
70400 164.267
70500 164.359
70600 165.185
70700 164.857
70800 164.433
70900 165.054
71000 164.776
71100 165.545
71200 165.334
71300 165.377
71400 165.788
71500 166.22
71600 166.359
71700 166.989
71800 167.373
71900 167.511
72000 167.188
72100 167.906
72200 168.602
72300 168.823
72400 168.598
72500 168.298
72600 168.807
72700 169.171
72800 169.011
72900 170.028
73000 170.621
73100 170.655
73200 170.627
73300 170.625
73400 171.592
73500 171.299
73600 172.148
73700 172.068
73800 172.558
73900 173.22
74000 173.664
74100 173.05
74200 173.628
74300 174.077
74400 174.348
74500 174.724
74600 174.977
74700 175.208
74800 175.787
74900 176.227
75000 176.214
75100 175.986
75200 176.481
75300 176.77
75400 176.992
75500 177.432
75600 177.245
75700 177.825
75800 178.558
75900 178.413
76000 178.688
76100 178.485
76200 179.131
76300 179.586
76400 180.083
76500 180.203
76600 180.463
76700 180.518
76800 181.376
76900 181.064
77000 181.373
77100 181.471
77200 182.213
77300 182.71
77400 183.606
77500 183.622
77600 183.597
77700 184.039
77800 184.991
77900 184.325
78000 184.229
78100 183.781
78200 184.57
78300 184.74
78400 185.495
78500 185.627
78600 185.488
78700 186.81
78800 186.869
78900 187.642
79000 188.053
79100 187.255
79200 187.674
79300 187.846
79400 187.931
79500 187.88
79600 187.845
79700 187.811
79800 187.967
79900 188.146
80000 189.403
80100 189.274
80200 189.432
80300 189.998
80400 190.184
80500 190.454
80600 190.81
80700 191.059
80800 191.322
80900 191.437
81000 191.754
81100 192.667
81200 192.258
81300 192.488
81400 193.526
81500 193.774
81600 194.256
81700 194.159
81800 194.504
81900 194.372
82000 194.47
82100 194.38
82200 193.768
82300 194.166
82400 194.695
82500 194.676
82600 195.062
82700 195.394
82800 195.678
82900 195.097
83000 195.699
83100 195.809
83200 195.297
83300 196.582
83400 196.568
83500 196.968
83600 196.76
83700 196.92
83800 197.068
83900 197.366
84000 197.711
84100 198.365
84200 197.986
84300 198.114
84400 198.639
84500 198.4
84600 198.791
84700 198.485
84800 199.792
84900 199.382
85000 200.074
85100 200
85200 199.473
85300 200.332
85400 200.888
85500 201.125
85600 201.869
85700 201.506
85800 202.395
85900 202.971
86000 203.288
86100 204.696
86200 205.252
86300 205.752
86400 205.209
86500 204.935
86600 205.349
86700 205.976
86800 206.433
86900 206.731
87000 206.473
87100 206.849
87200 207.289
87300 207.481
87400 208.734
87500 208.672
87600 208.66
87700 209.22
87800 209.018
87900 209.557
88000 209.626
88100 209.653
88200 210.083
88300 210.676
88400 210.954
88500 211.119
88600 211.293
88700 211.609
88800 212.126
88900 212.34
89000 212.566
89100 212.966
89200 213.469
89300 213.685
89400 213.766
89500 213.949
89600 215.156
89700 214.658
89800 215.157
89900 215.063
90000 214.757
90100 214.436
90200 215.268
90300 215.385
90400 216.116
90500 215.565
90600 215.321
90700 216.388
90800 215.53
90900 217.009
91000 216.485
91100 216.56
91200 217.275
91300 216.725
91400 216.691
91500 217.043
91600 217.332
91700 216.964
91800 217.078
91900 217.523
92000 218.019
92100 218.072
92200 219.368
92300 219.434
92400 219.884
92500 220.437
92600 219.94
92700 219.873
92800 220.3
92900 220.704
93000 220.437
93100 220.513
93200 221.11
93300 222.477
93400 222.097
93500 222.086
93600 221.305
93700 221.833
93800 221.937
93900 223.257
94000 223.719
94100 223.566
94200 223.296
94300 224.087
94400 224.191
94500 223.046
94600 223.818
94700 223.729
94800 224.273
94900 224.716
95000 224.094
95100 224.506
95200 225.036
95300 225.059
95400 225.939
95500 224.721
95600 224.95
95700 225.838
95800 226.544
95900 226.887
96000 226.786
96100 226.241
96200 226.571
96300 226.87
96400 227.091
96500 226.756
96600 227.353
96700 228.03
96800 228.79
96900 228.76
97000 229.323
97100 229.218
97200 228.801
97300 229.194
97400 229.804
97500 229.924
97600 229.815
97700 230.366
97800 230.447
97900 231.151
98000 231.778
98100 231.22
98200 231.173
98300 231.817
98400 232.146
98500 233.007
98600 233.042
98700 231.993
98800 233.081
98900 233.046
99000 233.18
99100 233.155
99200 232.858
99300 233.265
99400 233.002
99500 232.814
99600 233.217
99700 234.009
99800 234.494
99900 234.39
100000 235.362
100100 235.353
100200 235.964
100300 236.271
100400 236.197
100500 236.181
100600 236.197
100700 237.055
100800 237.325
100900 237.219
101000 237.592
101100 237.784
101200 237.825
101300 237.432
101400 237.76
101500 237.87
101600 238.583
101700 238.848
101800 239.285
101900 239.143
102000 239.972
102100 240.618
102200 241.614
102300 241.585
102400 242.855
102500 242.817
102600 243.005
102700 243.57
102800 243.821
102900 244.645
103000 245.145
103100 245.248
103200 245.57
103300 245.859
103400 245.774
103500 245.157
103600 245.366
103700 245.682
103800 245.002
103900 245.531
104000 246.35
104100 246.091
104200 246.169
104300 246.825
104400 246.633
104500 247.046
104600 246.917
104700 247.291
104800 247.446
104900 247.857
105000 248.504
105100 248.463
105200 249.026
105300 248.544
105400 249.159
105500 248.969
105600 249.092
105700 249.645
105800 250.918
105900 250.652
106000 250.549
106100 250.68
106200 250.891
106300 250.088
106400 250.934
106500 250.913
106600 251.391
106700 252.579
106800 251.807
106900 252.638
107000 252.617
107100 252.756
107200 252.883
107300 253.344
107400 253.929
107500 254.325
107600 254.428
107700 255.532
107800 254.705
107900 255.567
108000 255.728
108100 255.805
108200 255.554
108300 256.271
108400 256.08
108500 256.126
108600 256.183
108700 256.184
108800 255.788
108900 256.766
109000 257.134
109100 258.31
109200 256.763
109300 257.797
109400 258.363
109500 258.63
109600 258.288
109700 258.968
109800 258.755
109900 259.355
110000 259.54
110100 260.064
110200 259.271
110300 259.395
110400 259.68
110500 259.86
110600 259.952
110700 260.221
110800 260.575
110900 261.412
111000 262.257
111100 262.636
111200 262.388
111300 263.197
111400 263.666
111500 264.367
111600 264.246
111700 264.985
111800 265.101
111900 265.305
112000 265.116
112100 265.579
112200 264.375
112300 265.004
112400 265.368
112500 265.662
112600 266.633
112700 266.554
112800 266.163
112900 266.993
113000 266.933
113100 267.392
113200 268.038
113300 268.243
113400 268.257
113500 267.903
113600 267.697
113700 268.029
113800 269.409
113900 269.391
114000 270.158
114100 269.789
114200 270.232
114300 270.141
114400 270.153
114500 270.373
114600 270.477
114700 271.811
114800 271.495
114900 270.798
115000 272.112
115100 271.658
115200 271.938
115300 272.854
115400 272.746
115500 273.09
115600 273.303
115700 273.243
115800 273.296
115900 272.409
116000 273.555
116100 273.485
116200 274.403
116300 275.375
116400 275.247
116500 274.802
116600 274.702
116700 275.023
116800 274.871
116900 275.621
117000 275.033
117100 275.542
117200 276.965
117300 276.362
117400 276.776
117500 277.521
117600 278.094
117700 278.6
117800 279.495
117900 279.572
118000 278.706
118100 279.152
118200 280.576
118300 280.42
118400 281.401
118500 281.905
118600 281.512
118700 281.19
118800 281.922
118900 281.727
119000 281.834
119100 282.507
119200 282.524
119300 282.659
119400 283.133
119500 283.665
119600 283.522
119700 283.584
119800 283.582
119900 284.505
120000 284.668
120100 284.301
120200 284.439
120300 284.302
120400 284.259
120500 283.763
120600 284.411
120700 284.38
120800 284.432
120900 284.771
121000 285.463
121100 284.93
121200 285.16
121300 285.773
121400 286.828
121500 286.706
121600 287.123
121700 287.364
121800 287.251
121900 287.486
122000 287.278
122100 288.286
122200 287.906
122300 288.974
122400 288.667
122500 289.415
122600 289.193
122700 289.223
122800 288.719
122900 289.486
123000 289.943
123100 290.723
123200 290.587
123300 290.496
123400 291.018
123500 291.109
123600 292.014
123700 292.754
123800 291.873
123900 291.646
124000 292.049
124100 292.484
124200 293.088
124300 292.937
124400 293.914
124500 294.018
124600 295.329
124700 294.47
124800 294.61
124900 294.039
125000 294.003
125100 294.095
125200 294.553
125300 294.958
125400 294.69
125500 295.353
125600 294.907
125700 295.113
125800 295.438
125900 295.835
126000 294.808
126100 295.589
126200 295.817
126300 296.73
126400 296.781
126500 297.073
126600 297.473
126700 297.934
126800 297.864
126900 298.12
127000 298.52
127100 299.545
127200 299.758
127300 299.605
127400 299.209
127500 299.114
127600 299.709
127700 299.559
127800 300.153
127900 299.772
128000 299.774
128100 300.125
128200 300.174
128300 300.482
128400 301.493
128500 301.823
128600 302.175
128700 302.332
128800 302.366
128900 302.726
129000 303.265
129100 303.515
129200 303.507
129300 303.473
129400 304.174
129500 304.497
129600 304.191
129700 303.716
129800 303.302
129900 304.137
130000 304.374
130100 304.95
130200 304.943
130300 304.681
130400 304.811
130500 305.85
130600 305.937
130700 306.213
130800 306.615
130900 306.497
131000 306.507
131100 306.644
131200 307.4
131300 306.915
131400 307.593
131500 307.629
131600 308.113
131700 308.297
131800 308.86
131900 309.103
132000 309.741
132100 308.726
132200 309.194
132300 309.189
132400 308.884
132500 309.487
132600 310.788
132700 311.597
132800 311.57
132900 311.807
133000 311.72
133100 311.9
133200 312.039
133300 311.956
133400 313.167
133500 313.333
133600 313.699
133700 313.984
133800 313.357
133900 313.843
134000 314.729
134100 315.01
134200 314.308
134300 314.243
134400 315.49
134500 316.032
134600 315.629
134700 315.812
134800 315.31
134900 315.918
135000 316.503
135100 316.793
135200 316.928
135300 316.883
135400 317.429
135500 317.549
135600 317.778
135700 318.507
135800 319.245
135900 318.347
136000 318.1
136100 318.278
136200 317.693
136300 318.243
136400 318.112
136500 318.711
136600 319.496
136700 320.079
136800 319.658
136900 319.643
137000 319.967
137100 320.303
137200 320.135
137300 320.606
137400 320.991
137500 320.921
137600 320.637
137700 320.671
137800 322.139
137900 322.803
138000 323.03
138100 322.99
138200 323.357
138300 324.007
138400 324.277
138500 324.209
138600 324.53
138700 325.093
138800 325.903
138900 324.976
139000 324.609
139100 324.795
139200 324.674
139300 325.758
139400 325.238
139500 326.343
139600 326.328
139700 326.777
139800 326.681
139900 327.111
140000 327.126
140100 328.086
140200 328.18
140300 327.82
140400 327.079
140500 327.561
140600 328.804
140700 329.028
140800 329.757
140900 329.331
141000 329.13
141100 329.09
141200 329.038
141300 329.819
141400 329.663
141500 330.055
141600 329.353
141700 329.748
141800 330.359
141900 331.063
142000 331.63
142100 331.634
142200 333.356
142300 333.677
142400 333.808
142500 333.339
142600 333.283
142700 333.723
142800 333.363
142900 333.943
143000 334.59
143100 335.451
143200 336.716
143300 335.893
143400 336.618
143500 336.104
143600 336.105
143700 335.288
143800 336.154
143900 336.278
144000 336.926
144100 336.673
144200 336.801
144300 337.188
144400 337.469
144500 337.362
144600 337.939
144700 338.361
144800 338.252
144900 338.557
145000 338.887
145100 338.486
145200 338.855
145300 339.048
145400 339.308
145500 339.233
145600 339.34
145700 339.497
145800 340.327
145900 340.546
146000 340.659
146100 340.315
146200 340.613
146300 341.168
146400 341.462
146500 342.03
146600 342.025
146700 342.171
146800 342.3
146900 342.595
147000 342.174
147100 342.811
147200 343.336
147300 343.929
147400 344.334
147500 343.627
147600 343.852
147700 344.493
147800 343.607
147900 343.526
148000 344.562
148100 344.152
148200 344.437
148300 344.135
148400 344.611
148500 345.55
148600 344.447
148700 345.239
148800 345.56
148900 346.454
149000 346.496
149100 346.516
149200 346.218
149300 346.541
149400 347.85
149500 348.11
149600 347.875
149700 346.971
149800 346.343
149900 347.154
150000 347.866
150100 347.347
150200 347.63
150300 348.203
150400 348.202
150500 348.608
150600 348.666
150700 348.197
150800 349.094
150900 349.31
151000 349.101
151100 349.91
151200 350.401
151300 350.822
151400 350.339
151500 352.061
151600 352.387
151700 351.464
151800 351.962
151900 352.003
152000 352.367
152100 351.65
152200 352.052
152300 352.239
152400 352.213
152500 352.128
152600 353.306
152700 352.081
152800 352.82
152900 354.843
153000 354.189
153100 354.381
153200 354.603
153300 355.085
153400 355.796
153500 355.888
153600 356.705
153700 356.592
153800 356.449
153900 356.696
154000 356.836
154100 356.491
154200 356.766
154300 357.242
154400 358.126
154500 358.174
154600 358.995
154700 358.759
154800 358.525
154900 358.368
155000 358.395
155100 359.243
155200 359.15
155300 360.33
155400 360.115
155500 360.268
155600 361.529
155700 360.515
155800 361.06
155900 360.689
156000 361.756
156100 361.12
156200 361.051
156300 361.777
156400 362.755
156500 364.298
156600 364.91
156700 364.588
156800 364.185
156900 365.221
157000 365.909
157100 365.878
157200 366.177
157300 367.046
157400 366.695
157500 368.019
157600 368.035
157700 368.32
157800 368.609
157900 367.989
158000 368.692
158100 368.996
158200 369.215
158300 369.658
158400 370.036
158500 369.473
158600 370.968
158700 370.609
158800 370.852
158900 370.462
159000 370.597
159100 371.459
159200 371.723
159300 372.141
159400 373.394
159500 372.57
159600 372.764
159700 372.187
159800 372.931
159900 371.823
160000 372.421
160100 372.861
160200 373.555
160300 373.298
160400 375.008
160500 376.321
160600 375.887
160700 376.754
160800 375.615
160900 376.83
161000 377.114
161100 378.002
161200 377.972
161300 377.739
161400 378.11
161500 378.732
161600 378.69
161700 379.67
161800 380.768
161900 380.181
162000 380.627
162100 379.918
162200 380.796
162300 380.419
162400 381.159
162500 380.898
162600 380.545
162700 381.663
162800 381.76
162900 382.511
163000 383.256
163100 383.536
163200 383.348
163300 383.418
163400 384.323
163500 384.492
163600 384.544
163700 383.932
163800 383.954
163900 384.412
164000 384.358
164100 385.232
164200 386.241
164300 386.514
164400 387.166
164500 386.733
164600 386.324
164700 386.988
164800 386.766
164900 386.249
165000 387.238
165100 387.21
165200 388.41
165300 388.158
165400 387.996
165500 387.549
165600 388.348
165700 388.479
165800 387.869
165900 388.15
166000 387.992
166100 387.606
166200 387.313
166300 387.934
166400 386.84
166500 387.661
166600 388.024
166700 389.682
166800 389.363
166900 390.171
167000 390.988
167100 390.951
167200 390.936
167300 391.436
167400 391.522
167500 392.733
167600 392.168
167700 392.459
167800 392.968
167900 392.543
168000 393.218
168100 394.608
168200 394.215
168300 394.062
168400 394.623
168500 394.066
168600 395.137
168700 395.532
168800 395.27
168900 396.432
169000 395.954
169100 395.427
169200 395.696
169300 395.657
169400 396.152
169500 396.273
169600 395.821
169700 396.471
169800 397.217
169900 397.387
170000 397.122
170100 396.557
170200 397.384
170300 397.151
170400 396.847
170500 397.654
170600 398.054
170700 397.303
170800 397.662
170900 398.194
171000 399.138
171100 399.718
171200 400.435
171300 400.084
171400 400.319
171500 399.919
171600 399.396
171700 399.679
171800 399.538
171900 400.051
172000 400.096
172100 400.402
172200 399.913
172300 400.038
172400 400.735
172500 400.627
172600 401.058
172700 400.875
172800 401.314
172900 401.6
173000 402.395
173100 402.945
173200 403.322
173300 403.205
173400 402.626
173500 403.13
173600 402.674
173700 403.55
173800 403.962
173900 405.258
174000 405.488
174100 405.494
174200 406.106
174300 405.939
174400 405.777
174500 406.155
174600 407.631
174700 407.097
174800 406.625
174900 407.581
175000 408.61
175100 408.084
175200 408.231
175300 407.928
175400 408.182
175500 408.526
175600 408.886
175700 408.556
175800 409.134
175900 409.601
176000 409.531
176100 409.754
176200 410.214
176300 409.929
176400 410.384
176500 410.734
176600 411.919
176700 412.253
176800 412.054
176900 411.459
177000 411.723
177100 412.245
177200 412.386
177300 412.28
177400 412.845
177500 413.755
177600 413.576
177700 415.016
177800 414.219
177900 414.383
178000 415.138
178100 415.299
178200 415.683
178300 414.836
178400 414.71
178500 414.433
178600 414.951
178700 416.029
178800 416.212
178900 416.906
179000 416.457
179100 415.339
179200 416.278
179300 416.691
179400 416.137
179500 416.813
179600 416.306
179700 418.174
179800 418.22
179900 417.933
180000 419.338
180100 419.682
180200 419.057
180300 418.554
180400 419.324
180500 419.557
180600 420.143
180700 420.028
180800 419.669
180900 419.612
181000 419.47
181100 420.477
181200 421.154
181300 421.202
181400 421.231
181500 420.219
181600 420.779
181700 419.881
181800 420.504
181900 420.306
182000 421.315
182100 421.315
182200 420.346
182300 420.45
182400 421.405
182500 421.19
182600 420.839
182700 421.365
182800 421.695
182900 422.389
183000 421.815
183100 422.855
183200 422.45
183300 422.687
183400 422.623
183500 422.92
183600 422.919
183700 423.953
183800 422.99
183900 423.587
184000 424.143
184100 424.487
184200 424.204
184300 425.429
184400 425.619
184500 426.557
184600 426.745
184700 426.439
184800 425.647
184900 426.342
185000 426.215
185100 426.705
185200 427.238
185300 426.588
185400 426.756
185500 426.842
185600 427.594
185700 427.83
185800 427.295
185900 426.776
186000 427.129
186100 427.128
186200 427.067
186300 426.764
186400 427.032
186500 427.441
186600 427.591
186700 428.473
186800 428.496
186900 428.786
187000 429.309
187100 429.504
187200 429.187
187300 430.208
187400 430.059
187500 429.254
187600 430.117
187700 431.571
187800 431.924
187900 432.124
188000 432.253
188100 432.159
188200 432.118
188300 431.779
188400 433.106
188500 432.294
188600 433.159
188700 433.534
188800 433.187
188900 433.372
189000 434.131
189100 434.75
189200 434.774
189300 434.369
189400 433.747
189500 435.199
189600 435.038
189700 434.077
189800 435.205
189900 435.445
190000 436.174
190100 435.653
190200 436.775
190300 437.691
190400 437.056
190500 437.391
190600 438.8
190700 439.712
190800 439.275
190900 439.098
191000 439.974
191100 441.363
191200 442.137
191300 441.718
191400 441.22
191500 442.394
191600 442.493
191700 443.312
191800 443.013
191900 443.297
192000 443.191
192100 443.176
192200 443.124
192300 443.036
192400 443.806
192500 443.122
192600 443.339
192700 444.023
192800 444.307
192900 444.544
193000 445.763
193100 445.737
193200 445.916
193300 445.458
193400 446.635
193500 446.746
193600 446.603
193700 446.593
193800 447.635
193900 447.895
194000 447.232
194100 447.212
194200 448.158
194300 447.873
194400 448.537
194500 447.149
194600 448.151
194700 448.03
194800 448.57
194900 448.178
195000 449.805
195100 449.522
195200 450.09
195300 449.978
195400 450.255
195500 451.408
195600 452.013
195700 451.697
195800 451.273
195900 452.015
196000 451.344
196100 452.345
196200 452.516
196300 452.332
196400 453.35
196500 453.81
196600 453.351
196700 454.937
196800 454.919
196900 456.187
197000 455.22
197100 455.256
197200 456.142
197300 456.948
197400 456.056
197500 457.675
197600 457.769
197700 456.937
197800 456.975
197900 457.586
198000 456.926
198100 457.388
198200 458.394
198300 458.022
198400 458.165
198500 458.741
198600 459.516
198700 459.231
198800 458.593
198900 458.916
199000 459.478
199100 459.052
199200 460.086
199300 459.719
199400 460.103
199500 460.423
199600 460.724
199700 460.901
199800 461.101
199900 461.996
200000 461.689
200100 461.411
200200 461.735
200300 462.441
200400 462.913
200500 463.82
200600 464.16
200700 462.711
200800 462.484
200900 462.243
201000 462.353
201100 463.571
201200 462.944
201300 463.772
201400 463.763
201500 463.592
201600 463.691
201700 464.179
201800 463.207
201900 463.849
202000 463.46
202100 463.317
202200 464.216
202300 464.121
202400 463.823
202500 464.135
202600 466.199
202700 466.95
202800 467.195
202900 466.608
203000 467.173
203100 468.041
203200 468.483
203300 468.065
203400 468.136
203500 468.434
203600 469.323
203700 469.856
203800 469.447
203900 469.639
204000 469.303
204100 469.264
204200 469.273
204300 470.422
204400 471.859
204500 471.679
204600 471.816
204700 472.286
204800 472.894
204900 473.291
205000 473.638
205100 473.282
205200 473.388
205300 474.132
205400 474.062
205500 475.039
205600 474.938
205700 475.368
205800 474.576
205900 474.701
206000 475.842
206100 475.526
206200 476.754
206300 477.266
206400 477.46
206500 478.28
206600 478.45
206700 478.73
206800 479.726
206900 479.636
207000 479.242
207100 481.487
207200 481.751
207300 481.236
207400 481.812
207500 481.437
207600 481.93
207700 482.412
207800 483.681
207900 483.095
208000 483.048
208100 483.429
208200 484.265
208300 484.733
208400 484.429
208500 484.987
208600 485.577
208700 485.849
208800 485.602
208900 485.275
209000 486.214
209100 485.584
209200 486.729
209300 487.196
209400 487.54
209500 487.763
209600 488.551
209700 487.983
209800 487.799
209900 487.739
210000 488.383
210100 489.347
210200 488.795
210300 488.749
210400 489.624
210500 489.352
210600 489.66
210700 490.761
210800 490.888
210900 491.08
211000 491.045
211100 491.532
211200 492.279
211300 492.272
211400 492.56
211500 492.038
211600 492.384
211700 492.293
211800 493.209
211900 493.788
212000 494.823
212100 493.279
212200 493.798
212300 494.135
212400 494.468
212500 495.467
212600 496.173
212700 495.327
212800 495.451
212900 494.886
213000 496.471
213100 496.39
213200 496.715
213300 497.253
213400 497.277
213500 496.995
213600 497.084
213700 497.569
213800 498.295
213900 499.04
214000 499.126
214100 499.438
214200 498.807
214300 500.923
214400 500.624
214500 500.89
214600 500.79
214700 499.962
214800 500.732
214900 501.163
215000 500.193
215100 500.726
215200 500.946
215300 501.323
215400 502.396
215500 501.807
215600 502.296
215700 502.726
215800 503.121
215900 504.444
216000 503.715
216100 503.886
216200 504.242
216300 503.977
216400 504.087
216500 503.529
216600 503.431
216700 503.433
216800 504.464
216900 503.504
217000 505.264
217100 504.378
217200 505.195
217300 504.369
217400 504.797
217500 504.839
217600 505.441
217700 504.375
217800 505.36
217900 505.939
218000 506.323
218100 506.611
218200 506.292
218300 506.542
218400 507.5
218500 507.328
218600 508.833
218700 507.965
218800 508.336
218900 507.898
219000 507.989
219100 508.821
219200 508.44
219300 509.94
219400 509.021
219500 508.692
219600 510.464
219700 510.694
219800 511.252
219900 511.225
220000 511.546
220100 511.371
220200 511.252
220300 510.729
220400 509.731
220500 510.87
220600 511.259
220700 510.877
220800 510.344
220900 511.866
221000 513.152
221100 511.728
221200 512.594
221300 512.14
221400 512.293
221500 513.005
221600 512.153
221700 513.02
221800 512.673
221900 511.397
222000 511.772
222100 512.266
222200 512.246
222300 513.769
222400 513.259
222500 512.7
222600 512.806
222700 514.25
222800 512.757
222900 513.273
223000 513.301
223100 514.746
223200 514.456
223300 515.043
223400 515.328
223500 516.106
223600 514.72
223700 514.862
223800 515.666
223900 516.405
224000 516.38
224100 516.712
224200 516.515
224300 517.095
224400 517.445
224500 517.763
224600 517.857
224700 519.054
224800 520.173
224900 519.923
225000 519.137
225100 520.079
225200 519.738
225300 520.613
225400 519.631
225500 521.142
225600 520.029
225700 520.646
225800 521.234
225900 521.516
226000 521.584
226100 521.805
226200 522.12
226300 522.27
226400 522.483
226500 523.026
226600 523.171
226700 523.497
226800 522.934
226900 523.689
227000 524.066
227100 524.42
227200 524.538
227300 525.03
227400 524.441
227500 525.514
227600 525.687
227700 526.811
227800 527.374
227900 527
228000 528.085
228100 527.842
228200 527.538
228300 527.634
228400 527.127
228500 527.577
228600 527.125
228700 526.619
228800 527.29
228900 526.559
229000 527.119
229100 527.092
229200 527.016
229300 529.547
229400 529.23
229500 528.171
229600 529.325
229700 529.497
229800 529.982
229900 528.92
230000 530.129
230100 530.496
230200 530.908
230300 530.649
230400 531.1
230500 531.839
230600 531.695
230700 532.391
230800 533.146
230900 533.015
231000 532.888
231100 532.978
231200 533.743
231300 533.513
231400 532.876
231500 533.266
231600 533.544
231700 533.523
231800 534.051
231900 535.746
232000 535.896
232100 534.969
232200 535.531
232300 535.768
232400 537.289
232500 537.569
232600 536.808
232700 537.154
232800 537.172
232900 539.103
233000 539.276
233100 537.874
233200 539.802
233300 539.685
233400 540.616
233500 541.158
233600 540.595
233700 540.643
233800 540.691
233900 540.752
234000 541.957
234100 541.237
234200 541.138
234300 540.778
234400 541.802
234500 542.499
234600 542.475
234700 543.185
234800 543.498
234900 543.199
235000 543.496
235100 543.146
235200 543.532
235300 542.708
235400 544.118
235500 544.188
235600 543.604
235700 544.988
235800 544.359
235900 544.616
236000 544.753
236100 544.711
236200 546.549
236300 547.238
236400 547.157
236500 547.863
236600 547.224
236700 549.161
236800 548.415
236900 547.974
237000 548.98
237100 548.705
237200 548.957
237300 548.756
237400 548.973
237500 549.073
237600 549.035
237700 548.765
237800 549.696
237900 550.403
238000 550.03
238100 549.476
238200 549.35
238300 549.376
238400 549.503
238500 550.327
238600 550.447
238700 550.145
238800 551.414
238900 549.426
239000 550.146
239100 550.937
239200 551.18
239300 551.248
239400 551.932
239500 551.549
239600 550.586
239700 551.393
239800 551.704
239900 553.327
240000 552.261
240100 553.492
240200 553.471
240300 554.19
240400 555.317
240500 555.845
240600 556.158
240700 555.728
240800 556.248
240900 557.454
241000 556.892
241100 557.678
241200 557.502
241300 557.846
241400 557.426
241500 557.883
241600 558.497
241700 558.164
241800 557.297
241900 557.063
242000 557.454
242100 557.042
242200 557.451
242300 557.672
242400 557.921
242500 557.715
242600 558.528
242700 558.717
242800 558.967
242900 558.243
243000 559.526
243100 559.554
243200 560.286
243300 560.463
243400 559.749
243500 559.257
243600 558.977
243700 559.597
243800 559.822
243900 560.141
244000 560.372
244100 561.362
244200 562.225
244300 562.546
244400 562.071
244500 563.16
244600 563.338
244700 563.164
244800 563.554
244900 563.924
245000 564.327
245100 564.627
245200 564.247
245300 565.841
245400 564.837
245500 565.693
245600 566.094
245700 567.428
245800 566.53
245900 566.319
246000 566.618
246100 566.107
246200 566.113
246300 566.655
246400 566.976
246500 566.305
246600 566.849
246700 567.579
246800 567.537
246900 567.628
247000 568.264
247100 568.305
247200 568.224
247300 568.125
247400 568.398
247500 568.523
247600 568.062
247700 569.122
247800 568.316
247900 570.077
248000 569.447
248100 569.454
248200 570.099
248300 569.635
248400 570.773
248500 571.011
248600 570.376
248700 570.152
248800 571.16
248900 571.38
249000 571.385
249100 572.356
249200 570.914
249300 571.287
249400 570.853
249500 572.692
249600 574.281
249700 574.339
249800 573.528
249900 572.709
250000 573.193
250100 574.327
250200 573.337
250300 572.641
250400 573.674
250500 574.286
250600 574.433
250700 575.017
250800 574.747
250900 575.935
251000 575.13
251100 575.218
251200 575.882
251300 575.845
251400 576.396
251500 576.6
251600 576.981
251700 578.25
251800 578.726
251900 579.719
252000 578.642
252100 579.137
252200 580.307
252300 579.741
252400 581.243
252500 580.98
252600 580.787
252700 581.443
252800 581.296
252900 581.662
253000 581.082
253100 581.6
253200 582.019
253300 581.51
253400 581.016
253500 582.537
253600 581.962
253700 582.256
253800 583.942
253900 584.266
254000 585.757
254100 586.057
254200 586.519
254300 584.65
254400 585.181
254500 586.034
254600 586.322
254700 587.01
254800 587.023
254900 586.695
255000 587.777
255100 589.183
255200 588.595
255300 587.068
255400 588.384
255500 589.022
255600 588.529
255700 589.198
255800 588.789
255900 589.028
256000 588.3
256100 589.285
256200 589.381
256300 589.401
256400 588.818
256500 589.488
256600 589.61
256700 590.027
256800 590.155
256900 590.746
257000 591.512
257100 590.647
257200 590.469
257300 591.286
257400 591.23
257500 592.255
257600 592.83
257700 593.106
257800 593.061
257900 594.059
258000 593.839
258100 593.897
258200 595.664
258300 595.63
258400 594.058
258500 595.045
258600 594.362
258700 594.549
258800 596.365
258900 595.195
259000 595.623
259100 596.349
259200 596.27
259300 597.089
259400 598.636
259500 598.504
259600 598.266
259700 598.222
259800 597.215
259900 598.52
260000 599.135
260100 598.005
260200 598.349
260300 599.138
260400 599.258
260500 600.149
260600 600.854
260700 600.312
260800 600.956
260900 601.207
261000 601.423
261100 602.773
261200 602.84
261300 601.469
261400 602.653
261500 602.055
261600 602.358
261700 602.083
261800 603.28
261900 604.386
262000 604.376
262100 605.003
262200 603.911
262300 603.05
262400 603.333
262500 602.996
262600 603.524
262700 604.6
262800 604.175
262900 605.088
263000 605.028
263100 604.829
263200 605.777
263300 606.092
263400 605.24
263500 605.881
263600 605.982
263700 606.952
263800 606.276
263900 606.509
264000 606.78
264100 606.922
264200 607.307
264300 607.907
264400 607.495
264500 607.063
264600 608.074
264700 609.055
264800 609.535
264900 608.62
265000 609.274
265100 609.932
265200 609.429
265300 609.651
265400 608.781
265500 609.184
265600 610.79
265700 609.765
265800 611.035
265900 611.11
266000 611.78
266100 611.623
266200 611.434
266300 611.249
266400 610.492
266500 611.241
266600 611.209
266700 611.893
266800 613.089
266900 613.028
267000 613.236
267100 613.53
267200 613.162
267300 614.934
267400 614.598
267500 613.631
267600 613.232
267700 613.557
267800 614.37
267900 615.378
268000 615.959
268100 615.907
268200 616.243
268300 615.941
268400 616.005
268500 616.642
268600 615.484
268700 616.01
268800 615.923
268900 617.063
269000 617.137
269100 617.816
269200 616.93
269300 616.452
269400 616.882
269500 616.072
269600 617.888
269700 617.778
269800 618.644
269900 618.818
270000 618.305
270100 619.364
270200 619.436
270300 620.461
270400 619.878
270500 621.059
270600 621.177
270700 621.76
270800 622.386
270900 622.358
271000 622.275
271100 623.23
271200 622.673
271300 621.892
271400 624.226
271500 625.708
271600 625.535
271700 625.467
271800 626.418
271900 625.585
272000 625.219
272100 626.386
272200 626.075
272300 626.369
272400 626.024
272500 625.666
272600 627.338
272700 627.24
272800 626.283
272900 626.177
273000 626.546
273100 626.162
273200 627.163
273300 628.109
273400 627.624
273500 627.24
273600 627.848
273700 626.715
273800 627.084
273900 627.746
274000 628.562
274100 627.907
274200 629.374
274300 628.925
274400 628.613
274500 627.911
274600 628.723
274700 629.715
274800 629.19
274900 629.362
275000 629.785
275100 630.301
275200 630.861
275300 632.231
275400 631.776
275500 633.567
275600 634.666
275700 634.064
275800 634.635
275900 634.743
276000 635.134
276100 634.896
276200 635.188
276300 635.839
276400 635.697
276500 634.884
276600 635.099
276700 635.732
276800 635.597
276900 635.361
277000 635.68
277100 635.603
277200 634.955
277300 635.105
277400 635.818
277500 635.239
277600 636.215
277700 636.067
277800 635.395
277900 636.939
278000 636.447
278100 634.845
278200 637.174
278300 636.963
278400 637.566
278500 636.947
278600 636.762
278700 637.373
278800 637.886
278900 637.689
279000 637.908
279100 638.096
279200 636.913
279300 637.381
279400 638.865
279500 639.002
279600 638.636
279700 639.194
279800 639.732
279900 640.726
280000 641.278
280100 641.564
280200 640.629
280300 641.812
280400 642.286
280500 642.63
280600 642.656
280700 643.12
280800 643.433
280900 642.378
281000 643.001
281100 643.951
281200 644.198
281300 644.389
281400 645.333
281500 646.501
281600 646.054
281700 645.367
281800 645.795
281900 646.162
282000 646.065
282100 646.585
282200 647.177
282300 647.634
282400 647.9
282500 648.605
282600 647.847
282700 647.841
282800 648.326
282900 647.69
283000 647.79
283100 648.415
283200 647.843
283300 647.662
283400 648.46
283500 649.447
283600 649.354
283700 650.286
283800 650.181
283900 650.445
284000 651.119
284100 649.449
284200 650.244
284300 650.88
284400 651.131
284500 651.868
284600 653.453
284700 653.101
284800 654.499
284900 653.571
285000 653.837
285100 653.148
285200 653.083
285300 654.012
285400 654.332
285500 655.134
285600 656.166
285700 655.352
285800 655.208
285900 655.791
286000 657.242
286100 657.746
286200 656.659
286300 657.33
286400 656.329
286500 656.85
286600 656.861
286700 657.189
286800 656.582
286900 658.344
287000 657.642
287100 657.873
287200 659.121
287300 657.854
287400 658.166
287500 658.606
287600 660.118
287700 659.032
287800 659.788
287900 660.284
288000 660.824
288100 661.755
288200 660.592
288300 661.544
288400 660.274
288500 661.345
288600 661.14
288700 663.12
288800 661.125
288900 660.62
289000 662.2
289100 663.317
289200 663.284
289300 662.405
289400 663.399
289500 662.784
289600 662.979
289700 662.467
289800 662.764
289900 661.439
290000 661.178
290100 662.034
290200 663.243
290300 664.05
290400 663.23
290500 664.132
290600 664.784
290700 665.675
290800 665.722
290900 666.619
291000 665.684
291100 666.035
291200 666.166
291300 667.215
291400 666.855
291500 666.783
291600 666.387
291700 667.949
291800 668.79
291900 668.394
292000 669.191
292100 669.713
292200 670.61
292300 670.311
292400 669.204
292500 669.073
292600 668.615
292700 668.769
292800 669.881
292900 669.257
293000 670.431
293100 671.415
293200 670.113
293300 669.315
293400 670.811
293500 671.563
293600 672.569
293700 672.752
293800 673.129
293900 673.566
294000 674.142
294100 675.464
294200 674.247
294300 673.573
294400 673.606
294500 673.086
294600 673.951
294700 674.144
294800 676.035
294900 674.529
295000 674.991
295100 675.943
295200 676.842
295300 676.749
295400 676.021
295500 677.072
295600 678.518
295700 678.581
295800 678.765
295900 677.201
296000 678.868
296100 678.323
296200 679.538
296300 678.334
296400 678.598
296500 678.009
296600 679.149
296700 679.137
296800 678.605
296900 679.286
297000 679.604
297100 681.859
297200 681.722
297300 681.757
297400 682.387
297500 681.017
297600 681.957
297700 683.097
297800 683.508
297900 682.505
298000 682.41
298100 682.339
298200 682.527
298300 681.898
298400 683.847
298500 684.25
298600 683.622
298700 684.682
298800 684.539
298900 685.661
299000 684.817
299100 685.566
299200 684.612
299300 684.946
299400 685.063
299500 685.62
299600 684.526
299700 685.76
299800 685.593
299900 686.363
300000 686.791
300100 686.62
300200 686.009
300300 686.711
300400 685.728
300500 685.992
300600 687.425
300700 687.6
300800 687.205
300900 686.536
301000 686.925
301100 687.265
301200 687.711
301300 686.969
301400 687.05
301500 688.002
301600 687.611
301700 687.9
301800 689.041
301900 688.131
302000 688.178
302100 688.666
302200 688.643
302300 689.574
302400 688.477
302500 688.351
302600 689.194
302700 689.376
302800 689.4
302900 690.061
303000 690.962
303100 691.615
303200 690.02
303300 690.815
303400 690.065
303500 689.278
303600 689.908
303700 689.913
303800 690.112
303900 690.537
304000 690.803
304100 691.676
304200 691.469
304300 690.848
304400 690.201
304500 689.474
304600 690.102
304700 690.944
304800 691.78
304900 692.694
305000 692.973
305100 693.259
305200 692.477
305300 692.688
305400 693.307
305500 693.613
305600 693.579
305700 693.357
305800 694.362
305900 694.722
306000 694.815
306100 695.455
306200 696.03
306300 696.222
306400 696.658
306500 697.912
306600 698.031
306700 698.232
306800 698.615
306900 698.981
307000 699.94
307100 699.457
307200 700.556
307300 702.664
307400 701.366
307500 702.131
307600 703.215
307700 701.85
307800 700.968
307900 702.731
308000 702.61
308100 703.083
308200 703.823
308300 704.158
308400 703.56
308500 705.01
308600 705.263
308700 705.409
308800 704.993
308900 704.292
309000 704.693
309100 703.84
309200 705.219
309300 704.863
309400 705.424
309500 705.316
309600 705.499
309700 706.785
309800 707.058
309900 706.693
310000 707.16
310100 707.539
310200 707.242
310300 707.46
310400 707.457
310500 707.345
310600 708.742
310700 708.342
310800 708.084
310900 709.233
311000 708.704
311100 709.244
311200 709.79
311300 710.66
311400 710.817
311500 711.455
311600 711.592
311700 710.795
311800 711.482
311900 713.571
312000 712.574
312100 712.899
312200 714.084
312300 713.782
312400 713.668
312500 713.735
312600 715.511
312700 714.349
312800 715.924
312900 715.84
313000 715.993
313100 716.159
313200 716.416
313300 715.914
313400 716.808
313500 716.504
313600 717.27
313700 717.977
313800 718.984
313900 718.027
314000 719.037
314100 717.639
314200 717.092
314300 716.436
314400 716.53
314500 717.061
314600 717.522
314700 718.275
314800 718.149
314900 717.433
315000 719.096
315100 719.153
315200 719.372
315300 719.672
315400 720.288
315500 721.279
315600 720.571
315700 720.815
315800 721.4
315900 721.883
316000 721.35
316100 720.45
316200 721.248
316300 721.059
316400 721.129
316500 720.837
316600 720.511
316700 721.198
316800 721.618
316900 722.425
317000 721.8
317100 721.888
317200 723.574
317300 722.792
317400 723.328
317500 723.324
317600 722.897
317700 723.916
317800 725.128
317900 724.879
318000 725.821
318100 725.834
318200 726.07
318300 725.476
318400 725.21
318500 726.741
318600 725.615
318700 725.044
318800 725.755
318900 725.02
319000 725.195
319100 726.158
319200 724.872
319300 725.384
319400 724.171
319500 724.728
319600 724.959
319700 726.008
319800 725.858
319900 727.557
320000 726.366
320100 725.361
320200 726.584
320300 725.767
320400 725.963
320500 725.817
320600 727.451
320700 727.664
320800 727.449
320900 726.542
321000 726.275
321100 725.767
321200 726.54
321300 727.406
321400 728.139
321500 728.379
321600 727.701
321700 728.51
321800 729.348
321900 729.737
322000 729.75
322100 729.673
322200 731.055
322300 731.552
322400 732.436
322500 731.16
322600 731.628
322700 731.414
322800 732.358
322900 731.618
323000 732.803
323100 731.363
323200 732.746
323300 732.826
323400 731.546
323500 732.522
323600 732.687
323700 731.863
323800 733.212
323900 733.484
324000 733.682
324100 732.729
324200 734.033
324300 733.594
324400 734.09
324500 734.62
324600 734.732
324700 734.364
324800 735.368
324900 736.9
325000 736.191
325100 735.985
325200 736.281
325300 737.094
325400 736.865
325500 737.976
325600 738.241
325700 738.974
325800 739.189
325900 738.896
326000 739.628
326100 740.967
326200 741.741
326300 740.852
326400 740.975
326500 741.303
326600 740.775
326700 741.072
326800 742.02
326900 741.695
327000 741.526
327100 743.463
327200 743.806
327300 744.959
327400 745.099
327500 744.894
327600 745.362
327700 745.168
327800 745.027
327900 744.451
328000 744.398
328100 743.895
328200 744.06
328300 745.702
328400 745.034
328500 745.342
328600 745.421
328700 746.496
328800 746.969
328900 746.464
329000 745.496
329100 747.778
329200 748.251
329300 748.516
329400 749.812
329500 750.29
329600 750.282
329700 750.307
329800 749.72
329900 751.199
330000 751.353
330100 750.214
330200 750.029
330300 751.654
330400 752.007
330500 753.695
330600 753.392
330700 752.135
330800 752.815
330900 753.214
331000 752.344
331100 754.068
331200 754.86
331300 755.574
331400 754.661
331500 754.026
331600 755.051
331700 754.348
331800 755.132
331900 754.489
332000 753.793
332100 754.939
332200 754.41
332300 755.227
332400 756.016
332500 755.863
332600 754.861
332700 754.523
332800 755.272
332900 755.035
333000 756.023
333100 756.16
333200 755.456
333300 756.223
333400 756.398
333500 755.729
333600 755.676
333700 756.002
333800 756.416
333900 757.063
334000 757.469
334100 755.908
334200 757.875
334300 758.032
334400 758.496
334500 758.39
334600 759.07
334700 757.918
334800 758.102
334900 757.258
335000 758.643
335100 757.668
335200 757.66
335300 760.391
335400 759.442
335500 758.521
335600 760.224
335700 760.492
335800 760.169
335900 759.432
336000 760.812
336100 760.798
336200 759.966
336300 760.772
336400 761.757
336500 762.023
336600 762.193
336700 762.869
336800 764.002
336900 761.59
337000 761.82
337100 762.467
337200 762.754
337300 763.233
337400 764.268
337500 763.676
337600 764.339
337700 766.558
337800 766.174
337900 765.57
338000 764.811
338100 765.505
338200 766
338300 765.636
338400 767.164
338500 767.019
338600 767.753
338700 767.418
338800 766.976
338900 767.509
339000 767.718
339100 768.243
339200 768.336
339300 768.177
339400 767.874
339500 767.426
339600 767.704
339700 769.214
339800 768.913
339900 768.564
340000 769.469
340100 770.396
340200 770.736
340300 769.638
340400 770.268
340500 769.246
340600 769.503
340700 770.815
340800 771.834
340900 771.22
341000 772.09
341100 770.887
341200 771.298
341300 772.172
341400 773.612
341500 772.915
341600 772.359
341700 772.042
341800 771.647
341900 773.391
342000 772.099
342100 771.82
342200 770.53
342300 770.594
342400 771.205
342500 771.79
342600 771.589
342700 771.876
342800 772.557
342900 771.404
343000 772.412
343100 772.7
343200 772.311
343300 772.404
343400 771.996
343500 772.667
343600 773.087
343700 772.963
343800 772.239
343900 773.346
344000 774.748
344100 775.394
344200 775.215
344300 776.409
344400 776.591
344500 777.018
344600 777.175
344700 775.764
344800 776.617
344900 777.043
345000 776.341
345100 776.38
345200 776.886
345300 777.089
345400 777.378
345500 778.801
345600 778.963
345700 778.823
345800 778.739
345900 778.674
346000 779.049
346100 778.97
346200 777.987
346300 778.928
346400 778.094
346500 777.807
346600 778.259
346700 777.672
346800 777.593
346900 777.754
347000 777.596
347100 777
347200 778.232
347300 778.128
347400 777.83
347500 779.216
347600 779.958
347700 778.692
347800 779.825
347900 780.06
348000 779.713
348100 779.52
348200 779.968
348300 779.888
348400 780.218
348500 781.349
348600 781.671
348700 781.95
348800 782.259
348900 783.111
349000 782.296
349100 783.374
349200 784.047
349300 785.22
349400 785.417
349500 784.865
349600 785.047
349700 784.815
349800 786.035
349900 784.665
350000 784.719
