# Time-averaged data for fix all_msd
# TimeStep c_msd1[4]
0 2.04939e-29
100 0.252534
200 0.405632
300 0.608251
400 0.799188
500 0.928837
600 1.20032
700 1.39158
800 1.62245
900 1.87164
1000 2.0514
1100 2.2317
1200 2.42383
1300 2.61178
1400 2.84296
1500 2.95224
1600 3.15805
1700 3.22336
1800 3.29879
1900 3.48641
2000 3.65121
2100 3.85448
2200 3.958
2300 4.08667
2400 4.20577
2500 4.31088
2600 4.38694
2700 4.45279
2800 4.62426
2900 4.71899
3000 4.8267
3100 4.89379
3200 5.10431
3300 5.24985
3400 5.28988
3500 5.34475
3600 5.45377
3700 5.4965
3800 5.69607
3900 5.76629
4000 5.85799
4100 5.93276
4200 6.03888
4300 6.01042
4400 6.09565
4500 6.16994
4600 6.27555
4700 6.39762
4800 6.55418
4900 6.68216
5000 6.79053
5100 6.88378
5200 6.96417
5300 7.10836
5400 7.09957
5500 7.17032
5600 7.33156
5700 7.43398
5800 7.50974
5900 7.55972
6000 7.75456
6100 7.738
6200 7.85028
6300 7.85805
6400 8.04762
6500 8.01312
6600 8.2341
6700 8.27354
6800 8.21697
6900 8.27891
7000 8.28315
7100 8.39569
7200 8.41372
7300 8.45496
7400 8.51606
7500 8.50048
7600 8.72181
7700 8.74284
7800 8.88348
7900 8.85185
8000 8.8398
8100 8.93444
8200 9.13555
8300 9.31416
8400 9.39359
8500 9.43435
8600 9.36779
8700 9.47707
8800 9.33724
8900 9.50311
9000 9.53199
9100 9.67619
9200 9.746
9300 9.85023
9400 9.79658
9500 9.97093
9600 9.96887
9700 9.99403
9800 10.0139
9900 10.16
10000 10.1383
10100 10.267
10200 10.3569
10300 10.5786
10400 10.5855
10500 10.7062
10600 10.8781
10700 10.857
10800 10.8388
10900 10.8749
11000 10.9308
11100 10.8162
11200 10.8093
11300 10.909
11400 10.9951
11500 11.1356
11600 11.0506
11700 11.1478
11800 11.1791
11900 11.3383
12000 11.3811
12100 11.2085
12200 11.3751
12300 11.4824
12400 11.4947
12500 11.6433
12600 11.6673
12700 11.6399
12800 11.7228
12900 11.9574
13000 12.0085
13100 12.0644
13200 12.2026
13300 12.2485
13400 12.5319
13500 12.4499
13600 12.5106
13700 12.5405
13800 12.5781
13900 12.6301
14000 12.6974
14100 12.6518
14200 12.7554
14300 12.7557
14400 12.7539
14500 12.9797
14600 12.9427
14700 13.0862
14800 13.0353
14900 13.2277
15000 13.3237
15100 13.6498
15200 13.4657
15300 13.4788
15400 13.4756
15500 13.4771
15600 13.5763
15700 13.7897
15800 13.8361
15900 14.0106
16000 13.995
16100 14.2199
16200 14.2931
16300 14.309
16400 14.3751
16500 14.4921
16600 14.5743
16700 14.7315
16800 14.755
16900 14.6076
17000 14.6756
17100 14.8724
17200 15.0239
17300 15.0401
17400 14.9803
17500 15.0381
17600 15.1399
17700 15.104
17800 15.3548
17900 15.4816
18000 15.4955
18100 15.6447
18200 15.6191
18300 15.787
18400 15.9185
18500 15.9757
18600 16.2638
18700 16.2976
18800 16.3442
18900 16.4308
19000 16.4585
19100 16.494
19200 16.4803
19300 16.5211
19400 16.7026
19500 16.7637
19600 16.6346
19700 16.6796
19800 16.7429
19900 16.8517
20000 16.9612
20100 16.8757
20200 16.9622
20300 16.8012
20400 16.9008
20500 16.8676
20600 16.9875
20700 17.1944
20800 17.2369
20900 17.326
21000 17.3317
21100 17.1308
21200 17.3637
21300 17.4394
21400 17.4235
21500 17.6174
21600 17.8044
21700 17.7723
21800 17.8301
21900 17.831
22000 18.0633
22100 18.0464
22200 18.2136
22300 18.2164
22400 18.1594
22500 18.1543
22600 18.1682
22700 18.3903
22800 18.5096
22900 18.5372
23000 18.6991
23100 18.8005
23200 18.72
23300 18.9268
23400 18.8305
23500 18.9364
23600 18.9783
23700 18.9086
23800 19.1511
23900 19.0614
24000 19.061
24100 19.4068
24200 19.2263
24300 19.3485
24400 19.4101
24500 19.3504
24600 19.3589
24700 19.4337
24800 19.4898
24900 19.6006
25000 19.5867
25100 19.9131
25200 19.9044
25300 19.9919
25400 19.9097
25500 20.0862
25600 20.366
25700 20.2475
25800 20.2443
25900 20.5236
26000 20.536
26100 20.5158
26200 20.6111
26300 20.8134
26400 20.8753
26500 20.8525
26600 20.9204
26700 20.9828
26800 21.0597
26900 21.0539
27000 21.0832
27100 21.2208
27200 21.1789
27300 21.4004
27400 21.2256
27500 21.4295
27600 21.2607
27700 21.4009
27800 21.4301
27900 21.5472
28000 21.5815
28100 21.7868
28200 21.824
28300 21.7352
28400 22.0396
28500 22.0337
28600 22.0719
28700 22.1978
28800 22.2214
28900 22.2321
29000 22.0646
29100 22.1224
29200 22.0915
29300 22.1831
29400 22.1982
29500 22.3613
29600 22.4942
29700 22.504
29800 22.485
29900 22.5044
30000 22.4503
30100 22.6544
30200 22.8977
30300 22.6843
30400 22.6732
30500 22.8843
30600 22.8874
30700 22.7138
30800 22.8551
30900 22.7518
31000 23.0109
31100 23.0586
31200 23.0289
31300 22.989
31400 22.9853
31500 23.0643
31600 23.0702
31700 23.2064
31800 23.0776
31900 23.2311
32000 23.3445
32100 23.3754
32200 23.5015
32300 23.5521
32400 23.6881
32500 23.6781
32600 23.8423
32700 23.8649
32800 23.9018
32900 23.6857
33000 23.8703
33100 23.8992
33200 23.9295
33300 23.9809
33400 24.1786
33500 24.2007
33600 24.2692
33700 24.351
33800 24.6719
33900 24.5771
34000 24.4813
34100 24.6025
34200 24.6657
34300 24.6877
34400 24.7083
34500 24.6982
34600 24.7505
34700 24.9378
34800 24.7112
34900 24.8531
35000 24.886
35100 24.9775
35200 25.1094
35300 24.9613
35400 25.1173
35500 25.1687
35600 24.9585
35700 25.1746
35800 25.2618
35900 25.2446
36000 25.2343
36100 25.2842
36200 25.1119
36300 25.2679
36400 25.4326
36500 25.3033
36600 25.464
36700 25.7057
36800 25.6382
36900 25.7845
37000 26.085
37100 25.9995
37200 26.228
37300 26.3429
37400 26.2794
37500 26.13
37600 26.4394
37700 26.4145
37800 26.5192
37900 26.7073
38000 26.8616
38100 26.7401
38200 26.9119
38300 27.0625
38400 26.8543
38500 26.8062
38600 26.9395
38700 27.0061
38800 27.1189
38900 27.1832
39000 27.0689
39100 27.0989
39200 27.1435
39300 27.3438
39400 27.2267
39500 27.2706
39600 27.4143
39700 27.5044
39800 27.4489
39900 27.3926
40000 27.2014
40100 27.4136
40200 27.3213
40300 27.5494
40400 27.6221
40500 27.8068
40600 27.7463
40700 28.0266
40800 28.1762
40900 28.0716
41000 28.1654
41100 28.1393
41200 28.3038
41300 28.2821
41400 28.4783
41500 28.4566
41600 28.134
41700 28.3823
41800 28.72
41900 28.7904
42000 28.8223
42100 28.9726
42200 28.9372
42300 29.066
42400 29.1174
42500 29.066
42600 29.0896
42700 29.1559
42800 29.147
42900 29.2482
43000 29.3635
43100 29.6227
43200 29.4829
43300 29.8672
43400 29.6697
43500 29.8942
43600 29.7995
43700 29.8646
43800 29.7707
43900 29.8653
44000 30.1344
44100 29.9787
44200 30.2669
44300 30.0762
44400 30.1818
44500 30.1725
44600 30.2869
44700 30.5074
44800 30.5278
44900 30.5256
45000 30.6467
45100 30.9125
45200 31.123
45300 31.2017
45400 31.2811
45500 31.1661
45600 31.0235
45700 31.1455
45800 31.0968
45900 31.1559
46000 30.9548
46100 31.1498
46200 31.1976
46300 31.2072
46400 31.2224
46500 31.2817
46600 31.3549
46700 31.4186
46800 31.2995
46900 31.3842
47000 31.3922
47100 31.5009
47200 31.3877
47300 31.3357
47400 31.5226
47500 31.7591
47600 31.9041
47700 31.9204
47800 32.0315
47900 31.9
48000 31.9555
48100 31.884
48200 31.8712
48300 32.0103
48400 31.8992
48500 31.7768
48600 31.978
48700 32.1555
48800 32.3345
48900 31.9892
49000 32.1081
49100 32.0246
49200 32.1341
49300 32.4521
49400 32.2643
49500 32.5876
49600 32.6996
49700 32.5333
49800 32.5171
49900 32.6627
50000 32.76
50100 32.9184
50200 32.9373
50300 33.0935
50400 32.862
50500 32.9352
50600 32.9633
50700 33.4544
50800 33.4622
50900 33.3473
51000 33.4561
51100 33.4053
51200 33.7367
51300 33.615
51400 33.6541
51500 33.4175
51600 33.3705
51700 33.5112
51800 33.6172
51900 33.7941
52000 33.5649
52100 33.5827
52200 33.8655
52300 33.598
52400 33.7386
52500 33.921
52600 33.8875
52700 34.0206
52800 34.0246
52900 34.1387
53000 34.1028
53100 34.2485
53200 34.2267
53300 34.3389
53400 34.2506
53500 34.4283
53600 34.5186
53700 34.5805
53800 34.4746
53900 34.6328
54000 34.7699
54100 35.1209
54200 35.0731
54300 35.099
54400 35.1236
54500 35.2045
54600 35.3695
54700 35.4422
54800 35.4648
54900 35.3339
55000 35.2422
55100 35.2428
55200 35.4347
55300 35.6946
55400 35.6596
55500 35.8464
55600 36.1978
55700 36.2938
55800 36.1877
55900 36.2698
56000 36.2188
56100 36.4662
56200 36.4074
56300 36.7247
56400 36.5468
56500 36.5101
56600 36.5104
56700 36.333
56800 36.7287
56900 36.6003
57000 36.7938
57100 36.6797
57200 36.5804
57300 36.7189
57400 36.6398
57500 36.6125
57600 36.6845
57700 36.6829
57800 36.7077
57900 36.762
58000 36.8802
58100 37.0097
58200 36.9861
58300 37.0651
58400 37.1178
58500 37.228
58600 37.4122
58700 37.3832
58800 37.3256
58900 37.4084
59000 37.437
59100 37.2785
59200 37.208
59300 37.4693
59400 37.4511
59500 37.3544
59600 37.5284
59700 37.8064
59800 37.6811
59900 37.5696
60000 37.9295
60100 37.8978
60200 37.7259
60300 38.0053
60400 38.0475
60500 38.2162
60600 38.1777
60700 38.3006
60800 38.4056
60900 38.3233
61000 38.422
61100 38.301
61200 38.5131
61300 38.6081
61400 38.5652
61500 38.495
61600 38.3297
61700 38.7314
61800 38.7103
61900 38.4435
62000 38.9883
62100 38.9599
62200 39.0085
62300 39.2517
62400 39.3267
62500 39.3395
62600 39.1648
62700 39.1399
62800 38.9294
62900 39.3835
63000 39.1903
63100 39.2738
63200 39.0656
63300 39.318
63400 39.2958
63500 39.5388
63600 39.7386
63700 39.7879
63800 39.6938
63900 39.8118
64000 39.7864
64100 39.8349
64200 39.9977
64300 40.0978
64400 39.8425
64500 39.8954
64600 40.1236
64700 40.2759
64800 40.1296
64900 40.2507
65000 40.4859
65100 40.3675
65200 40.6493
65300 40.6764
65400 40.3961
65500 40.3262
65600 40.3457
65700 40.64
65800 40.6055
65900 40.7058
66000 40.8075
66100 40.5189
66200 40.6192
66300 40.7065
66400 40.7944
66500 40.8232
66600 40.9417
66700 40.7681
66800 40.967
66900 40.9041
67000 41.2142
67100 41.1587
67200 41.2309
67300 41.2442
67400 41.3439
67500 41.2285
67600 41.2341
67700 41.2253
67800 41.455
67900 41.4779
68000 41.282
68100 41.286
68200 41.6541
68300 41.9263
68400 41.879
68500 41.8911
68600 41.4876
68700 42.0223
68800 42.1836
68900 41.9249
69000 41.9973
69100 42.2182
69200 42.1957
69300 42.1873
69400 42.1526
69500 42.1887
69600 42.2336
69700 42.4639
69800 42.4559
69900 42.5048
70000 42.4806
70100 42.4139
70200 42.9756
70300 42.9302
70400 42.9017
70500 42.9815
70600 42.9433
70700 43.0802
70800 43.181
70900 43.0407
71000 43.361
71100 43.0994
71200 43.2164
71300 42.9344
71400 43.0844
71500 42.9463
71600 43.0021
71700 43.3259
71800 43.2942
71900 43.3903
72000 43.5952
72100 43.6266
72200 43.4799
72300 43.6327
72400 43.6282
72500 43.6594
72600 43.5495
72700 44.0461
72800 43.9325
72900 43.9473
73000 44.0103
73100 44.0391
73200 44.0378
73300 44.0664
73400 43.7919
73500 43.7567
73600 44.219
73700 44.1289
73800 44.6507
73900 44.5801
74000 44.5112
74100 44.4385
74200 44.6695
74300 44.8002
74400 45.038
74500 44.8753
74600 44.7607
74700 44.8448
74800 44.9242
74900 44.8335
75000 44.863
75100 44.5621
75200 44.678
75300 44.7917
75400 44.4981
75500 44.5692
75600 44.8526
75700 45.0829
75800 44.9005
75900 44.8581
76000 44.8872
76100 44.6454
76200 44.8625
76300 44.9747
76400 45.0184
76500 44.8401
76600 45.0992
76700 45.0566
76800 45.0868
76900 45.2081
77000 45.0746
77100 45.036
77200 45.3874
77300 45.4529
77400 45.3843
77500 45.445
77600 45.6581
77700 45.4389
77800 45.6951
77900 45.6244
78000 45.5013
78100 45.6127
78200 45.5511
78300 45.7877
78400 45.7022
78500 45.6347
78600 45.8763
78700 45.6993
78800 45.9493
78900 45.8205
79000 45.6485
79100 45.9458
79200 46.0959
79300 46.3451
79400 46.3349
79500 46.4193
79600 46.7267
79700 46.4834
79800 46.4625
79900 46.6575
80000 46.8289
80100 46.631
80200 46.755
80300 46.6557
80400 46.8994
80500 47.0613
80600 47.1218
80700 47.1897
80800 46.9785
80900 47.0244
81000 47.2278
81100 47.2789
81200 47.2578
81300 47.203
81400 47.4916
81500 47.6439
81600 47.523
81700 47.6795
81800 47.5477
81900 47.7016
82000 47.9624
82100 48.0928
82200 47.7391
82300 48.0762
82400 47.8032
82500 47.8143
82600 48.01
82700 48.3308
82800 48.2093
82900 47.9805
83000 48.0899
83100 48.1273
83200 48.212
83300 48.3399
83400 48.3349
83500 48.5678
83600 48.5991
83700 48.6152
83800 48.7246
83900 48.6688
84000 49.0344
84100 48.9717
84200 49.1355
84300 49.0147
84400 48.9502
84500 49.1164
84600 49.3405
84700 49.1874
84800 49.2072
84900 49.3878
85000 49.2975
85100 49.1976
85200 49.4529
85300 49.5883
85400 49.4692
85500 49.4419
85600 49.7161
85700 49.6407
85800 49.714
85900 49.7438
86000 50.0553
86100 49.8962
86200 50.0771
86300 49.9929
86400 50.1525
86500 50.2585
86600 50.5678
86700 50.4051
86800 50.3496
86900 50.0757
87000 50.4726
87100 50.2025
87200 50.5232
87300 50.7193
87400 51.0037
87500 50.7054
87600 50.7451
87700 50.8652
87800 50.718
87900 50.675
88000 50.7707
88100 50.7512
88200 51.0323
88300 51.0495
88400 51.0772
88500 51.1412
88600 50.8627
88700 51.4413
88800 51.2268
88900 51.3176
89000 51.2599
89100 51.6175
89200 51.5892
89300 51.5406
89400 51.6694
89500 51.9127
89600 51.8203
89700 51.3573
89800 51.7768
89900 51.6895
90000 51.9314
90100 51.8688
90200 52.1392
90300 51.9446
90400 51.993
90500 52.4072
90600 52.3249
90700 52.095
90800 52.3756
90900 52.0974
91000 52.3607
91100 52.2424
91200 52.3133
91300 52.2378
91400 52.1555
91500 52.698
91600 52.4277
91700 52.5413
91800 52.7145
91900 52.7551
92000 52.5775
92100 52.7427
92200 52.9633
92300 52.7583
92400 52.9785
92500 52.714
92600 53.0343
92700 53.0778
92800 53.2089
92900 53.0677
93000 53.0376
93100 53.4191
93200 53.1929
93300 53.1843
93400 53.51
93500 53.4517
93600 53.9222
93700 53.6045
93800 53.6071
93900 53.6723
94000 53.8425
94100 53.5742
94200 53.7423
94300 53.8376
94400 54.0779
94500 53.9165
94600 53.8348
94700 53.8774
94800 53.9997
94900 53.862
95000 53.8947
95100 54.0714
95200 54.1028
95300 54.1207
95400 54.3524
95500 54.2434
95600 53.8941
95700 54.4351
95800 54.607
95900 54.9312
96000 54.6553
96100 54.5131
96200 54.4996
96300 54.6706
96400 54.646
96500 54.9105
96600 54.974
96700 54.8357
96800 54.891
96900 55.2724
97000 55.4547
97100 55.2098
97200 55.319
97300 55.3491
97400 55.7105
97500 55.6104
97600 55.822
97700 55.8325
97800 56.0025
97900 56.0106
98000 56.0672
98100 56.1646
98200 56.124
98300 56.3151
98400 56.0426
98500 56.0364
98600 56.0326
98700 56.0893
98800 56.2502
98900 56.1813
99000 56.3084
99100 56.4332
99200 56.4379
99300 56.3463
99400 56.4461
99500 56.3386
99600 56.2187
99700 56.5964
99800 56.4033
99900 56.4346
100000 56.6652
100100 56.7105
100200 56.6208
100300 56.7066
100400 56.9352
100500 56.9591
100600 56.8446
100700 57.2165
100800 57.0348
100900 57.3887
101000 57.3104
101100 57.2859
101200 57.3422
101300 57.3705
101400 57.7251
101500 57.6337
101600 57.4327
101700 57.4142
101800 57.4771
101900 57.7721
102000 57.8576
102100 57.831
102200 57.5723
102300 57.4205
102400 57.5287
102500 57.5466
102600 57.6653
102700 57.3389
102800 57.5577
102900 57.6348
103000 57.6477
103100 57.7127
103200 57.755
103300 57.8758
103400 57.7218
103500 57.8745
103600 58.1049
103700 58.2181
103800 58.3106
103900 58.379
104000 58.0286
104100 58.2176
104200 58.2807
104300 58.5068
104400 58.4594
104500 58.595
104600 58.9148
104700 58.761
104800 58.4114
104900 58.7616
105000 58.9299
105100 59.0423
105200 58.8207
105300 58.9259
105400 59.1768
105500 59.3879
105600 59.208
105700 59.1515
105800 59.0937
105900 59.2465
106000 59.664
106100 59.4055
106200 59.1405
106300 59.0812
106400 59.23
106500 59.5481
106600 59.3957
106700 59.7405
106800 59.6249
106900 59.9034
107000 60.0005
107100 60.0282
107200 60.2292
107300 60.3018
107400 60.1293
107500 60.0819
107600 60.4821
107700 60.3903
107800 60.516
107900 60.5799
108000 60.629
108100 60.945
108200 60.4554
108300 60.7583
108400 61.0341
108500 60.8753
108600 61.0711
108700 61.1859
108800 61.5913
108900 61.3685
109000 61.5141
109100 61.8788
109200 61.7601
109300 61.5674
109400 61.5275
109500 61.5592
109600 61.6686
109700 61.9198
109800 61.8694
109900 62.1557
110000 62.2752
110100 62.4508
110200 62.523
110300 62.4884
110400 62.6518
110500 62.7474
110600 62.743
110700 62.5746
110800 62.6154
110900 62.9283
111000 62.5819
111100 62.6974
111200 62.7521
111300 62.8443
111400 62.9605
111500 62.9702
111600 63.0398
111700 62.9201
111800 63.1727
111900 63.0464
112000 63.2375
112100 63.4907
112200 63.6007
112300 63.7993
112400 63.9577
112500 63.8842
112600 63.7379
112700 63.9546
112800 64.0888
112900 63.9607
113000 64.0214
113100 63.9917
113200 64.2006
113300 64.0668
113400 64.0423
113500 64.1367
113600 64.2841
113700 64.0746
113800 64.2998
113900 64.2865
114000 64.2355
114100 64.0632
114200 64.0039
114300 63.9867
114400 64.0428
114500 63.9006
114600 64.1393
114700 64.4871
114800 64.7517
114900 65.1352
115000 65.3184
115100 65.2443
115200 65.4975
115300 65.2926
115400 65.1908
115500 65.6214
115600 65.3796
115700 65.7072
115800 65.4106
115900 65.7652
116000 65.8516
116100 65.7502
116200 65.8792
116300 65.6385
116400 65.8907
116500 66.1119
116600 66.2152
116700 66.467
116800 66.2281
116900 65.9911
117000 66.0365
117100 66.3706
117200 66.1748
117300 66.1522
117400 66.1655
117500 66.1138
117600 66.4827
117700 66.2244
117800 66.3781
117900 66.4929
118000 66.3177
118100 66.2018
118200 66.2348
118300 66.1526
118400 66.4469
118500 66.5962
118600 66.8478
118700 66.8506
118800 66.6275
118900 66.734
119000 66.6809
119100 66.4317
119200 66.572
119300 66.7169
119400 66.8233
119500 66.5826
119600 66.5827
119700 66.7539
119800 67.162
119900 67.0385
120000 67.1584
120100 67.1532
120200 67.3999
120300 67.4361
120400 67.4702
120500 67.3515
120600 67.7875
120700 67.5146
120800 67.8124
120900 67.7173
121000 67.6344
121100 67.8528
121200 67.9114
121300 67.5578
121400 67.897
121500 67.7603
121600 67.9062
121700 67.8648
121800 67.6684
121900 68.2133
122000 68.2842
122100 68.3393
122200 68.1383
122300 67.9619
122400 68.4782
122500 68.5377
122600 68.3332
122700 68.6789
122800 68.8271
122900 68.6657
123000 68.5726
123100 68.7484
123200 68.8901
123300 68.4868
123400 68.6402
123500 68.3651
123600 68.3804
123700 68.8147
123800 68.9543
123900 69.1309
124000 69.1163
124100 68.8952
124200 68.9765
124300 69.071
124400 68.9726
124500 68.9787
124600 69.3948
124700 69.0297
124800 69.0977
124900 68.9152
125000 69.3754
125100 69.5481
125200 69.5095
125300 69.6629
125400 69.4669
125500 69.8493
125600 70.002
125700 70.052
125800 70.1378
125900 70.51
126000 70.5067
126100 70.7149
126200 70.5011
126300 70.2933
126400 70.487
126500 70.5392
126600 70.7226
126700 70.6422
126800 70.5938
126900 70.3504
127000 70.4512
127100 70.892
127200 71.0397
127300 70.6832
127400 71.0131
127500 71.2911
127600 71.3446
127700 71.1685
127800 71.6884
127900 71.7695
128000 71.9323
128100 71.9343
128200 71.8172
128300 72.0141
128400 71.8964
128500 71.9697
128600 72.1284
128700 72.511
128800 72.2006
128900 72.4109
129000 72.5348
129100 72.6914
129200 72.3695
129300 72.6098
129400 72.7893
129500 72.3806
129600 72.6454
129700 72.5002
129800 72.7499
129900 72.7758
130000 72.635
130100 72.6173
130200 72.5885
130300 72.6922
130400 72.3761
130500 72.8593
130600 72.6876
130700 72.7415
130800 73.0874
130900 73.0024
131000 73.0435
131100 72.9293
131200 73.1856
131300 73.1442
131400 73.3574
131500 73.6394
131600 73.7621
131700 73.4373
131800 73.5877
131900 73.4997
132000 73.476
132100 73.6359
132200 73.7757
132300 73.6075
132400 73.5008
132500 73.5367
132600 73.5898
132700 74.1197
132800 74.0303
132900 73.8981
133000 73.9048
133100 73.6913
133200 73.8776
133300 73.9596
133400 74.0809
133500 74.0907
133600 74.1688
133700 73.9721
133800 74.2613
133900 74.1336
134000 74.1247
134100 74.1632
134200 74.7284
134300 75.2346
134400 74.8838
134500 74.9056
134600 75.1545
134700 75.155
134800 75.1393
134900 75.5937
135000 75.3728
135100 75.4065
135200 75.5459
135300 75.2216
135400 75.4376
135500 75.6598
135600 75.968
135700 75.9601
135800 76.0616
135900 76.018
136000 75.9766
136100 76.1039
136200 76.4099
136300 76.1911
136400 76.122
136500 75.9024
136600 76.0484
136700 76.0748
136800 76.2575
136900 75.7568
137000 76.2438
137100 76.2783
137200 76.4936
137300 76.3769
137400 76.0653
137500 76.3401
137600 76.3886
137700 76.5253
137800 76.6336
137900 76.7875
138000 76.8796
138100 76.4643
138200 76.5817
138300 76.5575
138400 76.3824
138500 76.7903
138600 76.9544
138700 77.0858
138800 76.9729
138900 77.1919
139000 77.4837
139100 77.5307
139200 77.4959
139300 77.5478
139400 77.4097
139500 77.5343
139600 77.7068
139700 77.6065
139800 77.994
139900 78.1072
140000 78.2243
140100 78.2487
140200 78.6442
140300 78.8209
140400 78.3374
140500 78.6356
140600 78.3901
140700 78.5494
140800 78.4198
140900 78.6864
141000 79.0715
141100 79.0626
141200 78.5568
141300 79.058
141400 78.6456
141500 78.843
141600 78.8619
141700 78.9625
141800 78.9111
141900 79.1744
142000 79.252
142100 79.1125
142200 78.7415
142300 78.5653
142400 78.5904
142500 78.5208
142600 78.6576
142700 78.7823
142800 78.8165
142900 78.8709
143000 79.0845
143100 78.6127
143200 78.8402
143300 79.2494
143400 79.6786
143500 79.3286
143600 79.1493
143700 79.4552
143800 79.7232
143900 79.6481
144000 79.7673
144100 80.0255
144200 79.6488
144300 79.9073
144400 79.9528
144500 79.6272
144600 79.531
144700 80.0633
144800 79.8084
144900 80.156
145000 80.0681
145100 79.7428
145200 80.1992
145300 80.0278
145400 80.1376
145500 80.2503
145600 80.1998
145700 79.9898
145800 80.1324
145900 80.6121
146000 80.432
146100 80.2438
146200 80.1235
146300 80.2367
146400 80.2401
146500 80.5542
146600 80.3052
146700 80.3078
146800 80.4843
146900 80.667
147000 81.0203
147100 80.9038
147200 80.9816
147300 81.1544
147400 81.2165
147500 81.6413
147600 81.4518
147700 81.3405
147800 81.2893
147900 81.5778
148000 81.4487
148100 81.5551
148200 81.8276
148300 81.8519
148400 81.8577
148500 81.9814
148600 82.2022
148700 82.3709
148800 82.0519
148900 82.3064
149000 82.1789
149100 82.0824
149200 82.6651
149300 82.5551
149400 82.324
149500 83.1145
149600 82.7106
149700 82.6911
149800 82.8056
149900 82.8854
150000 82.4514
150100 82.728
150200 82.7947
150300 82.8314
150400 82.8488
150500 82.6209
150600 82.9039
150700 82.823
150800 82.7293
150900 83.2075
151000 83.0623
151100 83.3219
151200 82.8343
151300 83.1506
151400 83.0671
151500 82.8584
151600 83.0528
151700 83.5118
151800 83.3872
151900 83.7373
152000 83.554
152100 84.0452
152200 84.056
152300 84.462
152400 84.5801
152500 84.7537
152600 84.8774
152700 84.8738
152800 84.6116
152900 84.8663
153000 84.7601
153100 84.8281
153200 84.8925
153300 85.0845
153400 85.1353
153500 85.3075
153600 85.0465
153700 85.4753
153800 85.2196
153900 85.4172
154000 85.6241
154100 85.3901
154200 84.9938
154300 85.3999
154400 85.0721
154500 85.3933
154600 85.6675
154700 85.4809
154800 85.589
154900 85.6491
155000 85.6275
155100 85.8057
155200 85.7582
155300 86.2129
155400 86.0129
155500 85.7404
155600 86.2175
155700 86.3108
155800 86.4506
155900 86.2367
156000 86.3868
156100 86.4151
156200 86.784
156300 86.3562
156400 86.7808
156500 86.7731
156600 86.3912
156700 86.8697
156800 86.5314
156900 86.6234
157000 86.8274
157100 87.0464
157200 87.0885
157300 87.119
157400 87.1484
157500 86.9082
157600 87.0833
157700 87.4306
157800 87.0615
157900 87.3224
158000 87.4298
158100 87.3358
158200 87.6011
158300 87.4035
158400 87.3656
158500 87.419
158600 87.5715
158700 87.5559
158800 87.536
158900 87.3825
159000 87.8663
159100 87.8702
159200 87.8449
159300 88.0247
159400 87.6721
159500 88.0447
159600 87.8081
159700 88.1049
159800 87.9362
159900 88.097
160000 87.9833
160100 88.2693
160200 88.3382
160300 88.0783
160400 88.3484
160500 88.2928
160600 88.3963
160700 88.2882
160800 88.3765
160900 88.6748
161000 88.6893
161100 88.4877
161200 88.0237
161300 88.3815
161400 88.4722
161500 88.2752
161600 88.7043
161700 88.6345
161800 89.1173
161900 89.1758
162000 89.4384
162100 89.3102
162200 89.5071
162300 89.3195
162400 89.0517
162500 89.2631
162600 89.3017
162700 89.0305
162800 89.4985
162900 89.4647
163000 89.3229
163100 89.5159
163200 89.5272
163300 89.1956
163400 89.7248
163500 89.5669
163600 89.4487
163700 89.8396
163800 89.6609
163900 89.6887
164000 89.7392
164100 89.8588
164200 89.9046
164300 90.0428
164400 89.9642
164500 90.0684
164600 90.1976
164700 90.1834
164800 90.3939
164900 90.7204
165000 90.7012
165100 90.9196
165200 90.7767
165300 90.5353
165400 90.624
165500 90.2006
165600 90.2962
165700 90.8169
165800 90.6783
165900 90.9702
166000 90.9027
166100 90.8152
166200 90.8216
166300 90.9716
166400 91.4314
166500 91.4727
166600 91.6769
166700 91.4852
166800 91.3158
166900 91.3982
167000 91.4405
167100 91.3442
167200 91.1794
167300 91.2871
167400 91.5076
167500 91.6955
167600 91.5512
167700 91.6358
167800 91.521
167900 91.425
168000 91.681
168100 91.2585
168200 91.6735
168300 91.5919
168400 91.737
168500 92.1035
168600 92.1571
168700 92.2451
168800 92.2153
168900 92.5435
169000 92.3405
169100 92.2939
169200 92.5546
169300 92.2009
169400 92.3099
169500 92.8449
169600 92.8251
169700 93.2083
169800 92.9486
169900 92.9109
170000 92.8339
170100 92.9806
170200 92.7868
170300 92.7286
170400 92.8296
170500 93.2297
170600 93.0943
170700 93.4457
170800 93.7535
170900 93.5249
171000 93.5076
171100 93.5668
171200 94.0045
171300 93.758
171400 93.5297
171500 93.699
171600 93.8307
171700 94.0753
171800 94.0329
171900 94.1038
172000 94.0402
172100 94.3466
172200 94.3851
172300 93.8621
172400 93.9874
172500 93.8852
172600 93.9113
172700 93.4794
172800 93.7471
172900 93.7584
173000 93.4604
173100 93.734
173200 93.7711
173300 94.0811
173400 93.8393
173500 94.0483
173600 94.3427
173700 94.0497
173800 94.2258
173900 93.7699
174000 93.9457
174100 94.1304
174200 94.5301
174300 94.3628
174400 94.5039
174500 94.5978
174600 94.8195
174700 94.7552
174800 94.4501
174900 94.5427
175000 94.8603
175100 94.8769
175200 95.0757
175300 95.0555
175400 94.8958
175500 95.1846
175600 95.128
175700 95.3124
175800 95.3043
175900 95.5082
176000 95.4784
176100 95.5487
176200 95.4807
176300 95.5902
176400 95.5664
176500 95.3659
176600 95.7902
176700 96.1153
176800 96.2554
176900 96.07
177000 96.1204
177100 96.0125
177200 96.072
177300 96.1868
177400 96.214
177500 95.9072
177600 95.9244
177700 96.5279
177800 96.3707
177900 96.5739
178000 96.6704
178100 97.0771
178200 96.8051
178300 96.5917
178400 97.1642
178500 96.9971
178600 96.8604
178700 96.6922
178800 97.0915
178900 97.0561
179000 97.0092
179100 97.2234
179200 97.2203
179300 97.6669
179400 97.3788
179500 97.7075
179600 97.3049
179700 97.6134
179800 97.5183
179900 97.249
180000 97.5575
180100 97.6039
180200 97.7665
180300 97.9738
180400 98.0155
180500 98.0157
180600 98.437
180700 98.7099
180800 98.6366
180900 98.484
181000 98.4007
181100 98.3884
181200 98.5151
181300 98.6677
181400 98.8024
181500 98.728
181600 98.634
181700 98.4519
181800 98.4122
181900 98.397
182000 98.3507
182100 98.3318
182200 98.3284
182300 98.452
182400 98.6507
182500 98.4982
182600 99.0274
182700 99.0385
182800 98.7626
182900 98.828
183000 98.9732
183100 99.1936
183200 99.4148
183300 99.1575
183400 99.3076
183500 99.3082
183600 99.3929
183700 99.4076
183800 99.683
183900 99.9585
184000 99.8469
184100 100.365
184200 100.29
184300 99.6761
184400 99.9432
184500 99.6327
184600 99.6226
184700 99.7445
184800 99.8061
184900 99.8411
185000 100.302
185100 99.8455
185200 100.265
185300 100.097
185400 99.9811
185500 100.016
185600 100.009
185700 100.114
185800 100.039
185900 100.567
186000 100.168
186100 100.29
186200 100.333
186300 100.528
186400 100.541
186500 100.588
186600 100.501
186700 100.587
186800 100.629
186900 100.662
187000 100.577
187100 100.296
187200 100.85
187300 100.818
187400 100.616
187500 100.813
187600 100.945
187700 101.183
187800 101.242
187900 100.909
188000 100.773
188100 101.13
188200 101.297
188300 101.058
188400 101.119
188500 101.049
188600 101.153
188700 101.158
188800 101.095
188900 101.08
189000 100.973
189100 100.709
189200 100.863
189300 101.333
189400 101.61
189500 101.585
189600 101.81
189700 101.851
189800 101.447
189900 101.691
190000 102.125
190100 101.924
190200 102.063
190300 101.906
190400 101.943
190500 102.326
190600 102.026
190700 102.371
190800 102.691
190900 102.186
191000 102.102
191100 102.389
191200 102.701
191300 102.903
191400 102.938
191500 102.687
191600 102.976
191700 102.915
191800 102.875
191900 103.039
192000 103.409
192100 103.127
192200 103.308
192300 103.372
192400 103.331
192500 103.186
192600 102.964
192700 103.594
192800 103.08
192900 103.17
193000 103.581
193100 103.244
193200 103.557
193300 103.521
193400 103.184
193500 103.366
193600 103.875
193700 103.488
193800 103.931
193900 103.764
194000 103.987
194100 103.747
194200 103.758
194300 103.653
194400 103.536
194500 103.94
194600 103.909
194700 103.775
194800 104.192
194900 104.066
195000 103.802
195100 103.907
195200 103.721
195300 103.857
195400 103.845
195500 104.082
195600 104.226
195700 104.1
195800 104.111
195900 104.652
196000 104.589
196100 104.936
196200 104.715
196300 104.447
196400 104.82
196500 104.846
196600 105.16
196700 105.393
196800 105.555
196900 105.517
197000 105.673
197100 105.394
197200 105.561
197300 105.583
197400 105.768
197500 105.946
197600 106.174
197700 106.089
197800 105.888
197900 106.064
198000 106.336
198100 106.122
198200 106.08
198300 106.16
198400 106.279
198500 106.72
198600 106.363
198700 106.693
198800 106.6
198900 106.603
199000 106.809
199100 106.743
199200 106.741
199300 106.84
199400 106.902
199500 106.509
199600 107.104
199700 107.217
199800 106.919
199900 107.569
200000 107.56
200100 107.166
200200 107.631
200300 107.397
200400 107.349
200500 107.261
200600 107.228
200700 107.508
200800 107.476
200900 107.631
201000 107.928
201100 108.128
201200 107.743
201300 107.794
201400 107.847
201500 108.269
201600 108.336
201700 108.383
201800 108.478
201900 108.49
202000 108.18
202100 108.827
202200 108.7
202300 108.64
202400 108.78
202500 108.924
202600 108.786
202700 109.102
202800 109.104
202900 108.957
203000 109.307
203100 108.668
203200 109.017
203300 109.091
203400 109.428
203500 109.317
203600 109.549
203700 109.62
203800 109.401
203900 109.514
204000 109.655
204100 109.214
204200 109.669
204300 109.531
204400 109.694
204500 109.495
204600 109.596
204700 109.684
204800 109.948
204900 109.706
205000 109.658
205100 109.625
205200 109.313
205300 109.711
205400 109.606
205500 109.542
205600 109.573
205700 109.699
205800 109.834
205900 109.927
206000 109.735
206100 110.005
206200 109.727
206300 109.738
206400 109.842
206500 109.937
206600 110.365
206700 110.673
206800 110.358
206900 110.568
207000 110.747
207100 110.547
207200 110.888
207300 110.801
207400 111.152
207500 110.984
207600 110.603
207700 110.687
207800 110.689
207900 110.811
208000 110.776
208100 110.817
208200 110.965
208300 111.223
208400 111.408
208500 111.152
208600 110.909
208700 110.721
208800 111.455
208900 111.771
209000 111.283
209100 111.501
209200 111.276
209300 111.416
209400 111.422
209500 111.358
209600 111.099
209700 111.592
209800 111.724
209900 111.855
210000 112.018
210100 111.992
210200 111.928
210300 111.948
210400 111.751
210500 111.81
210600 111.468
210700 111.596
210800 112.203
210900 112.497
211000 112.429
211100 112.499
211200 112.924
211300 112.737
211400 113.01
211500 112.485
211600 112.398
211700 112.976
211800 112.712
211900 113.203
212000 112.98
212100 112.804
212200 113.26
212300 113.44
212400 113.385
212500 113.298
212600 113.575
212700 113.235
212800 113.183
212900 113.323
213000 113.813
213100 113.358
213200 114.027
213300 114.059
213400 114.165
213500 114.475
213600 114.596
213700 114.905
213800 114.435
213900 114.304
214000 114.532
214100 114.375
214200 114.799
214300 115.043
214400 114.992
214500 115.1
214600 114.814
214700 115.197
214800 115.223
214900 115.119
215000 115.847
215100 115.371
215200 115.193
215300 115.305
215400 115.201
215500 115.452
215600 115.322
215700 115.75
215800 115.359
215900 115.637
216000 115.649
216100 115.912
216200 116.046
216300 115.323
216400 115.308
216500 115.785
216600 115.537
216700 115.875
216800 115.756
216900 115.733
217000 116.008
217100 116.002
217200 115.561
217300 115.622
217400 115.744
217500 115.959
217600 116.042
217700 116.046
217800 115.93
217900 115.985
218000 116.095
218100 116.432
218200 116.698
218300 116.709
218400 116.584
218500 116.23
218600 116.494
218700 116.623
218800 116.511
218900 116.715
219000 116.699
219100 116.991
219200 116.781
219300 116.611
219400 116.772
219500 116.734
219600 116.944
219700 116.708
219800 116.787
219900 116.776
220000 116.536
220100 116.982
220200 116.846
220300 117.046
220400 117.384
220500 117.294
220600 117.264
220700 117.414
220800 117.365
220900 117.648
221000 117.27
221100 117.335
221200 117.324
221300 117.403
221400 117.533
221500 117.829
221600 117.904
221700 117.764
221800 117.642
221900 117.377
222000 117.71
222100 117.916
222200 117.64
222300 118.122
222400 117.918
222500 118.396
222600 118.638
222700 118.836
222800 118.987
222900 118.478
223000 118.7
223100 118.653
223200 119.08
223300 118.917
223400 118.978
223500 119.255
223600 119.466
223700 119.2
223800 119.163
223900 119.085
224000 118.639
224100 118.648
224200 118.436
224300 119.257
224400 118.851
224500 118.892
224600 118.586
224700 118.976
224800 119.085
224900 119.36
225000 119.181
225100 119.036
225200 118.991
225300 119.291
225400 119.053
225500 118.871
225600 119.307
225700 119.352
225800 119.27
225900 119.388
226000 119.133
226100 118.826
226200 118.983
226300 119.279
226400 119.446
226500 119.094
226600 119.085
226700 119.361
226800 118.926
226900 118.77
227000 118.868
227100 119.209
227200 118.893
227300 119.481
227400 119.716
227500 119.452
227600 119.863
227700 119.721
227800 119.807
227900 119.885
228000 119.564
228100 119.52
228200 119.548
228300 119.438
228400 119.219
228500 119.375
228600 119.542
228700 119.385
228800 119.346
228900 119.983
229000 120.06
229100 120.028
229200 120.426
229300 120.238
229400 120.375
229500 120.432
229600 120.169
229700 120.706
229800 120.555
229900 120.671
230000 121.218
230100 121.329
230200 121.356
230300 121.655
230400 122.003
230500 122.073
230600 121.417
230700 121.829
230800 122.291
230900 122.045
231000 122.013
231100 122.085
231200 122.157
231300 122.545
231400 122.445
231500 122.359
231600 122.607
231700 122.563
231800 122.5
231900 122.573
232000 122.124
232100 122.127
232200 122.542
232300 122.507
232400 122.372
232500 122.232
232600 122.262
232700 122.816
232800 122.706
232900 122.638
233000 122.91
233100 122.868
233200 122.649
233300 122.512
233400 123.129
233500 122.952
233600 122.984
233700 122.804
233800 123.006
233900 123.122
234000 122.698
234100 122.935
234200 123.219
234300 123.234
234400 123
234500 123.112
234600 123.057
234700 122.932
234800 123.311
234900 123.412
235000 123.063
235100 122.867
235200 123.683
235300 123.514
235400 123.949
235500 123.651
235600 123.315
235700 123.569
235800 122.849
235900 123.496
236000 123.459
236100 123.625
236200 124.145
236300 123.809
236400 124.046
236500 123.896
236600 123.956
236700 123.952
236800 123.923
236900 123.913
237000 123.492
237100 123.676
237200 123.569
237300 123.707
237400 123.838
237500 123.774
237600 123.713
237700 124.054
237800 124.272
237900 124.761
238000 124.572
238100 124.52
238200 124.676
238300 125.428
238400 124.939
238500 124.718
238600 125.112
238700 124.849
238800 125.09
238900 125.391
239000 125.469
239100 125.39
239200 125.858
239300 126.124
239400 125.736
239500 125.702
239600 125.49
239700 125.349
239800 125.322
239900 125.507
240000 126.044
240100 125.903
240200 126.325
240300 125.599
240400 126.157
240500 126.022
240600 125.744
240700 126.022
240800 126.256
240900 125.878
241000 125.791
241100 125.95
241200 126.184
241300 125.978
241400 126.269
241500 126.507
241600 126.217
241700 126.197
241800 126.194
241900 126.201
242000 125.972
242100 125.907
242200 126.086
242300 126.32
242400 126.54
242500 126.259
242600 126.749
242700 126.852
242800 126.825
242900 126.812
243000 126.357
243100 126.411
243200 126.288
243300 126.043
243400 125.953
243500 126.147
243600 125.957
243700 125.994
243800 126.293
243900 126.274
244000 126.082
244100 126.284
244200 126.478
244300 126.35
244400 126.559
244500 126.357
244600 126.326
244700 126.678
244800 127.171
244900 126.841
245000 126.983
245100 126.842
245200 126.989
245300 127.327
245400 127.47
245500 127.671
245600 127.1
245700 127.702
245800 127.376
245900 127.456
246000 127.459
246100 127.751
246200 127.747
246300 127.597
246400 127.633
246500 127.707
246600 127.672
246700 127.736
246800 127.767
246900 127.981
247000 128.191
247100 128.127
247200 128.246
247300 128.85
247400 128.522
247500 128.665
247600 128.465
247700 128.937
247800 129.18
247900 128.952
248000 128.956
248100 128.865
248200 129.058
248300 128.783
248400 128.971
248500 128.497
248600 128.791
248700 129.203
248800 129.124
248900 129.237
249000 129.105
249100 128.708
249200 129.191
249300 128.92
249400 129.244
249500 129.141
249600 129.281
249700 129.092
249800 129.428
249900 129.314
250000 129.725
250100 129.366
250200 129.687
250300 130.138
250400 129.98
250500 129.614
250600 129.834
250700 130.1
250800 130.077
250900 130.039
251000 130.011
251100 130.401
251200 130.376
251300 130.777
251400 130.706
251500 130.848
251600 131.038
251700 130.942
251800 131.201
251900 130.928
252000 131.344
252100 131.276
252200 131.186
252300 130.675
252400 131.043
252500 130.616
252600 131.221
252700 131.252
252800 131.088
252900 131.488
253000 131.477
253100 131.487
253200 131.516
253300 131.686
253400 131.569
253500 131.629
253600 131.633
253700 131.724
253800 131.98
253900 132.038
254000 131.973
254100 131.954
254200 132.233
254300 132.746
254400 132.576
254500 131.861
254600 132.333
254700 132.161
254800 132.15
254900 132.359
255000 132.351
255100 132.625
255200 132.671
255300 132.436
255400 132.788
255500 132.699
255600 133.083
255700 133.087
255800 133.037
255900 133.266
256000 132.556
256100 132.831
256200 132.769
256300 133.013
256400 132.793
256500 132.977
256600 133.123
256700 133.333
256800 133.688
256900 133.895
257000 133.638
257100 134.646
257200 134.768
257300 134.587
257400 134.369
257500 134.814
257600 134.28
257700 134.401
257800 134.604
257900 134.3
258000 134.331
258100 134.357
258200 134.692
258300 134.544
258400 134.762
258500 134.693
258600 134.968
258700 134.77
258800 134.927
258900 134.995
259000 134.546
259100 134.923
259200 134.987
259300 135.277
259400 134.891
259500 135.264
259600 134.865
259700 135.104
259800 134.912
259900 134.652
260000 134.872
260100 135.053
260200 135.06
260300 135.321
260400 135.532
260500 135.597
260600 135.573
260700 135.158
260800 135.475
260900 135.734
261000 135.786
261100 135.723
261200 135.636
261300 135.26
261400 135.532
261500 135.864
261600 135.842
261700 135.848
261800 135.885
261900 135.868
262000 136.349
262100 136.021
262200 136.29
262300 136.167
262400 135.753
262500 136.123
262600 136.225
262700 136.72
262800 136.835
262900 137.069
263000 136.709
263100 136.6
263200 137.115
263300 136.662
263400 136.59
263500 136.885
263600 136.742
263700 136.733
263800 137.014
263900 136.642
264000 136.816
264100 137.196
264200 136.64
264300 136.858
264400 136.902
264500 136.978
264600 137.076
264700 137.062
264800 136.83
264900 137.003
265000 137.544
265100 137.65
265200 137.48
265300 137.476
265400 137.785
265500 137.656
265600 137.609
265700 137.636
265800 137.438
265900 137.44
266000 137.884
266100 137.561
266200 137.61
266300 137.359
266400 137.793
266500 137.867
266600 138.196
266700 137.985
266800 137.816
266900 137.589
267000 137.93
267100 137.818
267200 137.91
267300 137.84
267400 137.642
267500 138.05
267600 137.921
267700 137.877
267800 138.198
267900 138.015
268000 137.622
268100 137.732
268200 137.942
268300 138.078
268400 137.968
268500 138.271
268600 138.614
268700 138.4
268800 138.806
268900 138.85
269000 138.931
269100 138.782
269200 138.207
269300 138.461
269400 138.262
269500 138.423
269600 138.833
269700 138.929
269800 139.167
269900 138.675
270000 138.459
270100 139.103
270200 139.197
270300 139.134
270400 139.022
270500 139.198
270600 139.146
270700 139.134
270800 139.217
270900 139.393
271000 139.702
271100 139.934
271200 139.538
271300 139.855
271400 139.641
271500 139.841
271600 139.505
271700 139.44
271800 139.198
271900 139.796
272000 139.97
272100 140.224
272200 139.871
272300 140.097
272400 139.977
272500 140.265
272600 140.07
272700 140.297
272800 140.795
272900 140.056
273000 140.346
273100 140.211
273200 140.101
273300 140.514
273400 140.571
273500 140.925
273600 140.734
273700 140.816
273800 141.078
273900 141
274000 140.599
274100 141.054
274200 140.629
274300 140.84
274400 140.578
274500 140.751
274600 141.046
274700 140.893
274800 140.38
274900 140.87
275000 140.904
275100 140.54
275200 140.748
275300 141.066
275400 141.26
275500 141.491
275600 141.539
275700 141.21
275800 141.218
275900 141.213
276000 141.45
276100 141.164
276200 141.157
276300 141.445
276400 141.08
276500 140.843
276600 141.209
276700 140.968
276800 141.35
276900 141.531
277000 141.442
277100 140.894
277200 141.247
277300 141.1
277400 141.795
277500 141.923
277600 141.472
277700 141.614
277800 142.124
277900 141.862
278000 141.894
278100 141.513
278200 142.207
278300 142.335
278400 142.269
278500 142.494
278600 141.928
278700 142.22
278800 142.095
278900 142.171
279000 141.954
279100 142.027
279200 142.278
279300 142.076
279400 142.19
279500 142.664
279600 142.826
279700 142.547
279800 142.723
279900 142.517
280000 142.539
280100 142.887
280200 142.647
280300 142.597
280400 142.854
280500 142.493
280600 143.117
280700 143.313
280800 143.214
280900 143.413
281000 143.023
281100 143.368
281200 143.063
281300 143.395
281400 143.159
281500 142.641
281600 143.237
281700 143.122
281800 143.17
281900 143.41
282000 143.516
282100 143.566
282200 143.896
282300 143.71
282400 143.437
282500 143.086
282600 143.925
282700 143.4
282800 143.361
282900 143.563
283000 144.038
283100 144.114
283200 144.418
283300 144.268
283400 144.079
283500 144.094
283600 144.358
283700 144.704
283800 144.875
283900 145.185
284000 144.794
284100 144.676
284200 144.984
284300 144.363
284400 144.631
284500 144.803
284600 144.713
284700 144.958
284800 144.941
284900 144.888
285000 145.272
285100 145.116
285200 145.049
285300 145.487
285400 145.199
285500 145.149
285600 145.368
285700 145.262
285800 145.521
285900 145.225
286000 145.428
286100 145.448
286200 144.988
286300 145.186
286400 145.105
286500 145.001
286600 145.546
286700 145.776
286800 146.031
286900 145.708
287000 146.152
287100 145.875
287200 146.046
287300 146.265
287400 145.944
287500 146.156
287600 146.304
287700 146.411
287800 145.977
287900 146.185
288000 145.88
288100 146.005
288200 146.453
288300 146.369
288400 147.018
288500 146.779
288600 146.324
288700 146.66
288800 146.639
288900 147.038
289000 147.754
289100 147.306
289200 147.036
289300 147.326
289400 147.617
289500 147.333
289600 147.157
289700 147.642
289800 147.789
289900 147.883
290000 148.012
290100 147.911
290200 148.579
290300 148.27
290400 148.634
290500 147.997
290600 148.318
290700 148.107
290800 148.322
290900 148.12
291000 148.549
291100 148.607
291200 148.137
291300 148.017
291400 148.397
291500 148.534
291600 148.635
291700 148.99
291800 148.637
291900 148.742
292000 148.995
292100 149.084
292200 149.291
292300 149.161
292400 149.382
292500 149.327
292600 148.864
292700 149.102
292800 149.109
292900 148.88
293000 148.753
293100 149.36
293200 149.233
293300 149.124
293400 149.064
293500 149.098
293600 149.283
293700 149.503
293800 149.353
293900 149.706
294000 149.867
294100 149.875
294200 149.995
294300 149.774
294400 150.506
294500 150.406
294600 149.985
294700 149.988
294800 150.226
294900 149.62
295000 149.632
295100 150.386
295200 150.395
295300 150.329
295400 150.549
295500 150.595
295600 150.764
295700 151.015
295800 151.237
295900 150.86
296000 150.636
296100 151.12
296200 150.926
296300 151.282
296400 151.467
296500 151.971
296600 151.83
296700 151.624
296800 151.837
296900 151.766
297000 151.538
297100 151.549
297200 151.945
297300 151.531
297400 152.053
297500 151.834
297600 152.102
297700 151.96
297800 151.9
297900 151.794
298000 151.675
298100 152.245
298200 151.668
298300 151.929
298400 152.117
298500 152.773
298600 152.363
298700 152.51
298800 152.77
298900 152.715
299000 152.62
299100 152.285
299200 152.216
299300 152.334
299400 152.417
299500 152.8
299600 152.713
299700 152.865
299800 153.266
299900 153.719
300000 153.079
300100 153.254
300200 153.927
300300 153.682
300400 153.924
300500 153.46
300600 153.364
300700 153.72
300800 153.94
300900 152.906
301000 153.337
301100 153.346
301200 153.35
301300 153.598
301400 153.699
301500 153.689
301600 154.207
301700 154.382
301800 154.306
301900 154.464
302000 154.142
302100 154.208
302200 154.341
302300 154.562
302400 154.504
302500 155.101
302600 155.063
302700 155.047
302800 155.581
302900 155.589
303000 155.2
303100 154.916
303200 155.483
303300 155.366
303400 155.567
303500 156.276
303600 156.036
303700 155.879
303800 156.434
303900 155.981
304000 155.542
304100 156.007
304200 155.644
304300 155.995
304400 155.702
304500 156.042
304600 156.347
304700 155.889
304800 156.15
304900 155.986
305000 155.739
305100 156.351
305200 156.472
305300 156.29
305400 156.649
305500 156.73
305600 156.76
305700 157.017
305800 157.135
305900 156.847
306000 157.312
306100 157.065
306200 157.144
306300 157.119
306400 157.075
306500 157.271
306600 157.034
306700 156.894
306800 156.977
306900 157.272
307000 157.322
307100 157.461
307200 157.316
307300 157.224
307400 157.464
307500 157.31
307600 157.562
307700 157.73
307800 158.104
307900 158.381
308000 157.709
308100 157.936
308200 157.745
308300 157.983
308400 158.429
308500 158.344
308600 157.949
308700 158.631
308800 158.28
308900 158.641
309000 158.437
309100 158.907
309200 158.738
309300 158.71
309400 159.083
309500 158.904
309600 158.637
309700 158.882
309800 159.246
309900 159.156
310000 159.18
310100 159.083
310200 159.002
310300 159.241
310400 159.202
310500 159.589
310600 159.13
310700 159.382
310800 159.404
310900 159.179
311000 159.707
311100 159.8
311200 159.679
311300 159.558
311400 159.532
311500 159.566
311600 159.593
311700 159.179
311800 160.049
311900 159.712
312000 159.977
312100 159.662
312200 159.714
312300 159.984
312400 160.467
312500 159.946
312600 160.434
312700 160.19
312800 160.475
312900 159.968
313000 160.77
313100 160.437
313200 160.729
313300 160.421
313400 160.667
313500 160.786
313600 160.832
313700 160.71
313800 160.959
313900 160.854
314000 161.044
314100 161.235
314200 161.84
314300 161.494
314400 161.449
314500 161.203
314600 161.504
314700 161.506
314800 161.541
314900 161.566
315000 161.591
315100 161.688
315200 161.758
315300 161.633
315400 161.513
315500 161.762
315600 161.71
315700 161.537
315800 161.671
315900 162.14
316000 161.928
316100 162.566
316200 162.633
316300 162.836
316400 162.718
316500 162.603
316600 162.329
316700 162.61
316800 162.956
316900 162.558
317000 162.682
317100 162.343
317200 162.576
317300 163.202
317400 163.041
317500 163.515
317600 162.965
317700 163.149
317800 162.922
317900 163.002
318000 162.968
318100 162.67
318200 162.493
318300 162.809
318400 162.931
318500 163.085
318600 162.906
318700 163.391
318800 163.723
318900 164.019
319000 163.908
319100 163.379
319200 163.501
319300 163.885
319400 163.917
319500 163.77
319600 163.281
319700 163.623
319800 163.999
319900 163.353
320000 163.67
320100 163.589
320200 164.079
320300 163.927
320400 163.783
320500 163.833
320600 164.103
320700 164.202
320800 164.075
320900 164.402
321000 164.09
321100 164.154
321200 163.82
321300 164.374
321400 164.175
321500 163.906
321600 164.028
321700 164.217
321800 164.061
321900 164.096
322000 164.82
322100 164.378
322200 164.354
322300 164.911
322400 164.773
322500 164.849
322600 165.225
322700 165.485
322800 165.315
322900 165.682
323000 165.609
323100 165.818
323200 165.568
323300 165.782
323400 165.531
323500 166.247
323600 166.239
323700 166.123
323800 166.363
323900 166.076
324000 166.098
324100 166.407
324200 165.975
324300 166.42
324400 166.506
324500 166.972
324600 166.717
324700 166.611
324800 166.217
324900 166.81
325000 166.615
325100 166.214
325200 166.158
325300 166.432
325400 166.565
325500 166.317
325600 166.309
325700 167.141
325800 166.863
325900 166.678
326000 166.812
326100 167.37
326200 167.566
326300 167.521
326400 167.623
326500 167.402
326600 167.537
326700 167.659
326800 167.378
326900 167.404
327000 167.706
327100 167.937
327200 167.752
327300 167.714
327400 167.642
327500 167.743
327600 168.133
327700 167.682
327800 168.088
327900 167.781
328000 167.936
328100 167.962
328200 168.05
328300 167.651
328400 167.3
328500 167.757
328600 168.247
328700 168.431
328800 168.322
328900 168.51
329000 168.706
329100 168.625
329200 168.503
329300 168.46
329400 168.604
329500 168.511
329600 168.467
329700 168.363
329800 168.117
329900 167.94
330000 168.2
330100 168.5
330200 168.877
330300 168.714
330400 168.761
330500 168.593
330600 168.616
330700 169.304
330800 169.441
330900 169.34
331000 169.414
331100 169.487
331200 169.955
331300 170.389
331400 170.359
331500 170.084
331600 169.927
331700 169.975
331800 170.391
331900 170.286
332000 169.688
332100 170.567
332200 170.267
332300 170.558
332400 170.28
332500 170.179
332600 170.29
332700 170.746
332800 170.219
332900 170.725
333000 170.801
333100 171.227
333200 171.469
333300 171.04
333400 171.152
333500 171.291
333600 171.368
333700 171.449
333800 171.139
333900 171.142
334000 170.734
334100 171.214
334200 170.846
334300 170.88
334400 170.655
334500 171.072
334600 170.522
334700 170.891
334800 170.795
334900 171.298
335000 171.224
335100 170.297
335200 171.17
335300 171.032
335400 171.025
335500 171.012
335600 171.253
335700 171.338
335800 171.613
335900 171.833
336000 171.861
336100 171.721
336200 171.649
336300 171.924
336400 171.656
336500 171.21
336600 171.867
336700 171.649
336800 171.361
336900 171.724
337000 171.751
337100 172.399
337200 171.798
337300 171.407
337400 171.729
337500 171.746
337600 172.163
337700 172.13
337800 172.332
337900 171.813
338000 171.62
338100 171.581
338200 172.07
338300 171.832
338400 171.709
338500 172.089
338600 171.468
338700 171.591
338800 172.183
338900 172.443
339000 172.401
339100 172.476
339200 172.144
339300 172.36
339400 172.561
339500 172.718
339600 172.731
339700 172.768
339800 173.081
339900 173.305
340000 173.67
340100 173.721
340200 173.704
340300 173.776
340400 174.097
340500 173.808
340600 173.618
340700 173.708
340800 173.346
340900 173.531
341000 173.931
341100 173.978
341200 174.214
341300 173.764
341400 173.843
341500 173.665
341600 173.68
341700 173.989
341800 174.056
341900 173.919
342000 173.701
342100 173.568
342200 173.151
342300 173.364
342400 173.409
342500 173.594
342600 173.711
342700 173.98
342800 173.901
342900 173.963
343000 173.864
343100 174.592
343200 174.015
343300 173.794
343400 174.173
343500 174.565
343600 174.634
343700 174.451
343800 174.445
343900 174.622
344000 174.83
344100 174.517
344200 174.825
344300 174.934
344400 174.993
344500 174.921
344600 174.904
344700 174.811
344800 174.881
344900 174.709
345000 175.123
345100 175.48
345200 175.531
345300 175.644
345400 175.266
345500 175.59
345600 175.648
345700 175.8
345800 176.033
345900 176.004
346000 175.893
346100 176.002
346200 176.339
346300 176.277
346400 176.494
346500 176.774
346600 176.97
346700 177.237
346800 177.181
346900 177.171
347000 176.882
347100 177.19
347200 176.562
347300 176.929
347400 176.446
347500 176.717
347600 177.143
347700 177.241
347800 177.037
347900 177.342
348000 177.519
348100 177.261
348200 177.403
348300 177.026
348400 177.117
348500 177.742
348600 177.594
348700 178.077
348800 177.584
348900 177.577
349000 177.901
349100 178.123
349200 178.097
349300 178.548
349400 178.778
349500 178.218
349600 178.562
349700 179.392
349800 178.993
349900 179.299
350000 179.192
