# Time-averaged data for fix all_msd
# TimeStep c_msd1[4]
0 2.04939e-29
100 0.19269
200 0.322363
300 0.469218
400 0.645547
500 0.793628
600 0.909495
700 1.0926
800 1.26253
900 1.45441
1000 1.56063
1100 1.72473
1200 1.76355
1300 1.90079
1400 2.04047
1500 2.1947
1600 2.28185
1700 2.42782
1800 2.52126
1900 2.64725
2000 2.71772
2100 2.81755
2200 2.8289
2300 2.88613
2400 3.01894
2500 3.15531
2600 3.26155
2700 3.33445
2800 3.37202
2900 3.41062
3000 3.57326
3100 3.63661
3200 3.68804
3300 3.72857
3400 3.76238
3500 3.9204
3600 3.93557
3700 3.98027
3800 4.08207
3900 4.13686
4000 4.15452
4100 4.37664
4200 4.32877
4300 4.42211
4400 4.43264
4500 4.62655
4600 4.73788
4700 4.83379
4800 4.87214
4900 4.94571
5000 4.97995
5100 5.00053
5200 5.00314
5300 5.00241
5400 4.99387
5500 5.08012
5600 5.1563
5700 5.23944
5800 5.23161
5900 5.36148
6000 5.33618
6100 5.51049
6200 5.39981
6300 5.48376
6400 5.63923
6500 5.64966
6600 5.69015
6700 5.61887
6800 5.84046
6900 5.84942
7000 5.83163
7100 5.8355
7200 5.91496
7300 5.98031
7400 6.01993
7500 6.05163
7600 6.10072
7700 6.10396
7800 6.03434
7900 6.08442
8000 6.19423
8100 6.1892
8200 6.29769
8300 6.37959
8400 6.39777
8500 6.37155
8600 6.55241
8700 6.5125
8800 6.59174
8900 6.59184
9000 6.65143
9100 6.67075
9200 6.61195
9300 6.56016
9400 6.6623
9500 6.82659
9600 6.89345
9700 6.93575
9800 6.9765
9900 6.99586
10000 6.93553
10100 7.05596
10200 7.17419
10300 7.17027
10400 7.13646
10500 7.3471
10600 7.25504
10700 7.30305
10800 7.33005
10900 7.28756
11000 7.23132
11100 7.40384
11200 7.38038
11300 7.39257
11400 7.49005
11500 7.51179
11600 7.60557
11700 7.65552
11800 7.67816
11900 7.62429
12000 7.68951
12100 7.69738
12200 7.7725
12300 7.72541
12400 7.7981
12500 7.86103
12600 7.9799
12700 7.89472
12800 7.98912
12900 7.97059
13000 7.89851
13100 7.91898
13200 7.962
13300 8.08677
13400 8.04784
13500 8.25258
13600 8.1657
13700 8.07986
13800 8.13525
13900 8.09018
14000 8.13189
14100 8.2162
14200 8.26118
14300 8.31845
14400 8.40816
14500 8.29259
14600 8.33167
14700 8.53905
14800 8.68265
14900 8.61197
15000 8.52804
15100 8.63569
15200 8.61553
15300 8.54336
15400 8.61162
15500 8.66538
15600 8.75897
15700 8.78326
15800 8.79817
15900 8.81761
16000 8.84751
16100 8.84399
16200 8.90406
16300 8.80842
16400 8.79579
16500 8.8685
16600 8.92609
16700 8.91755
16800 8.9989
16900 9.09091
17000 9.04592
17100 9.04906
17200 8.98435
17300 8.98884
17400 9.16202
17500 9.09535
17600 9.16274
17700 9.08707
17800 9.17473
17900 9.13669
18000 9.24059
18100 9.25135
18200 9.2855
18300 9.25142
18400 9.38049
18500 9.40933
18600 9.3139
18700 9.4493
18800 9.35309
18900 9.45967
19000 9.4542
19100 9.43505
19200 9.46035
19300 9.55118
19400 9.64116
19500 9.65956
19600 9.63687
19700 9.5549
19800 9.64557
19900 9.60171
20000 9.68682
20100 9.66859
20200 9.75768
20300 9.68488
20400 9.66959
20500 9.77861
20600 9.76393
20700 9.80089
20800 9.87331
20900 9.8491
21000 9.96322
21100 9.95683
21200 9.95041
21300 9.96593
21400 10.0772
21500 10.0696
21600 10.1865
21700 10.2516
21800 10.2005
21900 10.2876
22000 10.245
22100 10.2785
22200 10.179
22300 10.3059
22400 10.2994
22500 10.3853
22600 10.4346
22700 10.4139
22800 10.3559
22900 10.4337
23000 10.5027
23100 10.5742
23200 10.5601
23300 10.5726
23400 10.6799
23500 10.7563
23600 10.7839
23700 10.7542
23800 10.8107
23900 10.7191
24000 10.7785
24100 10.8994
24200 10.946
24300 10.8442
24400 11.0673
24500 11.1444
24600 11.1182
24700 11.1665
24800 11.0513
24900 11.1899
25000 11.0665
25100 11.1155
25200 11.2187
25300 11.3042
25400 11.3141
25500 11.3254
25600 11.3714
25700 11.3377
25800 11.4304
25900 11.4919
26000 11.4462
26100 11.4052
26200 11.5168
26300 11.5224
26400 11.4705
26500 11.4328
26600 11.6718
26700 11.7336
26800 11.7345
26900 11.7953
27000 11.7773
27100 11.7773
27200 11.8071
27300 11.8796
27400 11.8784
27500 11.9288
27600 11.9585
27700 11.9579
27800 12.0021
27900 12.0279
28000 11.9791
28100 11.9363
28200 12.0043
28300 12.0266
28400 12.1772
28500 12.0338
28600 12.2153
28700 12.1274
28800 12.1897
28900 12.13
29000 12.2376
29100 12.2214
29200 12.3058
29300 12.1885
29400 12.2196
29500 12.2365
29600 12.2905
29700 12.2015
29800 12.2562
29900 12.2224
30000 12.1533
30100 12.2619
30200 12.2625
30300 12.3423
30400 12.4683
30500 12.5244
30600 12.4445
30700 12.4503
30800 12.4285
30900 12.4819
31000 12.3744
31100 12.3464
31200 12.2923
31300 12.3816
31400 12.2958
31500 12.3932
31600 12.3027
31700 12.3259
31800 12.3042
31900 12.3424
32000 12.2567
32100 12.269
32200 12.2827
32300 12.3439
32400 12.4881
32500 12.286
32600 12.3757
32700 12.2673
32800 12.3127
32900 12.3709
33000 12.2564
33100 12.3302
33200 12.3273
33300 12.4361
33400 12.4024
33500 12.4535
33600 12.4827
33700 12.4716
33800 12.413
33900 12.5621
34000 12.5976
34100 12.5755
34200 12.5591
34300 12.6999
34400 12.6482
34500 12.6593
34600 12.567
34700 12.5563
34800 12.6629
34900 12.6972
35000 12.73
35100 12.6918
35200 12.4935
35300 12.5261
35400 12.5817
35500 12.6278
35600 12.575
35700 12.6426
35800 12.6021
35900 12.7429
36000 12.7695
36100 12.7044
36200 12.8558
36300 12.7813
36400 12.8775
36500 12.9066
36600 12.9798
36700 12.9793
36800 12.9346
36900 12.9546
37000 12.7376
37100 12.9817
37200 13.0191
37300 12.9916
37400 13.1036
37500 13.171
37600 13.1
37700 13.1301
37800 13.1226
37900 13.2488
38000 13.2214
38100 13.3352
38200 13.3745
38300 13.3736
38400 13.3614
38500 13.3013
38600 13.2935
38700 13.2763
38800 13.2332
38900 13.3464
39000 13.4721
39100 13.4059
39200 13.3558
39300 13.3953
39400 13.4093
39500 13.4014
39600 13.4765
39700 13.5573
39800 13.4723
39900 13.4664
40000 13.5187
40100 13.5222
40200 13.7001
40300 13.6795
40400 13.843
40500 13.8071
40600 13.9044
40700 14.0568
40800 14.0143
40900 14.1287
41000 13.9102
41100 13.9626
41200 13.9724
41300 13.9878
41400 13.8415
41500 13.8503
41600 13.962
41700 14.0796
41800 14.0191
41900 14.0367
42000 14.0663
42100 14.0806
42200 14.2186
42300 14.0962
42400 14.1887
42500 14.1391
42600 14.2142
42700 14.3702
42800 14.4826
42900 14.4058
43000 14.5622
43100 14.5584
43200 14.511
43300 14.4823
43400 14.5498
43500 14.5834
43600 14.4612
43700 14.596
43800 14.657
43900 14.6652
44000 14.6636
44100 14.6156
44200 14.6191
44300 14.5073
44400 14.5493
44500 14.573
44600 14.5611
44700 14.4539
44800 14.3039
44900 14.4318
45000 14.3698
45100 14.4623
45200 14.5687
45300 14.5961
45400 14.517
45500 14.5289
45600 14.6374
45700 14.6671
45800 14.6839
45900 14.7076
46000 14.6579
46100 14.8261
46200 14.8861
46300 14.9223
46400 14.693
46500 14.8254
46600 14.7676
46700 14.9072
46800 14.8677
46900 14.7743
47000 14.8988
47100 14.8615
47200 14.9204
47300 15.0083
47400 15.0335
47500 15.0302
47600 15.1299
47700 14.9846
47800 15.0126
47900 14.8634
48000 14.9891
48100 15.1097
48200 15.1097
48300 15.1898
48400 15.188
48500 15.1958
48600 15.3183
48700 15.1902
48800 15.2346
48900 15.3796
49000 15.517
49100 15.4768
49200 15.482
49300 15.2141
49400 15.3127
49500 15.3377
49600 15.361
49700 15.4266
49800 15.5013
49900 15.5048
50000 15.457
50100 15.5063
50200 15.3871
50300 15.4747
50400 15.4578
50500 15.5179
50600 15.5007
50700 15.6328
50800 15.4899
50900 15.5222
51000 15.5833
51100 15.569
51200 15.6768
51300 15.6756
51400 15.7804
51500 15.5911
51600 15.5668
51700 15.6975
51800 15.7266
51900 15.7467
52000 15.7813
52100 15.8345
52200 15.8675
52300 15.8245
52400 15.921
52500 15.9317
52600 15.9838
52700 16.021
52800 15.9951
52900 15.9081
53000 15.9176
53100 15.949
53200 16.1623
53300 16.1113
53400 16.128
53500 16.0651
53600 16.1384
53700 16.195
53800 16.2585
53900 16.0723
54000 16.1021
54100 16.1841
54200 16.2895
54300 16.2835
54400 16.3078
54500 16.2975
54600 16.4761
54700 16.4471
54800 16.5229
54900 16.3995
55000 16.5591
55100 16.416
55200 16.4107
55300 16.5432
55400 16.5135
55500 16.4854
55600 16.6779
55700 16.5409
55800 16.6852
55900 16.595
56000 16.5186
56100 16.6133
56200 16.6138
56300 16.6804
56400 16.5575
56500 16.8229
56600 16.7759
56700 16.6804
56800 16.731
56900 16.7972
57000 16.8185
57100 16.7009
57200 16.9337
57300 16.8489
57400 16.7775
57500 16.8212
57600 16.9315
57700 17.0112
57800 16.9911
57900 17.1225
58000 17.2139
58100 17.1802
58200 17.0578
58300 17.0977
58400 17.1057
58500 17.2251
58600 17.1865
58700 17.2663
58800 17.1383
58900 17.1423
59000 17.1749
59100 17.208
59200 17.1734
59300 17.2379
59400 17.4156
59500 17.3517
59600 17.4874
59700 17.6308
59800 17.5156
59900 17.377
60000 17.4591
60100 17.5367
60200 17.5576
60300 17.5499
60400 17.6154
60500 17.659
60600 17.8312
60700 17.6462
60800 17.6941
60900 17.8541
61000 17.7907
61100 17.7343
61200 17.8561
61300 17.7131
61400 17.6642
61500 17.6949
61600 17.6083
61700 17.6956
61800 17.7314
61900 17.7282
62000 17.6642
62100 17.7362
62200 17.8821
62300 17.8356
62400 17.8321
62500 17.9031
62600 18.0064
62700 17.8219
62800 18.0147
62900 18.0845
63000 18.0037
63100 17.9993
63200 18.0331
63300 17.9752
63400 17.9371
63500 18.1129
63600 18.08
63700 18.1973
63800 18.2181
63900 18.1116
64000 18.1864
64100 18.1655
64200 18.2882
64300 18.2586
64400 18.1214
64500 18.1339
64600 18.2817
64700 18.2573
64800 18.1846
64900 18.1258
65000 18.3159
65100 18.4719
65200 18.4951
65300 18.4279
65400 18.4995
65500 18.5673
65600 18.5767
65700 18.6045
65800 18.7545
65900 18.6184
66000 18.6081
66100 18.6978
66200 18.5637
66300 18.5207
66400 18.6202
66500 18.6683
66600 18.8075
66700 18.7762
66800 18.6852
66900 18.5924
67000 18.6348
67100 18.6848
67200 18.7366
67300 18.5637
67400 18.7518
67500 18.8206
67600 18.8287
67700 18.8765
67800 18.8751
67900 18.889
68000 18.7864
68100 18.8609
68200 18.9097
68300 18.8884
68400 18.777
68500 18.8034
68600 18.6967
68700 18.8755
68800 18.8172
68900 18.7616
69000 18.785
69100 18.8838
69200 18.8619
69300 18.8793
69400 18.905
69500 18.8266
69600 18.8533
69700 18.8511
69800 18.7281
69900 18.9405
70000 18.8609
70100 19.0155
70200 18.998
70300 19.0997
70400 19.0761
70500 19.0661
70600 19.0724
70700 19.0169
70800 19.263
70900 19.0798
71000 19.1937
71100 19.0408
71200 19.088
71300 19.0778
71400 19.1494
71500 19.0543
71600 19.3685
71700 19.4006
71800 19.2982
71900 19.2927
72000 19.2529
72100 19.3586
72200 19.4382
72300 19.3475
72400 19.4212
72500 19.2995
72600 19.269
72700 19.4106
72800 19.3286
72900 19.6111
73000 19.5389
73100 19.6119
73200 19.5734
73300 19.3947
73400 19.5957
73500 19.5294
73600 19.4163
73700 19.6859
73800 19.5924
73900 19.5001
74000 19.5184
74100 19.5707
74200 19.6119
74300 19.5531
74400 19.502
74500 19.593
74600 19.6427
74700 19.6146
74800 19.7295
74900 19.7292
75000 19.7345
75100 19.6989
75200 19.79
75300 19.7232
75400 19.8492
75500 19.7372
75600 19.7741
75700 19.9514
75800 19.9198
75900 19.9214
76000 19.8595
76100 19.9247
76200 19.7649
76300 19.7794
76400 19.7605
76500 19.7715
76600 19.7977
76700 19.9376
76800 19.7335
76900 19.7242
77000 19.8028
77100 19.8517
77200 19.9221
77300 19.8447
77400 19.8464
77500 19.9058
77600 19.8487
77700 19.8766
77800 19.9856
77900 19.8647
78000 19.9293
78100 19.9364
78200 19.9671
78300 20.1459
78400 20.1546
78500 20.2294
78600 20.1059
78700 20.2176
78800 20.1199
78900 20.1507
79000 20.1411
79100 20.2604
79200 20.2207
79300 20.1855
79400 20.2669
79500 20.113
79600 20.2255
79700 20.3426
79800 20.3189
79900 20.2167
80000 20.2965
80100 20.1545
80200 20.2715
80300 20.3473
80400 20.425
80500 20.1964
80600 20.2189
80700 20.3383
80800 20.2823
80900 20.3459
81000 20.4181
81100 20.4235
81200 20.312
81300 20.2868
81400 20.4524
81500 20.4213
81600 20.5404
81700 20.6102
81800 20.5561
81900 20.3849
82000 20.3834
82100 20.4386
82200 20.3678
82300 20.5005
82400 20.4802
82500 20.4864
82600 20.6968
82700 20.4055
82800 20.4768
82900 20.6108
83000 20.51
83100 20.653
83200 20.5175
83300 20.6729
83400 20.7232
83500 20.727
83600 20.7716
83700 20.6665
83800 20.7681
83900 20.7619
84000 20.9115
84100 21.0058
84200 20.9783
84300 21.0996
84400 21.1111
84500 21.2054
84600 21.0429
84700 21.1893
84800 21.1664
84900 21.2108
85000 21.2951
85100 21.2389
85200 21.3247
85300 21.3486
85400 21.2852
85500 21.4025
85600 21.3832
85700 21.1698
85800 21.1839
85900 21.4017
86000 21.428
86100 21.2733
86200 21.3345
86300 21.3961
86400 21.4602
86500 21.4905
86600 21.5767
86700 21.3961
86800 21.5175
86900 21.4795
87000 21.6407
87100 21.4448
87200 21.4032
87300 21.4278
87400 21.5282
87500 21.5504
87600 21.5984
87700 21.5857
87800 21.6165
87900 21.627
88000 21.5968
88100 21.626
88200 21.8097
88300 21.7941
88400 21.7386
88500 21.8372
88600 21.8337
88700 21.7757
88800 21.6374
88900 21.633
89000 21.6876
89100 21.6977
89200 21.7539
89300 21.9471
89400 21.9038
89500 21.9579
89600 21.8185
89700 21.782
89800 21.895
89900 22.018
90000 22.145
90100 22.0045
90200 21.9168
90300 22.064
90400 22.1418
90500 22.3016
90600 22.1349
90700 22.1168
90800 22.1081
90900 21.977
91000 22.1253
91100 22.102
91200 22.2541
91300 22.3959
91400 22.2265
91500 22.251
91600 22.3134
91700 22.2413
91800 22.4962
91900 22.3134
92000 22.4136
92100 22.3252
92200 22.3386
92300 22.3379
92400 22.438
92500 22.6184
92600 22.4461
92700 22.4464
92800 22.4747
92900 22.5006
93000 22.4739
93100 22.5328
93200 22.4448
93300 22.5736
93400 22.5152
93500 22.4687
93600 22.5761
93700 22.6495
93800 22.7058
93900 22.613
94000 22.6027
94100 22.464
94200 22.4763
94300 22.6048
94400 22.7038
94500 22.5338
94600 22.4891
94700 22.6721
94800 22.732
94900 22.7183
95000 22.561
95100 22.6018
95200 22.7424
95300 22.7135
95400 22.6212
95500 22.6585
95600 22.7293
95700 22.6959
95800 22.6522
95900 22.803
96000 22.9529
96100 23.0055
96200 23.0257
96300 23.024
96400 22.893
96500 23.0256
96600 23.2298
96700 23.0719
96800 23.1374
96900 23.1236
97000 23.1113
97100 23.1646
97200 23.2537
97300 23.2956
97400 23.1353
97500 23.1332
97600 23.3302
97700 23.311
97800 23.3144
97900 23.3455
98000 23.2037
98100 23.1389
98200 23.1667
98300 23.0658
98400 23.294
98500 23.3851
98600 23.4911
98700 23.48
98800 23.4275
98900 23.4451
99000 23.6299
99100 23.5466
99200 23.5436
99300 23.666
99400 23.6789
99500 23.7014
99600 23.7643
99700 23.5125
99800 23.5904
99900 23.7343
100000 23.592
100100 23.5511
100200 23.7796
100300 23.7132
100400 23.6778
100500 23.6368
100600 23.8277
100700 23.6952
100800 23.9712
100900 23.9258
101000 23.8898
101100 24.0298
101200 24.2294
101300 24.2403
101400 24.1721
101500 24.0501
101600 24.0436
101700 23.9041
101800 23.9
101900 24.0896
102000 24.1568
102100 24.2186
102200 24.3268
102300 24.218
102400 24.2051
102500 24.3732
102600 24.2727
102700 24.2999
102800 24.3404
102900 24.3296
103000 24.2042
103100 24.2118
103200 24.4742
103300 24.446
103400 24.5376
103500 24.5095
103600 24.5272
103700 24.4142
103800 24.3798
103900 24.316
104000 24.2859
104100 24.288
104200 24.2837
104300 24.5316
104400 24.4496
104500 24.6246
104600 24.5727
104700 24.657
104800 24.7077
104900 24.6287
105000 24.4194
105100 24.6708
105200 24.5707
105300 24.6566
105400 24.622
105500 24.6139
105600 24.5525
105700 24.5867
105800 24.7993
105900 24.5449
106000 24.4375
106100 24.445
106200 24.6636
106300 24.7684
106400 24.8209
106500 24.7001
106600 24.8026
106700 24.6186
106800 24.6714
106900 24.6647
107000 24.7518
107100 24.8539
107200 25.0321
107300 24.9126
107400 25.0628
107500 24.9355
107600 25.0124
107700 25.0025
107800 25.0647
107900 24.9996
108000 25.0122
108100 25.0866
108200 25.0097
108300 25.0213
108400 25.0649
108500 25.3042
108600 25.0872
108700 25.1132
108800 25.3258
108900 25.4215
109000 25.1968
109100 25.3736
109200 25.2808
109300 25.2226
109400 25.2452
109500 25.2484
109600 25.3633
109700 25.5314
109800 25.358
109900 25.4068
110000 25.2345
110100 25.4242
110200 25.4374
110300 25.3892
110400 25.3529
110500 25.3789
110600 25.1671
110700 25.239
110800 25.245
110900 25.2449
111000 25.3958
111100 25.4896
111200 25.5596
111300 25.4326
111400 25.5719
111500 25.6054
111600 25.5818
111700 25.7159
111800 25.6372
111900 25.7293
112000 25.7104
112100 25.7893
112200 25.6813
112300 25.7245
112400 25.718
112500 25.8168
112600 25.8136
112700 25.834
112800 25.7903
112900 25.8898
113000 25.7854
113100 25.8623
113200 25.893
113300 25.8699
113400 25.9892
113500 25.9348
113600 25.9727
113700 25.9429
113800 25.8925
113900 26.0022
114000 26.1501
114100 26.1076
114200 25.9244
114300 25.9501
114400 26.0023
114500 26.0268
114600 25.9559
114700 26.1153
114800 26.0477
114900 25.9292
115000 26.0801
115100 26.1494
115200 25.9608
115300 25.918
115400 26.0314
115500 26.0296
115600 26.2108
115700 26.2076
115800 26.2821
115900 26.3468
116000 26.1827
116100 26.1138
116200 26.2255
116300 26.3769
116400 26.3792
116500 26.3881
116600 26.3143
116700 26.4068
116800 26.4402
116900 26.2018
117000 26.3031
117100 26.4633
117200 26.4901
117300 26.3364
117400 26.251
117500 26.3024
117600 26.4834
117700 26.5138
117800 26.6087
117900 26.6555
118000 26.5278
118100 26.4793
118200 26.7224
118300 26.6574
118400 26.7041
118500 26.8067
118600 26.6904
118700 26.6315
118800 26.6766
118900 26.8344
119000 26.7221
119100 26.6692
119200 26.6462
119300 26.7163
119400 26.8131
119500 26.7862
119600 26.6855
119700 26.8142
119800 26.9369
119900 26.9771
120000 26.9703
120100 26.8761
120200 26.8285
120300 26.8505
120400 26.8598
120500 26.9776
120600 27.116
120700 27.3095
120800 27.2429
120900 27.0419
121000 26.9945
121100 27.0603
121200 27.1827
121300 27.2816
121400 27.2436
121500 27.389
121600 27.3005
121700 27.5423
121800 27.4536
121900 27.51
122000 27.5809
122100 27.5373
122200 27.592
122300 27.7515
122400 27.7288
122500 27.5147
122600 27.7219
122700 28.0228
122800 27.9226
122900 27.8612
123000 27.8444
123100 27.7274
123200 27.9014
123300 27.9037
123400 27.88
123500 27.8644
123600 27.9629
123700 27.912
123800 28.1037
123900 28.0813
124000 28.1077
124100 28.0263
124200 28.1267
124300 28.1135
124400 28.1412
124500 28.2784
124600 28.1623
124700 28.3739
124800 28.476
124900 28.3315
125000 28.191
125100 28.224
125200 28.2322
125300 28.1639
125400 28.2853
125500 28.3294
125600 28.402
125700 28.3843
125800 28.5452
125900 28.4138
126000 28.4281
126100 28.565
126200 28.4017
126300 28.5648
126400 28.687
126500 28.7861
126600 28.5836
126700 28.5875
126800 28.4945
126900 28.6329
127000 28.6273
127100 28.7085
127200 28.7185
127300 28.915
127400 28.9218
127500 29.0368
127600 29.0276
127700 28.9642
127800 28.8463
127900 29.0503
128000 28.9469
128100 29.0384
128200 29.0309
128300 29.0204
128400 29.1502
128500 29.0457
128600 29.1044
128700 28.8767
128800 28.8947
128900 29.1348
129000 29.0279
129100 28.9137
129200 29.0633
129300 28.7783
129400 28.9559
129500 29.0005
129600 29.0804
129700 29.117
129800 29.1403
129900 29.2107
130000 29.1572
130100 29.2796
130200 29.3217
130300 29.2034
130400 29.1264
130500 29.2849
130600 29.3004
130700 29.0382
130800 29.2501
130900 29.2638
131000 29.3617
131100 29.5469
131200 29.4951
131300 29.4797
131400 29.6966
131500 29.6961
131600 29.6249
131700 29.583
131800 29.4493
131900 29.4073
132000 29.2708
132100 29.5911
132200 29.6878
132300 29.6245
132400 29.6461
132500 29.5546
132600 29.7736
132700 29.7998
132800 29.7655
132900 29.7392
133000 29.8478
133100 29.7371
133200 29.6362
133300 29.7659
133400 29.597
133500 29.7042
133600 29.5607
133700 29.929
133800 29.643
133900 29.9511
134000 30.0436
134100 29.8879
134200 29.9958
134300 30.0058
134400 29.9271
134500 29.9598
134600 30.0541
134700 30.0755
134800 30.0673
134900 30.2315
135000 30.168
135100 29.9831
135200 30.0766
135300 30.0739
135400 30.1761
135500 30.0091
135600 30.1329
135700 30.2108
135800 30.0695
135900 30.2856
136000 30.2341
136100 30.2347
136200 30.2819
136300 30.4284
136400 30.2038
136500 30.3423
136600 30.3977
136700 30.5322
136800 30.3264
136900 30.5229
137000 30.6591
137100 30.4678
137200 30.4067
137300 30.4276
137400 30.3394
137500 30.3291
137600 30.4808
137700 30.6246
137800 30.5254
137900 30.5365
138000 30.618
138100 30.4799
138200 30.6337
138300 30.7368
138400 30.655
138500 30.5873
138600 30.5961
138700 30.6182
138800 30.5589
138900 30.8729
139000 30.777
139100 30.67
139200 30.5858
139300 30.5994
139400 30.7776
139500 30.6779
139600 30.563
139700 30.7879
139800 30.778
139900 31
140000 30.932
140100 30.8425
140200 30.9887
140300 30.9336
140400 30.9748
140500 31.0043
140600 30.8425
140700 31.0284
140800 30.7951
140900 31.0618
141000 31.2243
141100 31.0554
141200 30.9744
141300 31.0007
141400 31.1393
141500 31.2134
141600 31.2036
141700 31.3764
141800 31.1976
141900 31.2181
142000 31.2693
142100 31.476
142200 31.2977
142300 31.3127
142400 31.3629
142500 31.4914
142600 31.6059
142700 31.3211
142800 31.4782
142900 31.4355
143000 31.473
143100 31.5807
143200 31.5387
143300 31.4893
143400 31.6857
143500 31.5345
143600 31.567
143700 31.673
143800 31.6145
143900 31.7147
144000 31.7194
144100 31.5995
144200 31.6432
144300 31.7366
144400 31.5991
144500 31.6355
144600 31.6967
144700 31.5744
144800 31.6341
144900 31.544
145000 31.5905
145100 31.4245
145200 31.6958
145300 31.8645
145400 31.7556
145500 31.86
145600 31.8272
145700 31.6225
145800 31.7952
145900 31.7828
146000 31.6693
146100 31.5672
146200 31.6339
146300 31.814
146400 31.6714
146500 31.7763
146600 31.5509
146700 31.7628
146800 31.686
146900 31.7392
147000 31.8168
147100 31.7236
147200 31.7151
147300 31.7512
147400 31.6633
147500 31.5923
147600 31.629
147700 31.5955
147800 31.788
147900 31.7584
148000 31.6977
148100 31.5808
148200 31.6969
148300 31.9485
148400 31.6099
148500 31.7482
148600 31.6878
148700 31.8941
148800 31.7914
148900 31.9567
149000 31.8738
149100 31.9115
149200 32.0155
149300 31.9973
149400 31.7948
149500 31.8824
149600 32.1539
149700 31.9263
149800 31.8978
149900 31.8556
150000 31.8892
150100 32.0376
150200 31.8456
150300 31.7506
150400 31.6425
150500 31.6247
150600 31.847
150700 31.945
150800 31.9388
150900 31.8614
151000 31.8561
151100 32.0317
151200 32.0118
151300 31.8916
151400 32.0635
151500 32.1434
151600 31.9193
151700 32.2041
151800 32.2276
151900 32.175
152000 32.0905
152100 32.1993
152200 31.9728
152300 32.0323
152400 32.0498
152500 32.2318
152600 32.266
152700 32.2117
152800 32.1978
152900 32.2911
153000 32.1757
153100 32.2669
153200 32.3184
153300 32.1351
153400 32.2222
153500 32.2654
153600 32.1397
153700 32.275
153800 32.2215
153900 32.3057
154000 32.3604
154100 32.4139
154200 32.1857
154300 32.1602
154400 32.2896
154500 32.4593
154600 32.4467
154700 32.5224
154800 32.5527
154900 32.3913
155000 32.4648
155100 32.5024
155200 32.518
155300 32.5557
155400 32.3793
155500 32.4895
155600 32.4131
155700 32.5038
155800 32.3465
155900 32.585
156000 32.6646
156100 32.5075
156200 32.7236
156300 32.7514
156400 32.6523
156500 32.9228
156600 32.7044
156700 32.6679
156800 32.7404
156900 32.6965
157000 32.711
157100 32.8283
157200 32.8798
157300 32.945
157400 32.8538
157500 32.8103
157600 32.7798
157700 33.2344
157800 33.1009
157900 33.008
158000 33.0679
158100 33.1987
158200 32.9899
158300 33.1285
158400 33.2421
158500 33.0913
158600 32.9147
158700 33.0878
158800 33.1096
158900 33.0918
159000 33.1295
159100 33.0493
159200 33.256
159300 33.222
159400 33.1618
159500 33.4511
159600 33.26
159700 33.1287
159800 33.1454
159900 33.3589
160000 33.2624
160100 33.3766
160200 33.3764
160300 33.3142
160400 33.2404
160500 33.226
160600 33.2877
160700 33.2381
160800 33.0825
160900 33.2657
161000 33.2772
161100 33.4501
161200 33.4056
161300 33.0953
161400 33.3331
161500 33.393
161600 33.3117
161700 33.4036
161800 33.3374
161900 33.4815
162000 33.6119
162100 33.4463
162200 33.4372
162300 33.698
162400 33.7339
162500 33.6146
162600 33.9573
162700 33.5088
162800 33.8298
162900 33.5497
163000 33.7145
163100 33.7234
163200 33.5335
163300 33.5002
163400 33.532
163500 33.6348
163600 33.6681
163700 33.7131
163800 33.5404
163900 33.7355
164000 33.7991
164100 33.6052
164200 33.9185
164300 33.9734
164400 33.8401
164500 33.7165
164600 33.8669
164700 34.0003
164800 33.9615
164900 33.8678
165000 33.9183
165100 33.8349
165200 33.8343
165300 33.8782
165400 33.9603
165500 33.9784
165600 34.0428
165700 34.1698
165800 34.2508
165900 34.1641
166000 34.1982
166100 34.2539
166200 34.1539
166300 34.2775
166400 34.3152
166500 34.121
166600 34.4204
166700 34.4225
166800 34.3526
166900 34.3492
167000 34.2551
167100 34.4113
167200 34.3318
167300 34.2898
167400 34.3556
167500 34.4741
167600 34.3994
167700 34.719
167800 34.5352
167900 34.6111
168000 34.4999
168100 34.4732
168200 34.3999
168300 34.5323
168400 34.4745
168500 34.5964
168600 34.5615
168700 34.7548
168800 34.6667
168900 34.5037
169000 34.5399
169100 34.6456
169200 34.759
169300 34.882
169400 34.7477
169500 34.7737
169600 34.8358
169700 35.1167
169800 34.9113
169900 34.9255
170000 35.1568
170100 34.9858
170200 35.1104
170300 35.0332
170400 35.0528
170500 34.7881
170600 34.9804
170700 35.0728
170800 35.042
170900 35.0374
171000 34.9841
171100 34.8162
171200 34.8742
171300 35.0384
171400 34.93
171500 35.0941
171600 35.0943
171700 35.1617
171800 35.0462
171900 35.0976
172000 35.0417
172100 34.9245
172200 35.1073
172300 35.2408
172400 35.3337
172500 35.1473
172600 35.1294
172700 35.2833
172800 35.335
172900 35.2396
173000 35.0876
173100 35.0087
173200 35.0348
173300 35.4542
173400 35.2792
173500 35.331
173600 35.3647
173700 35.5286
173800 35.4523
173900 35.2251
174000 35.385
174100 35.2301
174200 35.2069
174300 35.2424
174400 35.2036
174500 35.3596
174600 35.3337
174700 35.2447
174800 35.4936
174900 35.4581
175000 35.3611
175100 35.4183
175200 35.3709
175300 35.3812
175400 35.3029
175500 35.6056
175600 35.5228
175700 35.465
175800 35.6688
175900 35.5645
176000 35.5669
176100 35.6148
176200 35.7818
176300 35.7739
176400 35.49
176500 35.631
176600 35.5133
176700 35.5338
176800 35.6425
176900 35.5984
177000 35.5233
177100 35.726
177200 35.8645
177300 35.6004
177400 35.849
177500 35.8074
177600 35.4607
177700 35.6585
177800 35.7972
177900 35.7699
178000 35.7684
178100 35.8315
178200 35.8254
178300 35.9816
178400 35.6485
178500 35.7562
178600 35.8109
178700 35.8869
178800 35.9327
178900 35.8842
179000 35.8245
179100 35.9452
179200 35.999
179300 36.072
179400 35.9837
179500 35.9513
179600 36.0596
179700 35.9712
179800 35.8163
179900 35.9316
180000 35.9326
180100 36.0574
180200 36.0906
180300 36.4089
180400 36.4548
180500 36.4607
180600 36.5112
180700 36.5266
180800 36.494
180900 36.6706
181000 36.8004
181100 36.7753
181200 36.6768
181300 36.7385
181400 36.7024
181500 36.5379
181600 36.6609
181700 36.5353
181800 36.4963
181900 36.5367
182000 36.64
182100 36.734
182200 36.6244
182300 36.6374
182400 36.6592
182500 36.6033
182600 36.3234
182700 36.5377
182800 36.4619
182900 36.5459
183000 36.6534
183100 36.8451
183200 36.7648
183300 36.5216
183400 36.7691
183500 36.7981
183600 36.7146
183700 36.8342
183800 36.6813
183900 36.9023
184000 36.6765
184100 36.6761
184200 36.8755
184300 36.535
184400 36.6036
184500 36.5869
184600 36.6817
184700 36.8017
184800 36.7365
184900 36.8227
185000 36.7396
185100 36.9955
185200 37.1019
185300 36.9065
185400 36.9992
185500 36.8269
185600 36.9574
185700 36.9417
185800 36.7837
185900 36.9469
186000 36.9869
186100 36.7988
186200 36.9228
186300 36.6498
186400 36.8601
186500 36.8597
186600 36.8353
186700 37.0863
186800 36.8851
186900 36.8677
187000 36.9337
187100 37.0181
187200 36.8322
187300 36.7511
187400 36.8695
187500 37.0058
187600 37.1545
187700 37.0423
187800 37.0254
187900 37.2853
188000 37.1083
188100 36.9146
188200 36.896
188300 36.835
188400 36.9887
188500 36.769
188600 36.7673
188700 36.9291
188800 37.1448
188900 37.1367
189000 37.0222
189100 37.0992
189200 37.1064
189300 37.0068
189400 37.0671
189500 36.8525
189600 37.0307
189700 37.1045
189800 37.0294
189900 36.927
190000 37.0989
190100 37.2652
190200 37.1746
190300 37.1991
190400 37.2289
190500 37.5303
190600 37.3138
190700 37.1944
190800 37.0159
190900 37.4926
191000 37.1964
191100 37.2935
191200 37.2334
191300 37.4557
191400 37.3464
191500 37.3057
191600 37.2973
191700 37.1555
191800 37.3135
191900 37.5207
192000 37.3198
192100 37.4727
192200 37.5192
192300 37.2847
192400 37.467
192500 37.5619
192600 37.5761
192700 37.4185
192800 37.4677
192900 37.6708
193000 37.4543
193100 37.6772
193200 37.6343
193300 37.8973
193400 37.8134
193500 37.9678
193600 37.7259
193700 37.4266
193800 37.8278
193900 37.8771
194000 37.8243
194100 37.6251
194200 37.6909
194300 37.7654
194400 37.7579
194500 37.7765
194600 37.8292
194700 37.9951
194800 37.9275
194900 37.715
195000 37.9449
195100 37.9896
195200 37.8027
195300 37.9994
195400 37.9839
195500 37.9692
195600 38.1089
195700 37.9291
195800 38.0989
195900 38.1322
196000 38.1848
196100 38.2994
196200 38.2427
196300 38.2509
196400 38.3682
196500 38.2145
196600 38.3921
196700 38.2796
196800 38.1782
196900 38.2062
197000 38.0189
197100 38.1342
197200 38.0528
197300 38.148
197400 38.1316
197500 38.1678
197600 38.4327
197700 38.21
197800 38.1751
197900 38.2191
198000 38.1084
198100 38.3067
198200 38.1805
198300 37.9906
198400 38.1432
198500 38.3296
198600 38.3587
198700 38.1984
198800 38.397
198900 38.304
199000 38.137
199100 38.2266
199200 38.5961
199300 38.619
199400 38.4894
199500 38.4525
199600 38.5062
199700 38.4826
199800 38.4068
199900 38.6466
200000 38.7335
200100 38.69
200200 38.5363
200300 38.7393
200400 38.9096
200500 38.839
200600 38.7357
200700 38.693
200800 38.9183
200900 38.9701
201000 38.9656
201100 38.9221
201200 38.908
201300 38.8611
201400 38.798
201500 38.8781
201600 39.1823
201700 38.852
201800 39.0301
201900 38.9612
202000 39.1207
202100 39.1002
202200 39.2829
202300 39.1482
202400 39.0544
202500 39.1358
202600 39.0954
202700 39.2303
202800 39.0891
202900 39.1876
203000 39.2169
203100 39.2174
203200 39.2201
203300 39.461
203400 39.4437
203500 39.3976
203600 39.3632
203700 39.5132
203800 39.5569
203900 39.4832
204000 39.3995
204100 39.5772
204200 39.4179
204300 39.4982
204400 39.6195
204500 39.5937
204600 39.6469
204700 39.4373
204800 39.4718
204900 39.529
205000 39.6748
205100 39.7959
205200 39.6339
205300 39.6014
205400 39.7311
205500 39.7827
205600 39.9529
205700 39.765
205800 39.901
205900 39.8732
206000 39.659
206100 39.7985
206200 40.0333
206300 39.82
206400 40.0027
206500 39.7074
206600 39.8724
206700 39.6328
206800 39.7744
206900 39.714
207000 39.8226
207100 39.9477
207200 39.7707
207300 39.7135
207400 39.7979
207500 39.9855
207600 39.8893
207700 39.8393
207800 40.0105
207900 39.978
208000 39.9351
208100 40.0556
208200 40.0829
208300 40.1265
208400 40.136
208500 40.1744
208600 40.1688
208700 40.1432
208800 40.0807
208900 40.1466
209000 39.9973
209100 39.9721
209200 39.9192
209300 40.093
209400 40.1621
209500 40.3205
209600 40.3887
209700 40.3991
209800 40.3539
209900 40.3188
210000 40.3794
210100 40.2833
210200 40.3986
210300 40.4895
210400 40.4571
210500 40.428
210600 40.3687
210700 40.5077
210800 40.5157
210900 40.4299
211000 40.5298
211100 40.6515
211200 40.6738
211300 40.7592
211400 40.5896
211500 40.6316
211600 40.7521
211700 40.4436
211800 40.8421
211900 40.6201
212000 40.6497
212100 40.6828
212200 40.7726
212300 40.5057
212400 40.7964
212500 41.0044
212600 40.6967
212700 40.8383
212800 40.8007
212900 40.7275
213000 40.6515
213100 40.6359
213200 40.7219
213300 40.9173
213400 40.8773
213500 40.7138
213600 40.7699
213700 40.8579
213800 40.692
213900 40.7745
214000 40.7187
214100 40.8267
214200 40.8893
214300 40.9242
214400 40.8909
214500 40.9922
214600 41.0572
214700 41.08
214800 41.0406
214900 40.9594
215000 40.7004
215100 41.0509
215200 40.8538
215300 41.1349
215400 40.9344
215500 41.0588
215600 41.3424
215700 41.2408
215800 41.3805
215900 41.289
216000 40.9499
216100 41.1254
216200 41.14
216300 41.2754
216400 41.1502
216500 41.2742
216600 41.2464
216700 41.4232
216800 41.5551
216900 41.5092
217000 41.566
217100 41.4792
217200 41.4391
217300 41.3383
217400 41.6031
217500 41.5099
217600 41.8591
217700 41.7691
217800 41.7178
217900 41.6932
218000 41.6029
218100 41.8412
218200 41.9274
218300 41.9327
218400 42.0389
218500 41.7567
218600 41.9662
218700 41.8033
218800 41.8796
218900 41.974
219000 41.9843
219100 41.9677
219200 42.2177
219300 41.9924
219400 41.9826
219500 41.8772
219600 42.0933
219700 42.0904
219800 42.1689
219900 42.2252
220000 42.2093
220100 42.1446
220200 42.4167
220300 42.381
220400 42.4069
220500 42.7693
220600 42.7227
220700 42.7182
220800 42.7054
220900 42.5993
221000 42.5106
221100 42.4317
221200 42.6281
221300 42.7021
221400 42.6014
221500 42.7052
221600 42.6449
221700 42.6879
221800 42.852
221900 42.65
222000 42.8784
222100 42.568
222200 42.7419
222300 42.5985
222400 42.52
222500 42.8015
222600 42.8296
222700 42.7225
222800 42.7471
222900 43.0018
223000 42.8046
223100 42.8058
223200 42.9242
223300 42.714
223400 43.1613
223500 43.0347
223600 42.6081
223700 42.8646
223800 42.6854
223900 43.0093
224000 42.9053
224100 42.8993
224200 42.8226
224300 42.8207
224400 42.7472
224500 42.9936
224600 42.6844
224700 42.8998
224800 42.9097
224900 43.1236
225000 43.0248
225100 42.8732
225200 43.1266
225300 42.9422
225400 43.0171
225500 43.1389
225600 43.0025
225700 42.8419
225800 43.1911
225900 43.2308
226000 43.2195
226100 43.1774
226200 43.1078
226300 43.1056
226400 43.1844
226500 43.0703
226600 43.2323
226700 43.3878
226800 43.3485
226900 43.581
227000 43.4415
227100 43.4867
227200 43.5934
227300 43.6662
227400 43.4626
227500 43.4309
227600 43.3942
227700 43.3378
227800 43.3276
227900 43.5287
228000 43.5724
228100 43.4154
228200 43.5023
228300 43.4612
228400 43.5197
228500 43.5738
228600 43.5806
228700 43.5421
228800 43.6727
228900 43.6189
229000 43.656
229100 43.8102
229200 43.9999
229300 43.6404
229400 43.7476
229500 43.9154
229600 43.9067
229700 43.9984
229800 44.0675
229900 43.9873
230000 43.9202
230100 44.0512
230200 44.0565
230300 43.8915
230400 43.8865
230500 44.0945
230600 44.0573
230700 43.9408
230800 44.1787
230900 44.0357
231000 44.0619
231100 44.0491
231200 44.1271
231300 44.2253
231400 44.3098
231500 44.2174
231600 43.9588
231700 44.0215
231800 44.0426
231900 43.9862
232000 44.1644
232100 44.0577
232200 44.1793
232300 44.2169
232400 44.4235
232500 44.2909
232600 44.341
232700 44.3062
232800 44.3779
232900 44.4916
233000 44.2896
233100 44.2579
233200 44.2949
233300 44.3484
233400 44.2565
233500 44.2065
233600 44.3501
233700 44.5625
233800 44.6124
233900 44.4714
234000 44.5873
234100 44.4753
234200 44.6401
234300 44.7588
234400 44.7013
234500 44.7583
234600 44.9143
234700 44.6947
234800 44.67
234900 44.7618
235000 44.7603
235100 44.951
235200 44.9247
235300 44.7998
235400 44.6781
235500 44.6918
235600 44.6751
235700 44.759
235800 44.8371
235900 44.8572
236000 44.6409
236100 44.6412
236200 44.5248
236300 44.7121
236400 44.789
236500 44.9121
236600 44.8495
236700 44.8861
236800 44.9558
236900 44.8276
237000 45.0198
237100 44.9451
237200 45.0636
237300 45.0435
237400 45.1429
237500 45.0317
237600 45.2982
237700 44.9826
237800 44.9483
237900 45.0812
238000 45.2016
238100 45.1933
238200 45.1163
238300 45.2133
238400 45.2941
238500 45.3381
238600 45.3656
238700 45.3615
238800 45.3518
238900 45.4749
239000 45.6899
239100 45.3765
239200 45.5494
239300 45.2671
239400 45.4979
239500 45.6521
239600 45.6327
239700 45.8737
239800 45.3422
239900 45.5737
240000 45.8736
240100 45.6549
240200 45.5142
240300 45.3821
240400 45.716
240500 45.7058
240600 45.4995
240700 45.5591
240800 45.3545
240900 45.5499
241000 45.6083
241100 45.5495
241200 45.6675
241300 45.6794
241400 45.7735
241500 45.4539
241600 45.6139
241700 45.5961
241800 45.6459
241900 45.7494
242000 45.6055
242100 45.6317
242200 45.6823
242300 45.8915
242400 45.7637
242500 45.7165
242600 45.6502
242700 45.6237
242800 45.6508
242900 45.5454
243000 45.5308
243100 45.4867
243200 45.6871
243300 45.65
243400 45.7663
243500 45.7235
243600 45.6369
243700 45.8411
243800 45.9279
243900 45.9465
244000 45.9769
244100 45.817
244200 45.7862
244300 45.999
244400 45.7112
244500 45.803
244600 45.8477
244700 45.763
244800 46.0193
244900 45.9975
245000 45.7272
245100 45.5782
245200 45.7972
245300 45.7536
245400 45.9831
245500 45.9419
245600 46.0193
245700 46.0703
245800 46.01
245900 45.9561
246000 45.7445
246100 45.6325
246200 45.8824
246300 45.8486
246400 45.8888
246500 46.0092
246600 45.9378
246700 45.854
246800 45.8077
246900 45.9584
247000 45.9016
247100 46.0249
247200 45.9473
247300 45.9488
247400 45.935
247500 45.9415
247600 46.1127
247700 46.0809
247800 45.9742
247900 45.7958
248000 45.8361
248100 46.0116
248200 45.8415
248300 45.9001
248400 46.0267
248500 45.9675
248600 45.966
248700 46.1609
248800 45.9619
248900 46.0258
249000 45.9728
249100 46.1351
249200 46.0503
249300 46.0359
249400 46.0964
249500 45.9015
249600 45.951
249700 46.0287
249800 46.2226
249900 46.2423
250000 46.1561
250100 46.311
250200 46.0679
250300 46.1005
250400 45.994
250500 46.0491
250600 45.9427
250700 46.1706
250800 46.1753
250900 46.2308
251000 46.172
251100 46.2273
251200 46.3486
251300 46.2924
251400 46.3521
251500 46.4009
251600 46.4938
251700 46.592
251800 46.282
251900 46.3096
252000 46.4636
252100 46.4645
252200 46.6604
252300 46.4923
252400 46.4013
252500 46.4703
252600 46.6168
252700 46.6284
252800 46.415
252900 46.3679
253000 46.6387
253100 46.5385
253200 46.5167
253300 46.5497
253400 46.6763
253500 46.4998
253600 46.409
253700 46.555
253800 46.4722
253900 46.4997
254000 46.4514
254100 46.4149
254200 46.321
254300 46.7563
254400 46.7771
254500 46.5409
254600 46.4512
254700 46.6002
254800 46.5891
254900 46.4873
255000 46.6686
255100 46.6899
255200 46.8936
255300 46.71
255400 46.7488
255500 46.7738
255600 46.8609
255700 46.8329
255800 46.9269
255900 46.9849
256000 46.8069
256100 46.8992
256200 46.7323
256300 46.7538
256400 46.7671
256500 46.5635
256600 46.9265
256700 46.8107
256800 46.8425
256900 46.7371
257000 46.8942
257100 47.1587
257200 46.8956
257300 47.0708
257400 47.2452
257500 46.9514
257600 47.0686
257700 47.0076
257800 47.1378
257900 46.8688
258000 46.9577
258100 46.8912
258200 47.0158
258300 47.0179
258400 46.9203
258500 46.9812
258600 46.9748
258700 47.3359
258800 47.0682
258900 47.1434
259000 47.2252
259100 47.2968
259200 47.1054
259300 47.2239
259400 47.1196
259500 46.9015
259600 47.0743
259700 47.1059
259800 47.1804
259900 47.1169
260000 47.2912
260100 47.1431
260200 47.3189
260300 47.1632
260400 47.1881
260500 47.3928
260600 47.2667
260700 47.2877
260800 47.4333
260900 47.3657
261000 47.3486
261100 47.5997
261200 47.6174
261300 47.518
261400 47.7397
261500 47.5655
261600 47.4572
261700 47.5195
261800 47.3082
261900 47.3528
262000 47.594
262100 47.8172
262200 47.4232
262300 47.6648
262400 47.591
262500 47.5288
262600 47.5756
262700 47.8099
262800 47.694
262900 47.6882
263000 47.4469
263100 47.821
263200 47.8419
263300 47.8043
263400 47.7944
263500 47.9155
263600 47.9144
263700 47.9545
263800 47.9228
263900 47.9261
264000 47.8806
264100 47.9127
264200 47.8681
264300 48.1792
264400 48.099
264500 48.1665
264600 48.2513
264700 47.9712
264800 48.1765
264900 48.0638
265000 48.0365
265100 47.916
265200 47.9518
265300 48.0027
265400 48.1816
265500 48.349
265600 48.2767
265700 48.3303
265800 48.0646
265900 48.0719
266000 48.2247
266100 48.2706
266200 48.009
266300 48.2104
266400 48.0007
266500 47.9592
266600 48.2092
266700 48.2154
266800 48.2761
266900 48.5203
267000 48.2351
267100 48.3601
267200 48.4581
267300 48.3987
267400 48.3259
267500 48.1404
267600 48.4716
267700 48.3627
267800 48.083
267900 48.2231
268000 48.1193
268100 48.5658
268200 48.2731
268300 48.0153
268400 48.2004
268500 48.3672
268600 48.3708
268700 48.5978
268800 48.2249
268900 48.0894
269000 48.4288
269100 48.5362
269200 48.5723
269300 48.6646
269400 48.6373
269500 48.7647
269600 48.6415
269700 48.5804
269800 48.649
269900 48.9003
270000 48.8688
270100 48.8716
270200 48.7884
270300 48.7582
270400 48.8851
270500 48.8123
270600 48.9823
270700 48.6493
270800 48.8852
270900 49.0434
271000 49.002
271100 49.1282
271200 49.0598
271300 49.0568
271400 49.0009
271500 48.9849
271600 49.234
271700 49.2159
271800 49.1958
271900 49.1914
272000 49.1101
272100 49.2109
272200 48.8754
272300 49.1405
272400 49.3668
272500 49.2804
272600 49.0725
272700 49.1943
272800 49.3408
272900 49.1469
273000 49.4338
273100 49.4889
273200 49.4452
273300 49.2381
273400 49.3113
273500 49.234
273600 49.3496
273700 49.112
273800 49.2436
273900 49.2731
274000 49.3776
274100 49.1927
274200 48.9453
274300 48.9429
274400 49.1325
274500 49.2968
274600 49.3814
274700 49.5291
274800 49.0456
274900 49.0494
275000 49.1963
275100 49.1261
275200 49.4963
275300 49.384
275400 49.3277
275500 49.2529
275600 49.3842
275700 49.4165
275800 49.2581
275900 49.275
276000 49.3618
276100 49.5913
276200 49.3794
276300 49.5516
276400 49.4742
276500 49.6388
276600 49.283
276700 49.7244
276800 49.4818
276900 49.5836
277000 49.7406
277100 49.7013
277200 49.7539
277300 49.5462
277400 49.7671
277500 49.873
277600 49.975
277700 49.6406
277800 49.6503
277900 50.162
278000 50.0258
278100 49.9256
278200 49.9292
278300 49.8917
278400 49.7027
278500 49.7826
278600 49.7846
278700 49.8266
278800 49.8553
278900 49.8456
279000 49.7692
279100 49.8167
279200 49.8519
279300 49.5537
279400 49.7196
279500 49.9356
279600 49.8703
279700 49.9141
279800 50.0187
279900 49.6935
280000 49.9676
280100 50.0582
280200 49.7528
280300 50.0856
280400 50.3804
280500 50.0402
280600 50.2776
280700 50.3871
280800 50.2607
280900 50.3032
281000 50.3471
281100 50.1945
281200 50.3314
281300 50.1672
281400 50.2371
281500 50.3219
281600 50.4689
281700 50.2738
281800 50.1896
281900 50.382
282000 50.3994
282100 50.3706
282200 50.3459
282300 50.5354
282400 50.5115
282500 50.5677
282600 50.6241
282700 50.5798
282800 50.4408
282900 50.5218
283000 50.6036
283100 50.5469
283200 50.621
283300 50.6651
283400 50.5828
283500 50.6811
283600 50.5386
283700 50.8198
283800 50.4008
283900 50.7577
284000 50.7479
284100 50.8794
284200 50.9778
284300 50.9185
284400 50.8467
284500 51.038
284600 50.9485
284700 50.7869
284800 51.1365
284900 50.7982
285000 50.9052
285100 50.8708
285200 50.8641
285300 50.8602
285400 50.6585
285500 50.8235
285600 50.7705
285700 50.6874
285800 50.644
285900 50.6003
286000 50.8251
286100 50.6764
286200 50.9023
286300 50.8069
286400 50.8686
286500 50.85
286600 50.6783
286700 50.9447
286800 51.2437
286900 51.2007
287000 51.209
287100 51.1254
287200 51.0498
287300 51.0519
287400 51.2296
287500 50.9468
287600 50.9295
287700 51.2346
287800 51.0309
287900 51.0367
288000 50.8569
288100 51.1199
288200 50.9821
288300 50.885
288400 51.1839
288500 51.0527
288600 51.2092
288700 51.239
288800 51.2131
288900 51.2069
289000 51.1033
289100 51.3639
289200 51.3932
289300 51.1298
289400 51.2304
289500 51.4205
289600 51.2733
289700 51.3901
289800 51.3688
289900 51.1955
290000 51.4482
290100 51.5153
290200 51.4096
290300 51.6062
290400 51.3976
290500 51.5383
290600 51.5247
290700 51.6614
290800 51.6169
290900 51.8048
291000 51.6572
291100 51.658
291200 51.8732
291300 51.5941
291400 52.0085
291500 51.9262
291600 51.9284
291700 51.9043
291800 51.903
291900 51.9468
292000 51.8579
292100 52.1073
292200 52.1189
292300 51.9707
292400 52.0709
292500 52.137
292600 52.092
292700 52.1376
292800 52.1582
292900 52.1713
293000 52.1104
293100 51.9741
293200 52.1869
293300 52.1241
293400 52.3165
293500 52.0254
293600 51.8943
293700 52.0961
293800 52.0364
293900 51.9515
294000 51.939
294100 51.88
294200 51.7683
294300 51.8912
294400 51.8554
294500 51.9681
294600 51.902
294700 51.9257
294800 52.122
294900 52.3069
295000 52.2134
295100 52.2144
295200 52.3281
295300 52.3212
295400 52.123
295500 52.1748
295600 52.3871
295700 52.2316
295800 52.0587
295900 51.9576
296000 52.3247
296100 52.1857
296200 52.2639
296300 52.1445
296400 52.418
296500 52.1772
296600 52.3299
296700 52.2859
296800 52.3882
296900 52.4234
297000 52.4195
297100 52.041
297200 52.5876
297300 52.4611
297400 52.5125
297500 52.4646
297600 52.6213
297700 52.5029
297800 52.5111
297900 52.3996
298000 52.4537
298100 52.3619
298200 52.5256
298300 52.6303
298400 52.5845
298500 52.5528
298600 52.3325
298700 52.591
298800 52.5554
298900 52.5379
299000 52.5042
299100 52.6624
299200 52.9052
299300 52.64
299400 52.4759
299500 52.7407
299600 52.383
299700 52.7449
299800 52.6634
299900 52.5852
300000 52.3441
300100 52.1943
300200 52.5599
300300 52.476
300400 52.6734
300500 52.6258
300600 52.4967
300700 52.6147
300800 52.6154
300900 52.4179
301000 52.5342
301100 52.7354
301200 52.5797
301300 52.5924
301400 52.6619
301500 52.6588
301600 52.6555
301700 52.6577
301800 52.8337
301900 52.6489
302000 52.7639
302100 52.7481
302200 52.614
302300 52.7342
302400 53.0332
302500 53.0288
302600 52.8239
302700 52.9382
302800 52.9475
302900 52.7551
303000 52.6828
303100 52.7129
303200 53.0055
303300 52.6969
303400 52.6176
303500 52.6471
303600 52.7019
303700 52.7704
303800 52.6506
303900 52.6272
304000 52.7153
304100 52.5938
304200 52.5258
304300 52.6529
304400 52.5329
304500 52.7837
304600 52.5248
304700 52.7741
304800 52.7096
304900 52.3993
305000 52.7042
305100 52.6124
305200 52.68
305300 52.6932
305400 53.089
305500 53.116
305600 52.9671
305700 52.6028
305800 52.8989
305900 52.9234
306000 52.8351
306100 52.8873
306200 52.9402
306300 52.9063
306400 52.7308
306500 52.7469
306600 52.6939
306700 52.6514
306800 52.8084
306900 52.7025
307000 52.5987
307100 52.6535
307200 52.817
307300 52.7204
307400 52.8478
307500 52.8357
307600 52.7052
307700 52.8066
307800 52.9162
307900 52.9202
308000 53.036
308100 53.0268
308200 53.0136
308300 52.8623
308400 53.0196
308500 53.0201
308600 53.0616
308700 52.9153
308800 53.07
308900 52.9666
309000 53.2135
309100 53.2164
309200 53.502
309300 53.4218
309400 53.081
309500 53.2167
309600 53.0986
309700 53.3616
309800 53.486
309900 53.429
310000 53.55
310100 53.7162
310200 53.7247
310300 53.7859
310400 53.9019
310500 53.6784
310600 53.7438
310700 53.7535
310800 53.7365
310900 53.7163
311000 53.7122
311100 53.8259
311200 53.872
311300 53.5654
311400 53.501
311500 53.6081
311600 53.5171
311700 53.5618
311800 53.9745
311900 53.8521
312000 54.0268
312100 53.6751
312200 53.7568
312300 53.6182
312400 53.5665
312500 53.5601
312600 53.6659
312700 53.6303
312800 53.8127
312900 53.5598
313000 53.5377
313100 53.6253
313200 53.8475
313300 53.9428
313400 53.5914
313500 53.7663
313600 53.7336
313700 53.5734
313800 53.7219
313900 53.6055
314000 53.7589
314100 53.8546
314200 53.7132
314300 53.9412
314400 54.0136
314500 53.9347
314600 53.9871
314700 53.8024
314800 53.5732
314900 53.7775
315000 53.9579
315100 53.7147
315200 53.7151
315300 53.9077
315400 53.8981
315500 53.928
315600 53.7506
315700 53.8792
315800 53.9173
315900 53.7485
316000 54.2191
316100 54.103
316200 53.9792
316300 53.9628
316400 53.9975
316500 54.3035
316600 54.2606
316700 54.4235
316800 54.3548
316900 54.4095
317000 54.2555
317100 54.5098
317200 54.4093
317300 54.5339
317400 54.6074
317500 54.5235
317600 54.5604
317700 54.752
317800 54.7504
317900 54.6216
318000 54.655
318100 54.784
318200 55.2823
318300 54.922
318400 55.0105
318500 55.1348
318600 55.1547
318700 55.0887
318800 54.7908
318900 54.8935
319000 54.8841
319100 55.0603
319200 55.1244
319300 54.9239
319400 55.295
319500 55.287
319600 55.4246
319700 55.621
319800 55.5484
319900 55.3206
320000 55.4072
320100 55.2292
320200 55.5225
320300 55.5834
320400 55.4972
320500 55.4815
320600 55.4135
320700 55.5193
320800 55.5321
320900 55.8109
321000 56.1344
321100 55.9599
321200 55.8281
321300 55.6426
321400 55.8972
321500 55.6615
321600 55.64
321700 55.7978
321800 56.003
321900 55.547
322000 55.6695
322100 55.6241
322200 55.8276
322300 55.7352
322400 55.8778
322500 55.8415
322600 55.6603
322700 55.742
322800 55.9268
322900 55.8569
323000 55.7996
323100 55.8876
323200 55.8949
323300 55.5769
323400 55.6009
323500 55.8596
323600 55.9057
323700 55.7609
323800 55.7407
323900 55.7136
324000 55.5155
324100 55.6066
324200 55.4568
324300 55.8949
324400 55.836
324500 55.9128
324600 55.9932
324700 55.6654
324800 55.6626
324900 55.5916
325000 55.8681
325100 56.0133
325200 55.9536
325300 55.8095
325400 55.9491
325500 55.9566
325600 56.0475
325700 56.0961
325800 55.9543
325900 56.1651
326000 56.2264
326100 56.0162
326200 56.0991
326300 56.1189
326400 56.0173
326500 56.1607
326600 56.2798
326700 56.2458
326800 55.8237
326900 55.9863
327000 56.0123
327100 56.2052
327200 56.0908
327300 56.1335
327400 55.8742
327500 55.7799
327600 56.0052
327700 56.08
327800 56.0542
327900 56.2199
328000 56.0821
328100 56.0793
328200 55.997
328300 56.0347
328400 55.9584
328500 56.1429
328600 56.0846
328700 55.8456
328800 55.9379
328900 56.1255
329000 56.002
329100 56.0381
329200 56.0315
329300 56.2005
329400 56.4599
329500 56.1881
329600 56.1492
329700 56.0563
329800 56.204
329900 56.1632
330000 56.2498
330100 56.0806
330200 56.1526
330300 56.0844
330400 56.484
330500 56.2369
330600 56.1342
330700 56.2627
330800 56.6869
330900 56.5055
331000 56.4989
331100 56.3577
331200 56.5212
331300 56.4502
331400 56.2744
331500 56.4357
331600 56.7338
331700 56.7514
331800 56.5931
331900 56.4715
332000 56.7345
332100 56.5278
332200 56.5724
332300 56.7608
332400 56.8699
332500 56.4661
332600 56.6653
332700 56.4732
332800 56.4003
332900 56.6832
333000 56.5321
333100 56.6841
333200 57.3029
333300 57.2009
333400 56.8251
333500 57.075
333600 56.7198
333700 56.6061
333800 56.838
333900 57.0352
334000 57.0296
334100 57.0032
334200 57.1502
334300 57.0203
334400 57.1107
334500 57.1793
334600 57.2932
334700 56.9784
334800 57.2368
334900 57.2983
335000 57.2146
335100 57.1758
335200 57.2413
335300 57.1149
335400 57.2568
335500 57.1086
335600 57.0248
335700 57.1817
335800 57.284
335900 57.1191
336000 57.0108
336100 57.2121
336200 57.205
336300 57.3572
336400 57.2142
336500 57.2121
336600 57.4587
336700 57.2709
336800 57.3388
336900 57.4985
337000 57.6963
337100 57.6115
337200 57.7958
337300 57.7585
337400 57.4263
337500 57.8786
337600 57.8482
337700 57.4537
337800 57.5749
337900 57.5915
338000 57.6669
338100 57.8728
338200 57.9505
338300 57.8987
338400 57.5531
338500 57.6516
338600 58.0006
338700 57.7222
338800 57.6692
338900 57.4326
339000 57.5959
339100 57.7656
339200 57.5321
339300 57.7267
339400 58.0122
339500 57.9071
339600 57.608
339700 57.6986
339800 57.6569
339900 57.7681
340000 57.6053
340100 57.8695
340200 57.8874
340300 57.7053
340400 57.7558
340500 57.6163
340600 57.8177
340700 57.6158
340800 57.8899
340900 57.5942
341000 57.6002
341100 57.8634
341200 57.6502
341300 57.8469
341400 57.8621
341500 57.7439
341600 57.7797
341700 57.8009
341800 57.6677
341900 57.6433
342000 57.9342
342100 58.3323
342200 58.326
342300 57.9533
342400 57.7242
342500 57.6694
342600 57.9239
342700 57.8414
342800 58.0684
342900 58.0424
343000 57.8935
343100 57.9475
343200 57.9243
343300 57.7668
343400 58.0144
343500 58.0414
343600 58.1071
343700 57.7179
343800 57.997
343900 58.0686
344000 57.9832
344100 58.1454
344200 58.166
344300 58.0777
344400 58.0552
344500 58.0993
344600 58.0452
344700 58.1734
344800 58.067
344900 58.1068
345000 57.877
345100 58.0602
345200 58.1434
345300 58.3224
345400 58.2013
345500 58.1706
345600 58.2113
345700 58.1366
345800 58.1893
345900 58.2521
346000 58.3519
346100 58.1643
346200 57.8816
346300 58.157
346400 58.0056
346500 58.0566
346600 57.9529
346700 58.0363
346800 58.1903
346900 58.4245
347000 58.2578
347100 58.3675
347200 58.7501
347300 58.3813
347400 58.4273
347500 58.4036
347600 58.4573
347700 58.4801
347800 58.6634
347900 58.2328
348000 58.431
348100 58.4419
348200 58.6332
348300 58.3658
348400 58.3177
348500 58.7321
348600 58.4405
348700 58.405
348800 58.4346
348900 58.5265
349000 58.4296
349100 58.6808
349200 58.3219
349300 58.4681
349400 58.6964
349500 58.5222
349600 58.4043
349700 58.33
349800 58.4278
349900 58.4645
350000 58.5739
