# Time-averaged data for fix all_msd
# TimeStep c_msd1[4]
0 2.04939e-29
100 0.147911
200 0.23178
300 0.311023
400 0.385673
500 0.479864
600 0.606837
700 0.707127
800 0.880588
900 0.993984
1000 1.10924
1100 1.23524
1200 1.34067
1300 1.38102
1400 1.46993
1500 1.5367
1600 1.55043
1700 1.58712
1800 1.67886
1900 1.74774
2000 1.7833
2100 1.84102
2200 1.88933
2300 1.95229
2400 2.01946
2500 2.07668
2600 2.11274
2700 2.1489
2800 2.27221
2900 2.25447
3000 2.33804
3100 2.38007
3200 2.408
3300 2.43517
3400 2.49095
3500 2.60472
3600 2.55792
3700 2.56964
3800 2.58364
3900 2.64158
4000 2.72115
4100 2.79008
4200 2.76157
4300 2.77177
4400 2.83096
4500 2.86238
4600 2.88516
4700 2.88259
4800 2.90931
4900 3.04778
5000 3.06444
5100 3.05985
5200 2.96192
5300 2.98601
5400 3.06427
5500 3.16109
5600 3.11434
5700 3.17353
5800 3.272
5900 3.27184
6000 3.27448
6100 3.3654
6200 3.36387
6300 3.46239
6400 3.45139
6500 3.53039
6600 3.50611
6700 3.62542
6800 3.60886
6900 3.59594
7000 3.66847
7100 3.67214
7200 3.74042
7300 3.73239
7400 3.82464
7500 3.77463
7600 3.89121
7700 3.87961
7800 3.89786
7900 3.99315
8000 3.9827
8100 3.9945
8200 3.95612
8300 3.97722
8400 3.99718
8500 4.09111
8600 4.12382
8700 4.2132
8800 4.114
8900 4.22292
9000 4.32114
9100 4.37053
9200 4.37872
9300 4.32554
9400 4.34312
9500 4.41189
9600 4.37849
9700 4.42808
9800 4.50221
9900 4.46503
10000 4.52292
10100 4.52103
10200 4.49614
10300 4.51385
10400 4.6098
10500 4.63023
10600 4.60018
10700 4.65526
10800 4.59453
10900 4.56906
11000 4.62427
11100 4.70727
11200 4.64817
11300 4.69682
11400 4.70097
11500 4.6703
11600 4.67269
11700 4.82614
11800 4.76937
11900 4.79693
12000 4.88077
12100 4.85738
12200 4.93646
12300 4.86941
12400 4.91607
12500 4.90513
12600 4.90216
12700 5.00662
12800 5.03248
12900 4.95079
13000 5.09008
13100 5.1266
13200 5.1088
13300 5.11523
13400 5.18476
13500 5.20042
13600 5.14675
13700 5.18664
13800 5.18089
13900 5.24991
14000 5.31329
14100 5.20231
14200 5.2178
14300 5.26601
14400 5.26259
14500 5.27291
14600 5.22769
14700 5.25857
14800 5.21618
14900 5.25267
15000 5.32215
15100 5.29632
15200 5.4235
15300 5.37277
15400 5.4035
15500 5.37285
15600 5.4257
15700 5.35695
15800 5.41151
15900 5.45401
16000 5.51596
16100 5.54169
16200 5.47163
16300 5.45189
16400 5.4442
16500 5.54382
16600 5.50823
16700 5.47709
16800 5.58296
16900 5.6024
17000 5.62341
17100 5.70745
17200 5.79484
17300 5.86603
17400 5.77129
17500 5.8131
17600 5.73786
17700 5.85151
17800 5.8849
17900 5.94512
18000 5.90421
18100 5.8231
18200 5.83678
18300 5.84922
18400 5.86554
18500 5.90817
18600 5.89042
18700 5.95496
18800 5.93557
18900 5.98346
19000 5.92873
19100 6.02122
19200 5.96005
19300 6.08378
19400 6.08551
19500 6.0881
19600 6.17262
19700 6.17893
19800 6.2373
19900 6.18674
20000 6.27844
20100 6.26161
20200 6.22637
20300 6.23355
20400 6.24686
20500 6.22179
20600 6.20596
20700 6.25366
20800 6.2358
20900 6.25122
21000 6.28624
21100 6.29454
21200 6.35336
21300 6.32972
21400 6.35767
21500 6.39127
21600 6.41057
21700 6.35444
21800 6.34802
21900 6.31481
22000 6.34679
22100 6.41721
22200 6.42036
22300 6.45077
22400 6.50178
22500 6.53086
22600 6.47699
22700 6.52367
22800 6.49642
22900 6.50338
23000 6.46
23100 6.51441
23200 6.54805
23300 6.51779
23400 6.59744
23500 6.59423
23600 6.56266
23700 6.60422
23800 6.60939
23900 6.64797
24000 6.65132
24100 6.62029
24200 6.59544
24300 6.58998
24400 6.65984
24500 6.64678
24600 6.62019
24700 6.67904
24800 6.64555
24900 6.69223
25000 6.68708
25100 6.75367
25200 6.68824
25300 6.74886
25400 6.72705
25500 6.7366
25600 6.74758
25700 6.79733
25800 6.79887
25900 6.8467
26000 6.79886
26100 6.87887
26200 6.81677
26300 6.86311
26400 6.8213
26500 6.74729
26600 6.7883
26700 6.859
26800 6.87242
26900 6.87988
27000 6.93818
27100 6.92389
27200 6.83374
27300 6.96584
27400 6.97219
27500 7.02075
27600 6.92902
27700 6.97408
27800 6.88877
27900 7.06402
28000 7.03881
28100 7.04773
28200 7.16392
28300 7.1897
28400 7.04507
28500 7.08263
28600 7.00528
28700 7.06326
28800 7.04483
28900 7.08053
29000 7.04512
29100 7.07563
29200 7.0345
29300 6.97195
29400 7.10737
29500 7.00818
29600 7.02039
29700 7.04858
29800 6.95919
29900 7.06341
30000 7.1294
30100 7.09414
30200 7.06655
30300 7.15058
30400 7.15541
30500 7.18589
30600 7.18667
30700 7.26955
30800 7.20998
30900 7.20199
31000 7.25371
31100 7.20712
31200 7.29381
31300 7.33269
31400 7.29795
31500 7.35747
31600 7.29316
31700 7.32603
31800 7.36114
31900 7.39484
32000 7.4315
32100 7.44506
32200 7.31234
32300 7.43064
32400 7.42577
32500 7.41055
32600 7.39505
32700 7.3665
32800 7.4596
32900 7.37515
33000 7.33359
33100 7.32791
33200 7.35548
33300 7.4566
33400 7.51459
33500 7.50016
33600 7.51222
33700 7.5494
33800 7.58318
33900 7.50692
34000 7.51713
34100 7.55758
34200 7.54182
34300 7.58227
34400 7.6367
34500 7.60095
34600 7.6499
34700 7.68079
34800 7.60038
34900 7.61419
35000 7.65868
35100 7.581
35200 7.60485
35300 7.57236
35400 7.66492
35500 7.65925
35600 7.54263
35700 7.65104
35800 7.57877
35900 7.63782
36000 7.75081
36100 7.83288
36200 7.7054
36300 7.78885
36400 7.7635
36500 7.65641
36600 7.65893
36700 7.71861
36800 7.76689
36900 7.7722
37000 7.66939
37100 7.68342
37200 7.76473
37300 7.75038
37400 7.79645
37500 7.94738
37600 7.88995
37700 7.87861
37800 7.88977
37900 7.84292
38000 7.87915
38100 7.86374
38200 7.94849
38300 7.83903
38400 7.87977
38500 7.86244
38600 7.84615
38700 7.84382
38800 7.87019
38900 7.9042
39000 7.91044
39100 7.9314
39200 7.9786
39300 7.98459
39400 7.96838
39500 7.92791
39600 7.97796
39700 8.09156
39800 8.01058
39900 7.95278
40000 7.91749
40100 8.01052
40200 7.96302
40300 7.97168
40400 8.10455
40500 8.05766
40600 8.0694
40700 8.03292
40800 8.05197
40900 8.0712
41000 8.20783
41100 8.11705
41200 8.18938
41300 8.23199
41400 8.17713
41500 8.17141
41600 8.2153
41700 8.20131
41800 8.2031
41900 8.21305
42000 8.16392
42100 8.16635
42200 8.34466
42300 8.20676
42400 8.28873
42500 8.34002
42600 8.31172
42700 8.32146
42800 8.34057
42900 8.31198
43000 8.30893
43100 8.39017
43200 8.41522
43300 8.47649
43400 8.3911
43500 8.43015
43600 8.39407
43700 8.44123
43800 8.41539
43900 8.39633
44000 8.43356
44100 8.34114
44200 8.43681
44300 8.47363
44400 8.36311
44500 8.45709
44600 8.47632
44700 8.40178
44800 8.53483
44900 8.62215
45000 8.57738
45100 8.57545
45200 8.58501
45300 8.61506
45400 8.61327
45500 8.60706
45600 8.63364
45700 8.57522
45800 8.53922
45900 8.5873
46000 8.72479
46100 8.72983
46200 8.63634
46300 8.62292
46400 8.63901
46500 8.62198
46600 8.63411
46700 8.70193
46800 8.71065
46900 8.74457
47000 8.59486
47100 8.83899
47200 8.78962
47300 8.81077
47400 8.80043
47500 8.77436
47600 8.82172
47700 8.80201
47800 8.7521
47900 8.79647
48000 8.8074
48100 8.72869
48200 8.86199
48300 8.87185
48400 8.82299
48500 8.79812
48600 8.83964
48700 8.92956
48800 8.84675
48900 8.92427
49000 8.9223
49100 8.94282
49200 8.91321
49300 8.97136
49400 8.9359
49500 9.04823
49600 9.0632
49700 9.03225
49800 9.0003
49900 8.93458
50000 8.97108
50100 8.97733
50200 8.93014
50300 9.04265
50400 9.05371
50500 9.00375
50600 8.85184
50700 8.93603
50800 9.04572
50900 9.00325
51000 8.99323
51100 9.01676
51200 9.0671
51300 8.90527
51400 9.05206
51500 8.9689
51600 9.00926
51700 8.98721
51800 8.98727
51900 8.97468
52000 8.9767
52100 8.98314
52200 8.92994
52300 9.0244
52400 8.99254
52500 8.97946
52600 8.98921
52700 9.05286
52800 9.02079
52900 9.043
53000 9.10176
53100 9.00055
53200 9.00887
53300 9.03082
53400 8.99211
53500 9.07998
53600 9.21175
53700 9.14897
53800 9.1227
53900 9.09767
54000 9.07776
54100 9.22997
54200 9.0387
54300 9.04011
54400 9.13414
54500 9.13528
54600 9.19008
54700 9.12955
54800 9.10841
54900 9.18156
55000 9.19721
55100 9.1343
55200 9.13668
55300 9.12766
55400 9.10196
55500 9.08736
55600 9.18705
55700 9.07993
55800 9.07013
55900 9.11332
56000 9.1393
56100 9.01505
56200 9.10068
56300 9.13287
56400 9.12219
56500 9.08668
56600 9.03525
56700 9.17922
56800 9.25766
56900 9.11684
57000 9.14268
57100 9.16239
57200 9.25034
57300 9.22439
57400 9.30467
57500 9.37323
57600 9.33421
57700 9.36423
57800 9.37854
57900 9.40731
58000 9.4053
58100 9.42369
58200 9.45124
58300 9.38964
58400 9.41965
58500 9.44052
58600 9.35344
58700 9.34698
58800 9.42925
58900 9.444
59000 9.34715
59100 9.52017
59200 9.484
59300 9.48146
59400 9.43676
59500 9.50076
59600 9.39864
59700 9.46579
59800 9.47297
59900 9.52965
60000 9.54414
60100 9.52415
60200 9.51011
60300 9.46949
60400 9.5511
60500 9.44294
60600 9.4774
60700 9.51838
60800 9.4799
60900 9.54749
61000 9.47528
61100 9.51321
61200 9.49645
61300 9.57953
61400 9.49501
61500 9.57993
61600 9.67839
61700 9.63346
61800 9.58733
61900 9.57071
62000 9.54987
62100 9.59432
62200 9.63181
62300 9.63658
62400 9.5902
62500 9.61971
62600 9.58634
62700 9.68743
62800 9.74466
62900 9.72055
63000 9.71621
63100 9.75891
63200 9.70562
63300 9.87691
63400 9.80244
63500 9.73392
63600 9.76666
63700 9.79287
63800 9.86951
63900 9.77158
64000 9.72014
64100 9.74415
64200 9.73323
64300 9.88692
64400 9.85334
64500 9.74445
64600 9.77304
64700 9.80797
64800 9.75626
64900 9.74686
65000 9.77826
65100 9.75031
65200 9.7866
65300 9.7663
65400 9.77782
65500 9.81871
65600 9.80835
65700 9.8854
65800 9.93713
65900 9.90226
66000 9.82478
66100 9.87596
66200 9.90848
66300 9.82099
66400 9.85424
66500 9.78476
66600 9.81403
66700 9.75717
66800 9.71596
66900 9.75302
67000 9.69768
67100 9.74182
67200 9.79824
67300 9.73198
67400 9.85027
67500 9.89694
67600 9.81935
67700 9.80914
67800 9.76601
67900 9.77585
68000 9.85315
68100 9.93401
68200 9.87156
68300 9.78564
68400 9.80603
68500 9.79123
68600 9.81961
68700 9.88544
68800 9.86891
68900 9.82046
69000 9.87222
69100 9.87364
69200 9.8976
69300 9.88514
69400 10.0325
69500 10.0336
69600 9.98272
69700 9.95465
69800 10.0086
69900 9.91478
70000 9.94577
70100 9.99462
70200 10.0045
70300 9.97457
70400 10.0392
70500 9.96845
70600 10.0241
70700 9.99964
70800 9.92548
70900 10.0063
71000 10.0551
71100 10.0225
71200 9.9777
71300 9.94232
71400 9.93602
71500 9.99756
71600 9.94563
71700 10.0426
71800 10.0311
71900 9.99761
72000 9.96383
72100 10.0423
72200 10.0248
72300 10.0596
72400 10.0002
72500 10.0173
72600 10.078
72700 9.97606
72800 10.0633
72900 10.0783
73000 10.0996
73100 10.0164
73200 10.0256
73300 10.0268
73400 10.1401
73500 10.1405
73600 10.0921
73700 10.0996
73800 10.1596
73900 9.99339
74000 10.1068
74100 10.1135
74200 10.1859
74300 10.1323
74400 10.1669
74500 10.2105
74600 10.1963
74700 10.288
74800 10.2267
74900 10.1688
75000 10.1813
75100 10.2272
75200 10.1848
75300 10.1459
75400 10.1534
75500 10.0975
75600 10.1362
75700 10.2137
75800 10.149
75900 10.1719
76000 10.121
76100 10.1909
76200 10.2596
76300 10.4383
76400 10.3618
76500 10.2964
76600 10.332
76700 10.4052
76800 10.2993
76900 10.2622
77000 10.3435
77100 10.3054
77200 10.3751
77300 10.356
77400 10.3763
77500 10.2608
77600 10.3098
77700 10.2323
77800 10.2415
77900 10.2863
78000 10.324
78100 10.3896
78200 10.368
78300 10.3263
78400 10.2693
78500 10.3127
78600 10.4175
78700 10.4467
78800 10.3799
78900 10.4016
79000 10.3891
79100 10.4118
79200 10.4128
79300 10.3633
79400 10.4317
79500 10.4345
79600 10.4315
79700 10.3965
79800 10.411
79900 10.4231
80000 10.4632
80100 10.4124
80200 10.5053
80300 10.4774
80400 10.5067
80500 10.4933
80600 10.4826
80700 10.3259
80800 10.4264
80900 10.4271
81000 10.4328
81100 10.586
81200 10.5446
81300 10.5919
81400 10.5513
81500 10.4891
81600 10.5274
81700 10.5331
81800 10.4368
81900 10.5416
82000 10.4809
82100 10.5788
82200 10.5447
82300 10.6091
82400 10.618
82500 10.5547
82600 10.5643
82700 10.627
82800 10.6241
82900 10.6083
83000 10.6341
83100 10.6306
83200 10.633
83300 10.6033
83400 10.5928
83500 10.4937
83600 10.561
83700 10.5714
83800 10.5816
83900 10.6101
84000 10.6765
84100 10.7495
84200 10.7801
84300 10.6662
84400 10.7006
84500 10.7314
84600 10.645
84700 10.6511
84800 10.6876
84900 10.751
85000 10.6883
85100 10.5951
85200 10.657
85300 10.6222
85400 10.5828
85500 10.6509
85600 10.7344
85700 10.6828
85800 10.6814
85900 10.7441
86000 10.6469
86100 10.6628
86200 10.7225
86300 10.7178
86400 10.733
86500 10.685
86600 10.6175
86700 10.7577
86800 10.7512
86900 10.7083
87000 10.7729
87100 10.7196
87200 10.6301
87300 10.699
87400 10.7595
87500 10.7388
87600 10.7311
87700 10.8055
87800 10.7561
87900 10.6935
88000 10.7398
88100 10.7062
88200 10.738
88300 10.7342
88400 10.7196
88500 10.6951
88600 10.781
88700 10.7741
88800 10.7098
88900 10.7214
89000 10.7959
89100 10.7651
89200 10.7133
89300 10.7964
89400 10.8511
89500 10.8091
89600 10.7523
89700 10.8072
89800 10.7157
89900 10.6777
90000 10.7151
90100 10.7986
90200 10.8246
90300 10.8527
90400 10.9392
90500 10.8428
90600 10.9377
90700 10.8168
90800 10.9222
90900 10.8552
91000 10.9008
91100 10.9166
91200 10.9163
91300 10.8418
91400 10.892
91500 10.8907
91600 10.9064
91700 10.9521
91800 11.0024
91900 11.1052
92000 10.9763
92100 11.066
92200 11.0231
92300 11.0733
92400 11.0904
92500 11.0583
92600 11.0087
92700 11.033
92800 11.1115
92900 11.102
93000 11.0125
93100 11.0503
93200 11.0179
93300 10.9911
93400 11.0238
93500 10.9812
93600 10.9396
93700 11.0177
93800 10.9586
93900 11.0162
94000 10.9712
94100 11.0448
94200 11.0401
94300 11.0745
94400 11.1388
94500 11.1699
94600 11.0193
94700 11.1219
94800 11.1736
94900 11.1334
95000 11.2509
95100 11.1974
95200 11.3133
95300 11.2547
95400 11.2155
95500 11.2862
95600 11.3169
95700 11.3034
95800 11.3658
95900 11.4106
96000 11.3475
96100 11.3411
96200 11.2734
96300 11.3287
96400 11.2762
96500 11.2618
96600 11.202
96700 11.327
96800 11.2547
96900 11.3248
97000 11.4105
97100 11.3399
97200 11.3105
97300 11.2652
97400 11.1711
97500 11.2134
97600 11.2577
97700 11.2562
97800 11.2369
97900 11.2429
98000 11.284
98100 11.3186
98200 11.2989
98300 11.1366
98400 11.1305
98500 11.144
98600 11.235
98700 11.2531
98800 11.1549
98900 11.1302
99000 11.2481
99100 11.3011
99200 11.1134
99300 11.0939
99400 11.2477
99500 11.2304
99600 11.125
99700 11.1905
99800 11.2036
99900 11.1712
100000 11.1896
100100 11.1636
100200 11.1962
100300 11.1113
100400 11.1683
100500 11.1498
100600 11.189
100700 11.1806
100800 11.2228
100900 11.2611
101000 11.3311
101100 11.2749
101200 11.2935
101300 11.105
101400 11.2325
101500 11.147
101600 11.2439
101700 11.2939
101800 11.4008
101900 11.2283
102000 11.2434
102100 11.3235
102200 11.24
102300 11.2089
102400 11.308
102500 11.4342
102600 11.4301
102700 11.4056
102800 11.4088
102900 11.4042
103000 11.3688
103100 11.4201
103200 11.3663
103300 11.3912
103400 11.3872
103500 11.3559
103600 11.3575
103700 11.292
103800 11.2732
103900 11.3171
104000 11.3362
104100 11.266
104200 11.3295
104300 11.3271
104400 11.3781
104500 11.5648
104600 11.4372
104700 11.5122
104800 11.5444
104900 11.4634
105000 11.5204
105100 11.5503
105200 11.6506
105300 11.5997
105400 11.5271
105500 11.5677
105600 11.446
105700 11.474
105800 11.5149
105900 11.4606
106000 11.4689
106100 11.6292
106200 11.4241
106300 11.5315
106400 11.5335
106500 11.5615
106600 11.5206
106700 11.4755
106800 11.5984
106900 11.5822
107000 11.5755
107100 11.6616
107200 11.6048
107300 11.5146
107400 11.595
107500 11.4808
107600 11.4655
107700 11.4964
107800 11.5503
107900 11.6396
108000 11.5261
108100 11.5852
108200 11.701
108300 11.7269
108400 11.661
108500 11.6856
108600 11.6324
108700 11.7005
108800 11.6421
108900 11.5803
109000 11.6666
109100 11.7085
109200 11.6014
109300 11.6547
109400 11.58
109500 11.8072
109600 11.7128
109700 11.7175
109800 11.7598
109900 11.8558
110000 11.6926
110100 11.6382
110200 11.6744
110300 11.6739
110400 11.7423
110500 11.6808
110600 11.6392
110700 11.6455
110800 11.6171
110900 11.7146
111000 11.6719
111100 11.7339
111200 11.7759
111300 11.6707
111400 11.7437
111500 11.6452
111600 11.6224
111700 11.5787
111800 11.6306
111900 11.6584
112000 11.5438
112100 11.5892
112200 11.5756
112300 11.7252
112400 11.6773
112500 11.7424
112600 11.7215
112700 11.6962
112800 11.644
112900 11.6498
113000 11.6853
113100 11.6566
113200 11.6579
113300 11.6936
113400 11.6916
113500 11.7123
113600 11.7137
113700 11.6936
113800 11.7712
113900 11.7643
114000 11.644
114100 11.7191
114200 11.5511
114300 11.697
114400 11.693
114500 11.8155
114600 11.8195
114700 11.7505
114800 11.6923
114900 11.7494
115000 11.7664
115100 11.7203
115200 11.6751
115300 11.7654
115400 11.7239
115500 11.7144
115600 11.683
115700 11.6635
115800 11.723
115900 11.7322
116000 11.778
116100 11.7174
116200 11.764
116300 11.7631
116400 11.6756
116500 11.678
116600 11.7243
116700 11.7937
116800 11.7596
116900 11.771
117000 11.8805
117100 11.8174
117200 11.811
117300 11.8983
117400 11.9085
117500 11.9303
117600 11.9582
117700 11.9392
117800 11.9397
117900 11.9781
118000 11.861
118100 11.8874
118200 11.9307
118300 11.9165
118400 12.025
118500 11.9867
118600 12.0281
118700 12.0367
118800 11.9695
118900 11.9201
119000 11.87
119100 11.9221
119200 11.9217
119300 12.0006
119400 11.9553
119500 11.9931
119600 11.9803
119700 11.9679
119800 11.9169
119900 11.9325
120000 11.9271
120100 12.0232
120200 11.9847
120300 11.9648
120400 11.994
120500 12.0186
120600 12.0647
120700 12.126
120800 11.9736
120900 12.0071
121000 11.9903
121100 12.1046
121200 12.0232
121300 11.9543
121400 12.0479
121500 12.0033
121600 12.0455
121700 12.1517
121800 12.1234
121900 12.1518
122000 12.1324
122100 12.125
122200 12.1116
122300 12.117
122400 12.1442
122500 12.1067
122600 12.2312
122700 12.1326
122800 12.2081
122900 12.0569
123000 12.1258
123100 12.2236
123200 12.1798
123300 12.1372
123400 12.0845
123500 12.1856
123600 12.1515
123700 12.0823
123800 12.1191
123900 12.2062
124000 12.1535
124100 12.2294
124200 12.203
124300 12.2481
124400 12.1705
124500 12.1764
124600 12.2593
124700 12.297
124800 12.1796
124900 12.2731
125000 12.2894
125100 12.2995
125200 12.2699
125300 12.2685
125400 12.1991
125500 12.2787
125600 12.2603
125700 12.2085
125800 12.1927
125900 12.265
126000 12.1493
126100 12.1617
126200 12.2231
126300 12.1951
126400 12.1516
126500 12.2187
126600 12.2952
126700 12.2533
126800 12.276
126900 12.2566
127000 12.2667
127100 12.2207
127200 12.1825
127300 12.2094
127400 12.2604
127500 12.2479
127600 12.3011
127700 12.2223
127800 12.254
127900 12.3052
128000 12.2629
128100 12.2063
128200 12.2071
128300 12.3045
128400 12.1765
128500 12.2526
128600 12.4484
128700 12.4407
128800 12.3725
128900 12.2689
129000 12.3489
129100 12.2782
129200 12.3692
129300 12.3611
129400 12.4371
129500 12.4267
129600 12.3855
129700 12.4205
129800 12.4034
129900 12.3486
130000 12.4578
130100 12.3246
130200 12.2608
130300 12.2975
130400 12.3621
130500 12.3317
130600 12.2413
130700 12.198
130800 12.1813
130900 12.3248
131000 12.3734
131100 12.3558
131200 12.3638
131300 12.276
131400 12.2906
131500 12.1773
131600 12.2124
131700 12.2008
131800 12.3114
131900 12.2176
132000 12.3023
132100 12.4097
132200 12.419
132300 12.2922
132400 12.2196
132500 12.4413
132600 12.4463
132700 12.4063
132800 12.3935
132900 12.3036
133000 12.3698
133100 12.3454
133200 12.23
133300 12.1974
133400 12.2487
133500 12.2408
133600 12.2838
133700 12.3436
133800 12.252
133900 12.3307
134000 12.2633
134100 12.3462
134200 12.3077
134300 12.4138
134400 12.3481
134500 12.3042
134600 12.4087
134700 12.3057
134800 12.4479
134900 12.4224
135000 12.4613
135100 12.4686
135200 12.4632
135300 12.4231
135400 12.5148
135500 12.4175
135600 12.414
135700 12.3896
135800 12.4234
135900 12.4484
136000 12.5632
136100 12.4757
136200 12.4628
136300 12.4486
136400 12.5483
136500 12.5443
136600 12.5901
136700 12.5561
136800 12.5702
136900 12.5749
137000 12.4963
137100 12.5282
137200 12.5326
137300 12.3898
137400 12.475
137500 12.4231
137600 12.492
137700 12.4284
137800 12.5038
137900 12.5473
138000 12.4575
138100 12.505
138200 12.4809
138300 12.4847
138400 12.6423
138500 12.4987
138600 12.5201
138700 12.542
138800 12.4968
138900 12.5436
139000 12.5621
139100 12.4828
139200 12.4753
139300 12.486
139400 12.3475
139500 12.5114
139600 12.5793
139700 12.5077
139800 12.6141
139900 12.6127
140000 12.5865
140100 12.6
140200 12.6498
140300 12.642
140400 12.5882
140500 12.584
140600 12.6105
140700 12.5702
140800 12.5809
140900 12.7513
141000 12.674
141100 12.7114
141200 12.6285
141300 12.6599
141400 12.6926
141500 12.7175
141600 12.6843
141700 12.7486
141800 12.7276
141900 12.7175
142000 12.8117
142100 12.6954
142200 12.7233
142300 12.5368
142400 12.7111
142500 12.6445
142600 12.698
142700 12.7391
142800 12.7212
142900 12.6917
143000 12.89
143100 12.8293
143200 12.8115
143300 12.7538
143400 12.7435
143500 12.8176
143600 12.8155
143700 12.7409
143800 12.816
143900 12.8496
144000 12.7939
144100 12.8125
144200 12.7364
144300 12.9695
144400 12.9862
144500 12.8882
144600 12.8649
144700 12.8485
144800 12.877
144900 12.9082
145000 12.9121
145100 12.9735
145200 12.9447
145300 12.8995
145400 12.9266
145500 12.8605
145600 12.8096
145700 12.7636
145800 12.8437
145900 12.9564
146000 12.9815
146100 13.0013
146200 12.9786
146300 12.8394
146400 13.0034
146500 12.9157
146600 12.9505
146700 13.0025
146800 12.968
146900 12.979
147000 13.039
147100 12.9473
147200 13.0099
147300 12.9525
147400 13.0669
147500 12.9744
147600 13.0691
147700 13.0884
147800 13.1543
147900 13.1954
148000 13.2201
148100 13.1682
148200 13.1564
148300 13.0551
148400 13.172
148500 13.2472
148600 13.187
148700 13.1721
148800 13.1265
148900 13.0776
149000 13.298
149100 13.1656
149200 13.1616
149300 13.1773
149400 13.2952
149500 13.1029
149600 13.1079
149700 13.1653
149800 13.3027
149900 13.3097
150000 13.1585
150100 13.2612
150200 13.1996
150300 13.1719
150400 13.2251
150500 13.1988
150600 13.2696
150700 13.3219
150800 13.1894
150900 13.2929
151000 13.2891
151100 13.1733
151200 13.2635
151300 13.3364
151400 13.402
151500 13.2508
151600 13.3319
151700 13.4358
151800 13.3932
151900 13.2586
152000 13.291
152100 13.2982
152200 13.3777
152300 13.4149
152400 13.2504
152500 13.3366
152600 13.348
152700 13.3567
152800 13.4125
152900 13.3708
153000 13.2825
153100 13.3648
153200 13.3162
153300 13.3236
153400 13.2374
153500 13.2785
153600 13.2525
153700 13.2787
153800 13.3314
153900 13.3135
154000 13.3542
154100 13.4254
154200 13.4722
154300 13.4009
154400 13.4228
154500 13.3978
154600 13.5631
154700 13.5486
154800 13.4291
154900 13.462
155000 13.4747
155100 13.5273
155200 13.4869
155300 13.4315
155400 13.5105
155500 13.4663
155600 13.4583
155700 13.4628
155800 13.5183
155900 13.607
156000 13.5037
156100 13.3248
156200 13.4213
156300 13.407
156400 13.4614
156500 13.5222
156600 13.3817
156700 13.6015
156800 13.4588
156900 13.4364
157000 13.5142
157100 13.6194
157200 13.7485
157300 13.6335
157400 13.6918
157500 13.4961
157600 13.5892
157700 13.6265
157800 13.6114
157900 13.6304
158000 13.6721
158100 13.7018
158200 13.7902
158300 13.7818
158400 13.6946
158500 13.7348
158600 13.7739
158700 13.8088
158800 13.7393
158900 13.7321
159000 13.7703
159100 13.7962
159200 13.8423
159300 13.9611
159400 13.8499
159500 13.7999
159600 13.8756
159700 13.8752
159800 13.8876
159900 13.884
160000 13.8365
160100 13.9016
160200 13.8396
160300 13.8677
160400 13.9665
160500 13.924
160600 13.9372
160700 13.8298
160800 13.8217
160900 13.8556
161000 13.8923
161100 13.8433
161200 13.9055
161300 13.8265
161400 13.7501
161500 13.7343
161600 13.7193
161700 13.8146
161800 13.7919
161900 13.7116
162000 13.7663
162100 13.7399
162200 13.7443
162300 13.7281
162400 13.7364
162500 13.8647
162600 13.7551
162700 13.7501
162800 13.6724
162900 13.6129
163000 13.7514
163100 13.7846
163200 13.7244
163300 13.9308
163400 13.8289
163500 13.8336
163600 13.6714
163700 13.7043
163800 13.7614
163900 13.8032
164000 13.8236
164100 13.7681
164200 13.7239
164300 13.732
164400 13.7979
164500 13.7823
164600 13.6626
164700 13.7876
164800 13.7762
164900 13.9296
165000 13.7761
165100 13.827
165200 13.8336
165300 13.9122
165400 13.8992
165500 14.0401
165600 14.1078
165700 14.0931
165800 14.0183
165900 13.9568
166000 13.9645
166100 13.9224
166200 13.943
166300 14.0117
166400 13.9606
166500 13.9384
166600 14.0086
166700 13.8618
166800 13.8987
166900 13.9292
167000 13.9634
167100 13.838
167200 13.9763
167300 14.013
167400 14.0004
167500 13.9223
167600 13.9129
167700 14.0614
167800 14.1585
167900 13.9651
168000 13.9584
168100 13.9948
168200 14.0065
168300 14.0016
168400 14.0124
168500 13.9191
168600 13.8814
168700 14.0201
168800 13.9405
168900 13.9146
169000 13.9644
169100 13.9906
169200 14.0815
169300 14.084
169400 14.2046
169500 14.0167
169600 14.0131
169700 13.9729
169800 13.9206
169900 14.0011
170000 13.9727
170100 13.9566
170200 14.0385
170300 14.0296
170400 14.1366
170500 14.0093
170600 14.052
170700 13.9639
170800 13.9638
170900 13.9905
171000 14.0746
171100 14.0092
171200 14.1394
171300 14.1626
171400 14.0764
171500 14.2146
171600 14.1388
171700 14.05
171800 14.21
171900 14.3093
172000 14.213
172100 14.2075
172200 14.0679
172300 13.996
172400 14.1078
172500 13.9857
172600 14.1353
172700 14.0317
172800 14.0735
172900 14.0571
173000 14.241
173100 14.238
173200 14.2423
173300 14.1953
173400 14.1829
173500 14.1922
173600 14.117
173700 14.1361
173800 14.1921
173900 14.2113
174000 14.0874
174100 14.1687
174200 14.0951
174300 14.096
174400 14.0244
174500 14.1115
174600 14.0877
174700 14.1488
174800 14.0299
174900 14.1586
175000 14.1947
175100 14.1682
175200 14.1728
175300 14.1293
175400 14.054
175500 14.0808
175600 14.0822
175700 14.0785
175800 14.1522
175900 14.1749
176000 14.2034
176100 14.2477
176200 14.1772
176300 14.1436
176400 14.2078
176500 14.1841
176600 14.1664
176700 14.216
176800 14.2702
176900 14.3777
177000 14.255
177100 14.1767
177200 14.1949
177300 14.3258
177400 14.1751
177500 14.1744
177600 14.0569
177700 14.0783
177800 14.1462
177900 14.284
178000 14.2735
178100 14.0587
178200 14.0909
178300 14.1313
178400 14.2013
178500 14.2732
178600 14.1496
178700 14.0509
178800 14.1095
178900 14.143
179000 14.0689
179100 14.2278
179200 14.1546
179300 14.0992
179400 14.1924
179500 14.1087
179600 14.149
179700 14.1555
179800 14.172
179900 14.2229
180000 14.2026
180100 14.2172
180200 14.2228
180300 14.2209
180400 14.1129
180500 14.1239
180600 14.1209
180700 14.1957
180800 14.1723
180900 14.0836
181000 14.046
181100 14.1567
181200 14.2094
181300 14.0905
181400 14.2073
181500 14.1756
181600 14.1643
181700 14.0984
181800 14.1409
181900 14.2433
182000 14.2947
182100 14.0841
182200 14.1622
182300 14.0865
182400 14.2012
182500 14.3208
182600 14.1912
182700 14.1131
182800 14.2349
182900 14.1906
183000 14.2425
183100 14.0218
183200 14.1486
183300 14.1141
183400 14.2308
183500 14.088
183600 14.1044
183700 14.0519
183800 14.0446
183900 14.1112
184000 14.1777
184100 14.2349
184200 14.1286
184300 14.1853
184400 14.1928
184500 14.2054
184600 14.1551
184700 14.1566
184800 14.2273
184900 14.1557
185000 14.2198
185100 14.3053
185200 14.2537
185300 14.2405
185400 14.2992
185500 14.1742
185600 14.0811
185700 14.1763
185800 14.1617
185900 14.2132
186000 14.1334
186100 14.3027
186200 14.1764
186300 14.2736
186400 14.2297
186500 14.2864
186600 14.3005
186700 14.1633
186800 14.2263
186900 14.1858
187000 14.2412
187100 14.2246
187200 14.1849
187300 14.1808
187400 14.153
187500 14.144
187600 14.134
187700 14.1366
187800 14.1299
187900 14.2476
188000 14.1921
188100 14.175
188200 14.2335
188300 14.3517
188400 14.1471
188500 14.1455
188600 14.1429
188700 14.0583
188800 14.0638
188900 14.118
189000 14.1828
189100 14.1436
189200 14.1198
189300 14.1899
189400 14.208
189500 14.0785
189600 14.0624
189700 14.2968
189800 14.1735
189900 14.2557
190000 14.1093
190100 14.1826
190200 14.1349
190300 14.2104
190400 14.2538
190500 14.3414
190600 14.1917
190700 14.2518
190800 14.3364
190900 14.1698
191000 14.1853
191100 14.2535
191200 14.2009
191300 14.2172
191400 14.2435
191500 14.3586
191600 14.4432
191700 14.3716
191800 14.3048
191900 14.4303
192000 14.3691
192100 14.3199
192200 14.2308
192300 14.3852
192400 14.324
192500 14.4951
192600 14.4136
192700 14.5349
192800 14.427
192900 14.4389
193000 14.4038
193100 14.4015
193200 14.3125
193300 14.38
193400 14.4043
193500 14.4024
193600 14.4768
193700 14.4541
193800 14.548
193900 14.5103
194000 14.3285
194100 14.4256
194200 14.4534
194300 14.3592
194400 14.4064
194500 14.4161
194600 14.4695
194700 14.5698
194800 14.5804
194900 14.4399
195000 14.4694
195100 14.582
195200 14.5186
195300 14.5885
195400 14.5521
195500 14.5536
195600 14.5226
195700 14.6227
195800 14.576
195900 14.5735
196000 14.5368
196100 14.4976
196200 14.5571
196300 14.5148
196400 14.6036
196500 14.5987
196600 14.6447
196700 14.7084
196800 14.7206
196900 14.7235
197000 14.7345
197100 14.6529
197200 14.8086
197300 14.8006
197400 14.8071
197500 14.9252
197600 14.7193
197700 14.7432
197800 14.7188
197900 14.6959
198000 14.7257
198100 14.8753
198200 14.8551
198300 14.8356
198400 14.8004
198500 14.7733
198600 14.6689
198700 14.7409
198800 14.814
198900 14.9477
199000 14.9486
199100 14.9044
199200 14.874
199300 14.8637
199400 14.8604
199500 14.906
199600 14.9094
199700 15.0332
199800 14.8469
199900 14.8368
200000 14.8815
200100 14.7448
200200 14.726
200300 14.7867
200400 14.8144
200500 14.8192
200600 14.9771
200700 14.8202
200800 14.798
200900 14.9921
201000 14.8651
201100 14.9271
201200 14.8596
201300 14.8282
201400 14.8804
201500 14.8982
201600 14.8275
201700 14.9549
201800 14.8819
201900 14.896
202000 14.8631
202100 14.881
202200 14.8072
202300 14.8782
202400 14.8768
202500 15.0201
202600 14.8624
202700 14.8826
202800 15.002
202900 14.9563
203000 14.982
203100 14.9451
203200 14.9672
203300 14.944
203400 14.9097
203500 15.0177
203600 14.8714
203700 14.8514
203800 14.9278
203900 14.924
204000 15.0263
204100 14.989
204200 14.9883
204300 15.0112
204400 15.0754
204500 15.1743
204600 15.0839
204700 15.0484
204800 15.0402
204900 15.0104
205000 15.0326
205100 15.0482
205200 15.1084
205300 15.0788
205400 15.1372
205500 15.1121
205600 15.1669
205700 14.9779
205800 15.0594
205900 15.0927
206000 15.0933
206100 14.9762
206200 15.0573
206300 15.0331
206400 14.9052
206500 15.0192
206600 14.9939
206700 14.9908
206800 14.9973
206900 14.9694
207000 14.9741
207100 15.0723
207200 14.9924
207300 15.0481
207400 14.8977
207500 15.1171
207600 15.0141
207700 15.0394
207800 15.046
207900 14.997
208000 14.9937
208100 14.9331
208200 15.0412
208300 14.9632
208400 14.9654
208500 14.9428
208600 15.017
208700 15.0335
208800 15.0153
208900 15.0741
209000 15.079
209100 15.0145
209200 14.954
209300 15.1029
209400 14.9517
209500 14.9471
209600 15.1411
209700 15.1214
209800 15.236
209900 15.1343
210000 14.9915
210100 15.0932
210200 15.1172
210300 15.0575
210400 15.0435
210500 15.0477
210600 14.9473
210700 15.096
210800 15.0248
210900 15.1115
211000 14.9842
211100 14.9431
211200 15.0613
211300 15.1324
211400 15.1177
211500 15.1613
211600 15.1808
211700 15.1447
211800 15.2204
211900 15.1446
212000 15.3341
212100 15.221
212200 15.2827
212300 15.1728
212400 15.1434
212500 15.1814
212600 15.1693
212700 15.3395
212800 15.3758
212900 15.3482
213000 15.2366
213100 15.325
213200 15.2695
213300 15.2665
213400 15.3442
213500 15.1573
213600 15.1898
213700 15.3031
213800 15.4057
213900 15.3061
214000 15.3261
214100 15.2112
214200 15.2475
214300 15.1021
214400 15.1041
214500 15.1229
214600 15.0992
214700 15.116
214800 15.1825
214900 15.1899
215000 15.1081
215100 15.2792
215200 15.1842
215300 15.2496
215400 15.2783
215500 15.3363
215600 15.1558
215700 15.2906
215800 15.2545
215900 15.3074
216000 15.2026
216100 15.2581
216200 15.1495
216300 15.2224
216400 15.2321
216500 15.2281
216600 15.1445
216700 15.2547
216800 15.1425
216900 15.3108
217000 15.3078
217100 15.2806
217200 15.2027
217300 15.2789
217400 15.2707
217500 15.2677
217600 15.3476
217700 15.2971
217800 15.2906
217900 15.3459
218000 15.3119
218100 15.2749
218200 15.2632
218300 15.3697
218400 15.3151
218500 15.3284
218600 15.2541
218700 15.3197
218800 15.3119
218900 15.3437
219000 15.3092
219100 15.2223
219200 15.4062
219300 15.2852
219400 15.2635
219500 15.2095
219600 15.1951
219700 15.2136
219800 15.1316
219900 15.2174
220000 15.3883
220100 15.4437
220200 15.5988
220300 15.4033
220400 15.4019
220500 15.3807
220600 15.4693
220700 15.4376
220800 15.463
220900 15.4589
221000 15.3252
221100 15.4413
221200 15.5166
221300 15.4432
221400 15.4431
221500 15.4051
221600 15.3911
221700 15.4588
221800 15.398
221900 15.5154
222000 15.3696
222100 15.4766
222200 15.2803
222300 15.3344
222400 15.3406
222500 15.4335
222600 15.4008
222700 15.3331
222800 15.4387
222900 15.3626
223000 15.3975
223100 15.3931
223200 15.3671
223300 15.5775
223400 15.5386
223500 15.4204
223600 15.5441
223700 15.6874
223800 15.6886
223900 15.5511
224000 15.6574
224100 15.6842
224200 15.5879
224300 15.5987
224400 15.5617
224500 15.621
224600 15.6658
224700 15.7061
224800 15.6439
224900 15.6926
225000 15.6189
225100 15.649
225200 15.6871
225300 15.6525
225400 15.7331
225500 15.789
225600 15.6924
225700 15.6583
225800 15.6001
225900 15.6293
226000 15.6146
226100 15.6421
226200 15.4719
226300 15.5083
226400 15.49
226500 15.5695
226600 15.5569
226700 15.5845
226800 15.5749
226900 15.624
227000 15.4846
227100 15.5823
227200 15.6199
227300 15.6174
227400 15.5062
227500 15.6151
227600 15.5761
227700 15.563
227800 15.701
227900 15.6733
228000 15.6114
228100 15.655
228200 15.5344
228300 15.5259
228400 15.4969
228500 15.4944
228600 15.5911
228700 15.5724
228800 15.5378
228900 15.6564
229000 15.7607
229100 15.692
229200 15.8377
229300 15.7388
229400 15.683
229500 15.6752
229600 15.5544
229700 15.6175
229800 15.7379
229900 15.7183
230000 15.59
230100 15.5943
230200 15.5575
230300 15.5248
230400 15.6019
230500 15.599
230600 15.6858
230700 15.6258
230800 15.7056
230900 15.4785
231000 15.4838
231100 15.6471
231200 15.6891
231300 15.5585
231400 15.6097
231500 15.6006
231600 15.566
231700 15.5805
231800 15.6144
231900 15.5515
232000 15.5599
232100 15.54
232200 15.6469
232300 15.5749
232400 15.5759
232500 15.641
232600 15.6208
232700 15.6696
232800 15.5553
232900 15.635
233000 15.6685
233100 15.6365
233200 15.7073
233300 15.6494
233400 15.5936
233500 15.7642
233600 15.5926
233700 15.5807
233800 15.7589
233900 15.665
234000 15.6743
234100 15.7649
234200 15.6752
234300 15.6187
234400 15.7528
234500 15.746
234600 15.7001
234700 15.6462
234800 15.6402
234900 15.7393
235000 15.5812
235100 15.7272
235200 15.6608
235300 15.6985
235400 15.6565
235500 15.6722
235600 15.7494
235700 15.7257
235800 15.7018
235900 15.5845
236000 15.5931
236100 15.5934
236200 15.6118
236300 15.5813
236400 15.7037
236500 15.6466
236600 15.7078
236700 15.8613
236800 15.7456
236900 15.784
237000 15.7708
237100 15.8786
237200 15.8172
237300 15.836
237400 15.8323
237500 15.8067
237600 15.9023
237700 15.8616
237800 15.836
237900 15.7964
238000 15.8514
238100 15.841
238200 15.9346
238300 15.9134
238400 15.9033
238500 15.9448
238600 15.87
238700 15.9411
238800 15.8631
238900 15.7168
239000 15.8212
239100 15.8025
239200 15.9162
239300 15.9278
239400 15.8624
239500 15.9368
239600 15.9904
239700 15.906
239800 15.8133
239900 15.8163
240000 15.9221
240100 15.881
240200 15.8222
240300 15.9417
240400 15.8024
240500 15.9308
240600 15.9803
240700 15.8851
240800 15.8469
240900 15.9031
241000 15.9728
241100 16.0266
241200 15.8969
241300 15.9348
241400 15.8906
241500 15.9913
241600 15.9277
241700 15.9793
241800 15.8914
241900 15.8838
242000 15.8838
242100 15.864
242200 16.0013
242300 15.8853
242400 15.9289
242500 16.0005
242600 15.9511
242700 16.0121
242800 15.9741
242900 16.0463
243000 15.9788
243100 15.9242
243200 15.9903
243300 15.8951
243400 15.9457
243500 16.0104
243600 15.9752
243700 15.9408
243800 15.8476
243900 16.0427
244000 15.9089
244100 15.8647
244200 15.965
244300 15.9782
244400 15.977
244500 15.9627
244600 15.9684
244700 15.9536
244800 15.9288
244900 16.0758
245000 15.98
245100 16.0371
245200 16.0353
245300 16.0144
245400 16.0119
245500 16.01
245600 16.0387
245700 16.0882
245800 15.9402
245900 15.926
246000 16.0371
246100 15.9388
246200 15.9416
246300 15.9802
246400 15.9779
246500 15.997
246600 15.9437
246700 16.0063
246800 15.8712
246900 16.0158
247000 15.9854
247100 15.9916
247200 15.9825
247300 15.817
247400 15.9044
247500 15.9082
247600 15.8822
247700 15.9352
247800 15.8585
247900 15.9784
248000 15.8598
248100 15.7608
248200 15.8938
248300 15.8851
248400 15.9054
248500 16.0362
248600 16.0274
248700 16.0365
248800 16.0805
248900 15.9942
249000 15.9549
249100 15.9436
249200 16.0076
249300 15.9641
249400 15.9951
249500 15.9317
249600 15.7998
249700 15.946
249800 15.8861
249900 15.9662
250000 15.934
250100 16.1078
250200 16.08
250300 16.0805
250400 16.1118
250500 16.1702
250600 16.1081
250700 16.1256
250800 16.0187
250900 16.0053
251000 16.0457
251100 16.0505
251200 15.988
251300 15.9773
251400 16.1446
251500 16.1439
251600 15.997
251700 16.1066
251800 16.064
251900 16.0968
252000 16.1177
252100 15.968
252200 16.0215
252300 16.144
252400 16.0972
252500 16.1797
252600 16.0279
252700 16.0851
252800 16.1042
252900 15.9841
253000 16.0575
253100 16.0775
253200 16.1055
253300 16.1875
253400 16.0899
253500 16.1131
253600 16.0855
253700 16.1619
253800 16.1496
253900 16.2098
254000 16.0554
254100 16.0182
254200 16.0384
254300 16.1909
254400 16.1077
254500 16.06
254600 16.1489
254700 16.1582
254800 15.9939
254900 16.0236
255000 16.0713
255100 16.1101
255200 16.0173
255300 16.1368
255400 16.0718
255500 16.1787
255600 16.2253
255700 16.1874
255800 16.1842
255900 16.1807
256000 16.1535
256100 16.0576
256200 16.1483
256300 16.1675
256400 16.2589
256500 16.2457
256600 16.2805
256700 16.2678
256800 16.359
256900 16.295
257000 16.288
257100 16.2697
257200 16.1928
257300 16.2117
257400 16.1912
257500 16.2982
257600 16.3239
257700 16.3282
257800 16.2919
257900 16.2796
258000 16.1855
258100 16.2314
258200 16.3291
258300 16.2595
258400 16.1268
258500 16.0545
258600 16.2277
258700 16.2718
258800 16.3351
258900 16.2093
259000 16.1636
259100 16.2602
259200 16.3427
259300 16.248
259400 16.3078
259500 16.2708
259600 16.2744
259700 16.3447
259800 16.407
259900 16.2829
260000 16.3929
260100 16.386
260200 16.4037
260300 16.2911
260400 16.2895
260500 16.2422
260600 16.3936
260700 16.4723
260800 16.4649
260900 16.3927
261000 16.4933
261100 16.4253
261200 16.3758
261300 16.4994
261400 16.5473
261500 16.4462
261600 16.4912
261700 16.4458
261800 16.3295
261900 16.3629
262000 16.4343
262100 16.3615
262200 16.3244
262300 16.3004
262400 16.4202
262500 16.3147
262600 16.4373
262700 16.4554
262800 16.4551
262900 16.4459
263000 16.4899
263100 16.4831
263200 16.4628
263300 16.4438
263400 16.5348
263500 16.5326
263600 16.5477
263700 16.5285
263800 16.6029
263900 16.4993
264000 16.5368
264100 16.5627
264200 16.5333
264300 16.5722
264400 16.632
264500 16.6093
264600 16.5157
264700 16.5386
264800 16.5775
264900 16.4703
265000 16.6018
265100 16.5056
265200 16.4826
265300 16.6317
265400 16.6221
265500 16.6292
265600 16.6254
265700 16.4697
265800 16.6002
265900 16.5968
266000 16.6616
266100 16.6277
266200 16.4766
266300 16.5198
266400 16.4847
266500 16.5038
266600 16.4826
266700 16.5673
266800 16.7064
266900 16.595
267000 16.6796
267100 16.5544
267200 16.6711
267300 16.6211
267400 16.6329
267500 16.5499
267600 16.5101
267700 16.5077
267800 16.5815
267900 16.5062
268000 16.5982
268100 16.656
268200 16.6771
268300 16.7415
268400 16.6926
268500 16.7061
268600 16.7385
268700 16.5738
268800 16.6674
268900 16.4801
269000 16.4638
269100 16.6381
269200 16.5251
269300 16.5116
269400 16.5258
269500 16.6595
269600 16.5012
269700 16.5466
269800 16.5811
269900 16.4612
270000 16.6587
270100 16.7181
270200 16.6811
270300 16.4725
270400 16.6052
270500 16.6692
270600 16.6576
270700 16.5683
270800 16.7112
270900 16.7027
271000 16.6743
271100 16.6981
271200 16.6116
271300 16.7571
271400 16.7037
271500 16.7428
271600 16.6691
271700 16.7888
271800 16.7492
271900 16.8618
272000 16.8385
272100 16.8906
272200 16.8592
272300 16.8116
272400 16.7519
272500 16.8355
272600 16.8449
272700 16.7215
272800 16.6866
272900 16.698
273000 16.703
273100 16.6042
273200 16.6588
273300 16.8772
273400 16.7411
273500 16.6268
273600 16.6363
273700 16.7277
273800 16.7553
273900 16.7474
274000 16.5725
274100 16.5318
274200 16.6632
274300 16.7097
274400 16.6211
274500 16.6368
274600 16.6997
274700 16.6225
274800 16.542
274900 16.5837
275000 16.6391
275100 16.6102
275200 16.6281
275300 16.6
275400 16.6355
275500 16.7183
275600 16.6532
275700 16.6457
275800 16.622
275900 16.7333
276000 16.72
276100 16.7176
276200 16.5818
276300 16.5916
276400 16.6702
276500 16.8104
276600 16.6289
276700 16.6798
276800 16.7551
276900 16.6273
277000 16.6978
277100 16.6491
277200 16.6397
277300 16.679
277400 16.5374
277500 16.6823
277600 16.7156
277700 16.5741
277800 16.5256
277900 16.5399
278000 16.6856
278100 16.5593
278200 16.4821
278300 16.6246
278400 16.642
278500 16.4845
278600 16.537
278700 16.5183
278800 16.5695
278900 16.6995
279000 16.6647
279100 16.7007
279200 16.7338
279300 16.8752
279400 16.5803
279500 16.668
279600 16.707
279700 16.7411
279800 16.7672
279900 16.703
280000 16.7897
280100 16.6147
280200 16.6843
280300 16.7633
280400 16.7316
280500 16.7119
280600 16.7043
280700 16.7216
280800 16.7112
280900 16.6276
281000 16.6974
281100 16.734
281200 16.7944
281300 16.7582
281400 16.8551
281500 16.8344
281600 16.7625
281700 16.7403
281800 16.7202
281900 16.8101
282000 16.7613
282100 16.7898
282200 16.7822
282300 16.6708
282400 16.8208
282500 16.7985
282600 16.77
282700 16.6897
282800 16.8002
282900 16.7399
283000 16.8416
283100 16.9371
283200 16.8104
283300 16.7852
283400 16.8706
283500 16.8158
283600 16.7677
283700 16.8458
283800 16.8826
283900 16.8279
284000 16.8521
284100 16.8736
284200 16.991
284300 16.9886
284400 16.8801
284500 17.0109
284600 16.9044
284700 16.911
284800 16.9044
284900 16.9588
285000 16.9743
285100 16.9442
285200 17.0242
285300 16.9809
285400 17.0126
285500 16.9814
285600 17.0034
285700 17.0734
285800 17.1427
285900 17.0861
286000 17.1068
286100 17.1296
286200 17.1172
286300 17.0558
286400 17.0688
286500 17.0626
286600 17.0619
286700 17.0754
286800 17.2389
286900 17.1947
287000 17.145
287100 17.1732
287200 17.2936
287300 17.2027
287400 17.1457
287500 17.2155
287600 17.2932
287700 17.1888
287800 17.2908
287900 17.2642
288000 17.2642
288100 17.1433
288200 17.3564
288300 17.2457
288400 17.2906
288500 17.2679
288600 17.342
288700 17.2844
288800 17.1598
288900 17.2619
289000 17.2552
289100 17.2284
289200 17.2677
289300 17.3555
289400 17.2808
289500 17.2446
289600 17.293
289700 17.2942
289800 17.2915
289900 17.3202
290000 17.3762
290100 17.2942
290200 17.3582
290300 17.3332
290400 17.257
290500 17.2277
290600 17.2602
290700 17.3035
290800 17.2297
290900 17.276
291000 17.3697
291100 17.3167
291200 17.3259
291300 17.1943
291400 17.379
291500 17.4505
291600 17.3905
291700 17.4408
291800 17.2857
291900 17.4322
292000 17.3746
292100 17.3461
292200 17.2901
292300 17.4094
292400 17.4462
292500 17.3569
292600 17.3797
292700 17.4568
292800 17.3543
292900 17.3394
293000 17.3489
293100 17.3006
293200 17.3661
293300 17.3238
293400 17.3456
293500 17.4355
293600 17.3849
293700 17.3768
293800 17.3777
293900 17.4435
294000 17.2728
294100 17.3668
294200 17.5121
294300 17.4038
294400 17.4465
294500 17.2975
294600 17.4723
294700 17.3027
294800 17.3818
294900 17.3368
295000 17.4718
295100 17.4067
295200 17.4585
295300 17.3742
295400 17.4509
295500 17.3883
295600 17.3504
295700 17.4145
295800 17.4352
295900 17.3655
296000 17.5008
296100 17.4879
296200 17.4718
296300 17.5137
296400 17.5049
296500 17.5366
296600 17.4701
296700 17.5215
296800 17.4873
296900 17.5816
297000 17.6393
297100 17.5572
297200 17.5321
297300 17.4842
297400 17.4898
297500 17.6732
297600 17.5665
297700 17.5341
297800 17.5293
297900 17.5298
298000 17.6379
298100 17.5312
298200 17.6814
298300 17.5793
298400 17.6703
298500 17.5727
298600 17.6695
298700 17.6665
298800 17.4463
298900 17.598
299000 17.6763
299100 17.5477
299200 17.587
299300 17.5584
299400 17.6394
299500 17.6227
299600 17.709
299700 17.612
299800 17.5547
299900 17.7222
300000 17.5987
300100 17.5225
300200 17.6134
300300 17.5854
300400 17.6895
300500 17.6359
300600 17.6034
300700 17.5635
300800 17.4869
300900 17.5549
301000 17.5624
301100 17.6254
301200 17.5459
301300 17.5644
301400 17.7024
301500 17.7524
301600 17.7424
301700 17.6141
301800 17.5979
301900 17.6306
302000 17.7078
302100 17.5853
302200 17.6101
302300 17.5433
302400 17.5939
302500 17.6799
302600 17.6998
302700 17.5481
302800 17.6466
302900 17.5707
303000 17.7234
303100 17.5184
303200 17.6802
303300 17.5899
303400 17.6048
303500 17.6321
303600 17.6248
303700 17.7145
303800 17.6438
303900 17.5632
304000 17.5715
304100 17.684
304200 17.7556
304300 17.7436
304400 17.6924
304500 17.744
304600 17.7322
304700 17.7972
304800 17.8253
304900 17.8907
305000 17.9204
305100 17.8371
305200 17.7783
305300 17.8144
305400 17.8485
305500 17.8019
305600 17.9038
305700 17.8013
305800 17.7948
305900 17.8117
306000 17.8261
306100 17.7611
306200 17.7905
306300 17.8544
306400 17.7628
306500 17.7317
306600 17.7131
306700 17.8875
306800 17.9457
306900 17.899
307000 17.8967
307100 17.9211
307200 17.7805
307300 17.9949
307400 17.9788
307500 17.9524
307600 17.9392
307700 17.9737
307800 17.9871
307900 18.0127
308000 18.0279
308100 17.9949
308200 18.0486
308300 17.8468
308400 18.0319
308500 18.0227
308600 18.0065
308700 17.9232
308800 17.8741
308900 17.9924
309000 17.8637
309100 17.7597
309200 17.9601
309300 17.994
309400 18.2406
309500 18.1784
309600 18.0852
309700 18.1737
309800 18.2
309900 18.2143
310000 18.1402
310100 18.0944
310200 18.1082
310300 18.0871
310400 18.1574
310500 18.0887
310600 18.223
310700 18.1106
310800 18.2181
310900 18.1308
311000 18.1188
311100 18.0682
311200 18.1722
311300 18.1272
311400 18.1849
311500 18.1569
311600 18.2256
311700 18.2556
311800 18.1595
311900 18.1233
312000 18.1931
312100 18.1661
312200 18.1468
312300 18.2264
312400 18.1422
312500 18.0678
312600 18.1988
312700 18.1853
312800 18.1703
312900 18.0454
313000 18.1907
313100 18.215
313200 18.0766
313300 18.0776
313400 18.0551
313500 18.1006
313600 18.1331
313700 18.0685
313800 18.0355
313900 18.0518
314000 18.1575
314100 18.2855
314200 18.2656
314300 18.2008
314400 18.182
314500 18.131
314600 18.0928
314700 18.1348
314800 18.1022
314900 18.1512
315000 18.2899
315100 18.2138
315200 18.2921
315300 18.3578
315400 18.2325
315500 18.1319
315600 18.1368
315700 18.1708
315800 18.1009
315900 18.3258
316000 18.2197
316100 18.2139
316200 18.1201
316300 18.3343
316400 18.1732
316500 18.1998
316600 18.1653
316700 18.2779
316800 18.1882
316900 18.2688
317000 18.3028
317100 18.1644
317200 18.2819
317300 18.2224
317400 18.2002
317500 18.213
317600 18.2694
317700 18.3048
317800 18.1929
317900 18.2476
318000 18.2558
318100 18.2828
318200 18.2817
318300 18.2122
318400 18.3759
318500 18.233
318600 18.292
318700 18.2347
318800 18.3135
318900 18.2565
319000 18.2484
319100 18.1708
319200 18.1163
319300 18.1731
319400 18.2077
319500 18.3231
319600 18.358
319700 18.403
319800 18.4238
319900 18.2884
320000 18.3283
320100 18.3226
320200 18.3888
320300 18.3053
320400 18.3158
320500 18.3733
320600 18.2885
320700 18.4095
320800 18.3485
320900 18.3681
321000 18.2517
321100 18.4507
321200 18.3174
321300 18.3567
321400 18.362
321500 18.3247
321600 18.2667
321700 18.2889
321800 18.4386
321900 18.4218
322000 18.3087
322100 18.3477
322200 18.3737
322300 18.3454
322400 18.3128
322500 18.3811
322600 18.4518
322700 18.3389
322800 18.3542
322900 18.4394
323000 18.3927
323100 18.4253
323200 18.2693
323300 18.389
323400 18.3117
323500 18.3209
323600 18.4593
323700 18.3726
323800 18.3459
323900 18.2742
324000 18.3217
324100 18.2549
324200 18.441
324300 18.3918
324400 18.428
324500 18.5327
324600 18.5881
324700 18.4904
324800 18.5462
324900 18.4005
325000 18.5329
325100 18.5196
325200 18.4143
325300 18.3918
325400 18.4422
325500 18.2948
325600 18.305
325700 18.3239
325800 18.3012
325900 18.4218
326000 18.3995
326100 18.3311
326200 18.2963
326300 18.2633
326400 18.4247
326500 18.442
326600 18.4689
326700 18.3877
326800 18.4951
326900 18.4325
327000 18.3879
327100 18.3564
327200 18.3713
327300 18.2798
327400 18.4964
327500 18.3606
327600 18.4047
327700 18.3003
327800 18.3779
327900 18.3409
328000 18.3605
328100 18.4698
328200 18.309
328300 18.3846
328400 18.2997
328500 18.4212
328600 18.3471
328700 18.345
328800 18.3719
328900 18.4185
329000 18.2884
329100 18.43
329200 18.4283
329300 18.4233
329400 18.3272
329500 18.3926
329600 18.3235
329700 18.3882
329800 18.4871
329900 18.3195
330000 18.303
330100 18.3605
330200 18.3135
330300 18.3635
330400 18.4867
330500 18.4877
330600 18.4741
330700 18.502
330800 18.3931
330900 18.4626
331000 18.4955
331100 18.3703
331200 18.5729
331300 18.5528
331400 18.5983
331500 18.5105
331600 18.509
331700 18.5082
331800 18.5316
331900 18.5619
332000 18.5089
332100 18.6
332200 18.5442
332300 18.5846
332400 18.4953
332500 18.6068
332600 18.616
332700 18.6311
332800 18.6395
332900 18.6676
333000 18.6059
333100 18.7187
333200 18.6681
333300 18.7128
333400 18.7614
333500 18.7784
333600 18.6681
333700 18.7856
333800 18.7103
333900 18.7933
334000 18.7746
334100 18.7803
334200 18.8436
334300 18.8099
334400 18.8889
334500 18.6691
334600 18.8073
334700 18.755
334800 18.6059
334900 18.6657
335000 18.7351
335100 18.8025
335200 18.8459
335300 18.8036
335400 18.847
335500 18.6828
335600 18.6987
335700 18.7179
335800 18.8412
335900 18.6728
336000 18.746
336100 18.8257
336200 18.8596
336300 18.8475
336400 18.6996
336500 18.8148
336600 18.8476
336700 18.9604
336800 18.8392
336900 18.8812
337000 18.7858
337100 18.8518
337200 18.9574
337300 19.1085
337400 19.0224
337500 18.9803
337600 19.0391
337700 19.1038
337800 18.9715
337900 18.8799
338000 19.167
338100 19.0378
338200 19.1367
338300 19.0427
338400 19.042
338500 19.0306
338600 18.9951
338700 19.0546
338800 18.8581
338900 19.0661
339000 19.0689
339100 18.9163
339200 18.9329
339300 18.937
339400 18.8878
339500 18.9301
339600 18.8406
339700 19.0041
339800 18.9056
339900 19.0081
340000 18.9294
340100 18.9856
340200 19.0244
340300 18.9932
340400 19.1224
340500 19.016
340600 18.9948
340700 18.919
340800 18.9001
340900 18.9461
341000 19.0265
341100 18.9592
341200 18.9579
341300 19.0106
341400 18.973
341500 19.0136
341600 19.0341
341700 18.9654
341800 19.0369
341900 19.0355
342000 19.0724
342100 19.1358
342200 19.0549
342300 18.9218
342400 18.8598
342500 18.9424
342600 18.977
342700 18.9899
342800 18.9033
342900 19.0092
343000 18.9176
343100 18.9464
343200 19.0024
343300 18.8962
343400 18.9789
343500 18.99
343600 19.1294
343700 19.1978
343800 19.0363
343900 18.9651
344000 19.1025
344100 19.0665
344200 19.0602
344300 18.9579
344400 19.0289
344500 19.0755
344600 19.0602
344700 19.0226
344800 19.0044
344900 19.0828
345000 19.0724
345100 19.1708
345200 19.0723
345300 19.1347
345400 19.1622
345500 19.1812
345600 19.1412
345700 19.0741
345800 19.0612
345900 19.0563
346000 19.1897
346100 19.1638
346200 19.1594
346300 19.1776
346400 19.1613
346500 19.1894
346600 19.095
346700 19.2009
346800 19.2464
346900 19.2443
347000 19.3035
347100 19.2923
347200 19.2399
347300 19.3382
347400 19.2399
347500 19.3192
347600 19.169
347700 19.2497
347800 19.392
347900 19.2794
348000 19.3339
348100 19.2908
348200 19.2759
348300 19.3591
348400 19.3191
348500 19.1525
348600 19.1341
348700 19.207
348800 19.1171
348900 19.0907
349000 19.2823
349100 19.4235
349200 19.3531
349300 19.3423
349400 19.1349
349500 19.2174
349600 19.291
349700 19.2912
349800 19.2098
349900 19.1679
350000 19.2703
