# Time-averaged data for fix all_msd
# TimeStep c_msd1[4]
0 2.04939e-29
100 0.372928
200 0.6376
300 0.879314
400 1.10821
500 1.37656
600 1.7873
700 2.16064
800 2.6137
900 3.02395
1000 3.56967
1100 3.9941
1200 4.25226
1300 4.69794
1400 5.03161
1500 5.19317
1600 5.62408
1700 5.81736
1800 6.20065
1900 6.48762
2000 6.75141
2100 7.01668
2200 7.52007
2300 7.82897
2400 8.17242
2500 8.28535
2600 8.63394
2700 8.80646
2800 9.13876
2900 9.4469
3000 9.75614
3100 10.0623
3200 10.3081
3300 10.5987
3400 10.7396
3500 11.0073
3600 11.2057
3700 11.4316
3800 11.6533
3900 12.1424
4000 12.1376
4100 12.3268
4200 12.9521
4300 13.246
4400 13.3683
4500 13.5795
4600 13.9342
4700 14.1685
4800 14.4544
4900 14.7409
5000 14.9965
5100 15.0107
5200 15.1
5300 15.5707
5400 15.7
5500 15.8029
5600 15.8028
5700 16.2762
5800 16.4701
5900 16.6081
6000 16.8684
6100 17.1559
6200 17.4708
6300 17.6075
6400 17.8099
6500 17.9243
6600 18.2507
6700 18.5657
6800 18.9248
6900 19.126
7000 19.4591
7100 19.7174
7200 19.895
7300 19.9968
7400 20.2683
7500 20.4838
7600 20.5665
7700 20.9781
7800 21.0543
7900 21.149
8000 21.4587
8100 21.5176
8200 21.838
8300 22.1208
8400 22.3594
8500 22.5676
8600 22.8485
8700 23.0453
8800 23.1866
8900 23.4251
9000 23.6839
9100 23.6465
9200 24.0332
9300 24.3597
9400 24.7155
9500 25.1703
9600 25.396
9700 25.7651
9800 25.7785
9900 26.0634
10000 26.4284
10100 26.902
10200 26.9867
10300 27.268
10400 27.1968
10500 27.7189
10600 28.0053
10700 28.3433
10800 28.6055
10900 28.6753
11000 29.0134
11100 29.0919
11200 29.5584
11300 29.7737
11400 29.987
11500 30.4875
11600 30.6139
11700 30.5712
11800 31.0736
11900 31.4991
12000 31.943
12100 32.1134
12200 32.116
12300 32.535
12400 33.3239
12500 33.3931
12600 33.6845
12700 33.8246
12800 33.9112
12900 34.2253
13000 34.5656
13100 34.7304
13200 34.9631
13300 35.1711
13400 35.334
13500 35.7961
13600 36.203
13700 36.1279
13800 36.3665
13900 36.5745
14000 36.5548
14100 36.7428
14200 36.9344
14300 37.5079
14400 37.2882
14500 37.5034
14600 38.0326
14700 38.0893
14800 38.2407
14900 38.4653
15000 39.0649
15100 39.4958
15200 39.8065
15300 40.094
15400 40.3171
15500 40.3813
15600 40.9131
15700 41.0505
15800 41.0836
15900 41.582
16000 41.7415
16100 42.1253
16200 42.6329
16300 42.762
16400 42.8374
16500 43.3557
16600 43.4212
16700 43.7232
16800 43.6697
16900 44.4071
17000 44.7501
17100 44.9148
17200 45.1657
17300 45.1917
17400 45.6398
17500 45.8069
17600 45.9658
17700 46.1078
17800 46.513
17900 46.3181
18000 46.7861
18100 47.193
18200 47.3798
18300 47.5378
18400 47.7056
18500 48.0747
18600 48.6233
18700 49.2756
18800 49.2789
18900 49.2869
19000 49.5283
19100 49.8106
19200 49.7998
19300 50.2037
19400 49.8653
19500 50.1111
19600 50.1541
19700 50.6099
19800 50.7796
19900 51.0927
20000 51.4509
20100 51.8938
20200 52.2459
20300 51.8515
20400 52.0856
20500 52.2422
20600 52.3355
20700 52.7606
20800 52.9737
20900 53.1391
21000 53.3737
21100 53.5635
21200 54.0694
21300 54.3217
21400 54.1344
21500 54.2694
21600 54.7142
21700 55.4492
21800 55.6929
21900 55.8919
22000 56.1075
22100 55.9477
22200 56.2547
22300 56.2775
22400 56.5538
22500 57.0463
22600 57.5563
22700 58.0888
22800 58.2752
22900 57.8877
23000 58.2441
23100 58.9016
23200 59.2878
23300 59.2603
23400 59.6113
23500 59.5446
23600 59.636
23700 59.7461
23800 59.7376
23900 60.2212
24000 60.4667
24100 60.9592
24200 60.7167
24300 60.9376
24400 61.1614
24500 61.3458
24600 62.0551
24700 62.0557
24800 62.2219
24900 62.3197
25000 62.8214
25100 62.6872
25200 63.1588
25300 62.9044
25400 63.6926
25500 64.288
25600 64.6188
25700 64.4925
25800 65.0259
25900 65.277
26000 65.6254
26100 65.7128
26200 65.9693
26300 66.1558
26400 66.5475
26500 66.8504
26600 67.2644
26700 67.6583
26800 68.1381
26900 68.3262
27000 68.721
27100 69.1411
27200 68.9005
27300 69.301
27400 69.2651
27500 69.5708
27600 70.1224
27700 70.0821
27800 70.373
27900 71.0403
28000 71.2145
28100 71.3908
28200 71.1088
28300 71.8399
28400 72.03
28500 72.3009
28600 72.3791
28700 72.8006
28800 72.8208
28900 73.0977
29000 73.6139
29100 74.3877
29200 74.6711
29300 74.881
29400 75.6262
29500 75.831
29600 75.6992
29700 75.6005
29800 75.9579
29900 76.0503
30000 76.2605
30100 76.6537
30200 77.2589
30300 77.3336
30400 77.6467
30500 77.9195
30600 77.7585
30700 78.2532
30800 78.3392
30900 78.5483
31000 78.7271
31100 79.1825
31200 79.7077
31300 79.8731
31400 80.3073
31500 80.593
31600 80.6472
31700 81.2161
31800 81.6046
31900 81.6084
32000 82.0714
32100 82.8582
32200 82.8006
32300 83.2425
32400 83.1123
32500 83.4341
32600 83.8707
32700 84.186
32800 83.7891
32900 83.767
33000 84.6647
33100 85.0328
33200 84.9848
33300 85.579
33400 85.114
33500 85.8858
33600 85.9935
33700 86.0167
33800 86.39
33900 86.6403
34000 86.8358
34100 87.4037
34200 87.7149
34300 87.9269
34400 88.2605
34500 88.6409
34600 88.3753
34700 89.4155
34800 89.6529
34900 90.054
35000 90.1251
35100 90.3156
35200 90.7301
35300 90.6227
35400 90.537
35500 90.9694
35600 90.7886
35700 91.0718
35800 91.154
35900 91.0981
36000 91.3348
36100 91.301
36200 91.7193
36300 91.9786
36400 92.1512
36500 92.5462
36600 92.3374
36700 92.8873
36800 92.9222
36900 93.3177
37000 93.5016
37100 93.6705
37200 94.2098
37300 94.3566
37400 94.9308
37500 94.8933
37600 94.7838
37700 95.2366
37800 95.3226
37900 95.4003
38000 96.0503
38100 96.3783
38200 95.9968
38300 96.2871
38400 96.7073
38500 96.674
38600 96.8666
38700 97.1564
38800 97.1902
38900 96.9818
39000 97.0437
39100 97.2103
39200 97.8216
39300 97.8915
39400 98.1956
39500 98.2351
39600 98.4042
39700 98.2248
39800 98.4954
39900 98.5584
40000 98.5851
40100 99.0734
40200 99.5346
40300 99.5511
40400 99.9215
40500 100.126
40600 100.621
40700 100.83
40800 100.795
40900 100.667
41000 101.459
41100 101.696
41200 101.94
41300 101.892
41400 102.514
41500 102.274
41600 102.758
41700 103.421
41800 103.797
41900 104.075
42000 104.201
42100 104.568
42200 103.97
42300 104.356
42400 104.763
42500 105.103
42600 105.404
42700 105.871
42800 106.155
42900 106.394
43000 106.344
43100 106.273
43200 105.985
43300 106.517
43400 106.696
43500 106.884
43600 107.417
43700 107.567
43800 108.082
43900 107.742
44000 108.895
44100 108.838
44200 109.102
44300 109.134
44400 109.162
44500 109.47
44600 110.171
44700 110.63
44800 110.762
44900 110.53
45000 110.608
45100 110.236
45200 110.481
45300 110.753
45400 111.383
45500 111.067
45600 111.6
45700 111.95
45800 112.251
45900 112.657
46000 113.147
46100 112.942
46200 112.808
46300 113.598
46400 113.452
46500 113.963
46600 114.963
46700 114.986
46800 115.223
46900 114.609
47000 115.103
47100 115.347
47200 115.011
47300 116.036
47400 116.288
47500 116.74
47600 117.185
47700 118.314
47800 118.296
47900 118.313
48000 118.291
48100 118.919
48200 119.643
48300 119.79
48400 119.269
48500 119.749
48600 119.663
48700 120.048
48800 120.171
48900 120.48
49000 120.589
49100 120.716
49200 120.754
49300 121.167
49400 121.153
49500 121.398
49600 121.216
49700 122.066
49800 122.616
49900 123.402
50000 123.357
50100 123.202
50200 122.951
50300 123.316
50400 123.749
50500 124.047
50600 124.081
50700 123.931
50800 124.018
50900 124.274
51000 124.44
51100 124.611
51200 124.888
51300 125.002
51400 125.193
51500 125.539
51600 125.404
51700 125.725
51800 125.957
51900 126.178
52000 126.679
52100 126.991
52200 126.855
52300 127.219
52400 127.482
52500 127.739
52600 128.059
52700 128.417
52800 128.395
52900 128.693
53000 128.88
53100 128.877
53200 129.424
53300 129.592
53400 129.912
53500 130.475
53600 130.615
53700 130.402
53800 130.947
53900 131.162
54000 131.681
54100 131.545
54200 132.183
54300 132.629
54400 132.576
54500 132.611
54600 132.806
54700 133.159
54800 133.1
54900 133.838
55000 133.818
55100 134.093
55200 134.869
55300 135.208
55400 134.938
55500 135.392
55600 135.962
55700 135.6
55800 136.116
55900 136.547
56000 136.174
56100 136.417
56200 136.666
56300 137.481
56400 137.921
56500 138.239
56600 138.51
56700 137.747
56800 138.308
56900 138.791
57000 138.489
57100 138.617
57200 138.701
57300 139.276
57400 139.165
57500 139.858
57600 139.967
57700 139.665
57800 140.597
57900 141.398
58000 140.936
58100 141.403
58200 140.827
58300 140.757
58400 141.307
58500 141.292
58600 142.354
58700 142.749
58800 142.728
58900 142.962
59000 142.875
59100 143.078
59200 142.541
59300 143.299
59400 142.93
59500 142.964
59600 142.965
59700 143.372
59800 143.633
59900 144.095
60000 144.113
60100 143.679
60200 143.596
60300 144.005
60400 144.399
60500 144.526
60600 144.26
60700 144.802
60800 144.466
60900 145.283
61000 146.235
61100 145.456
61200 146.09
61300 146.291
61400 146.597
61500 147.144
61600 147.407
61700 147.815
61800 147.667
61900 147.88
62000 148.559
62100 148.792
62200 148.835
62300 148.511
62400 149.101
62500 149.42
62600 150.336
62700 150.606
62800 150.179
62900 150.715
63000 151.248
63100 151.299
63200 152.078
63300 152.062
63400 152.359
63500 153.07
63600 152.838
63700 153.293
63800 153.4
63900 154.11
64000 154.675
64100 154.667
64200 155.589
64300 155.542
64400 155.374
64500 155.199
64600 155.236
64700 155.689
64800 155.546
64900 156.3
65000 157.139
65100 157.358
65200 157.447
65300 158.15
65400 158.37
65500 158.429
65600 158.78
65700 159.031
65800 158.883
65900 159.057
66000 159.321
66100 159.764
66200 160.212
66300 159.925
66400 159.792
66500 160.658
66600 160.543
66700 160.99
66800 161.125
66900 161.01
67000 161.028
67100 160.964
67200 161.359
67300 161.662
67400 161.841
67500 162.309
67600 162.911
67700 162.669
67800 163.528
67900 162.558
68000 162.628
68100 163.522
68200 163.402
68300 163.361
68400 163.665
68500 163.634
68600 163.907
68700 164.102
68800 164.457
68900 165.004
69000 164.475
69100 164.495
69200 165.087
69300 165.335
69400 165.555
69500 165.93
69600 166.176
69700 166.591
69800 166.677
69900 166.805
70000 166.974
70100 167.196
70200 166.838
70300 167.044
70400 167.593
70500 168.398
70600 168.143
70700 168.597
70800 168.942
70900 168.432
71000 168.625
71100 168.894
71200 169.565
71300 169.717
71400 169.741
71500 170.565
71600 169.704
71700 169.816
71800 170.761
71900 170.454
72000 171.483
72100 172.036
72200 171.903
72300 172.358
72400 172.217
72500 172.575
72600 172.558
72700 173.201
72800 173.29
72900 173.751
73000 173.554
73100 173.801
73200 174.147
73300 173.77
73400 174.197
73500 173.579
73600 174.612
73700 174.438
73800 174.486
73900 175.064
74000 174.836
74100 175.239
74200 175.732
74300 175.423
74400 175.356
74500 175.686
74600 176.165
74700 176.407
74800 176.747
74900 176.411
75000 177.271
75100 177.115
75200 176.962
75300 177.242
75400 177.599
75500 177.4
75600 178.116
75700 178.451
75800 178.248
75900 179.144
76000 179.352
76100 179.508
76200 179.665
76300 179.363
76400 180.251
76500 180.662
76600 180.921
76700 181.536
76800 181.715
76900 182.058
77000 182.336
77100 181.873
77200 182.1
77300 182.455
77400 182.483
77500 183.329
77600 183.318
77700 183.761
77800 184.14
77900 184.288
78000 184.854
78100 184.698
78200 185.15
78300 185.717
78400 186.651
78500 186.013
78600 186.571
78700 186.253
78800 187.047
78900 187.815
79000 187.485
79100 188.171
79200 188.053
79300 187.784
79400 188.295
79500 188.674
79600 188.967
79700 189.04
79800 189.245
79900 189.672
80000 190.095
80100 189.927
80200 190.059
80300 190.495
80400 190.747
80500 190.958
80600 191.166
80700 191.459
80800 192.234
80900 192.754
81000 192.604
81100 193.332
81200 193.457
81300 193.481
81400 194.663
81500 194.116
81600 194.007
81700 194.578
81800 194.466
81900 194.779
82000 195.385
82100 195.161
82200 195.758
82300 195.886
82400 196.213
82500 196.825
82600 196.977
82700 196.163
82800 197.055
82900 197.482
83000 197.549
83100 197.38
83200 197.926
83300 198.081
83400 198.152
83500 198.77
83600 199.302
83700 199.511
83800 199.72
83900 200.241
84000 200.201
84100 200.587
84200 201.422
84300 201.795
84400 201.846
84500 202.011
84600 201.992
84700 202.698
84800 203.204
84900 203.913
85000 203.646
85100 203.59
85200 203.666
85300 204.094
85400 204.752
85500 205.101
85600 204.421
85700 205.039
85800 205.117
85900 206.012
86000 205.749
86100 206.842
86200 207.238
86300 207.22
86400 206.592
86500 207.358
86600 208.076
86700 208.42
86800 208.697
86900 208.57
87000 208.337
87100 208.911
87200 209.195
87300 208.928
87400 209.39
87500 210.334
87600 210.181
87700 210.857
87800 210.76
87900 211.438
88000 211.645
88100 211.874
88200 211.554
88300 212.706
88400 212.593
88500 213.073
88600 213.039
88700 213.294
88800 213.592
88900 213.756
89000 213.989
89100 214.271
89200 214.27
89300 214.37
89400 214.658
89500 215.64
89600 214.612
89700 215.296
89800 215.333
89900 216.226
90000 216.501
90100 216.507
90200 216.716
90300 216.782
90400 217.355
90500 216.865
90600 218.011
90700 218.237
90800 218.568
90900 218.897
91000 218.941
91100 219.071
91200 219.161
91300 219.234
91400 219.996
91500 220.107
91600 220.619
91700 220.686
91800 220.134
91900 220.126
92000 220.543
92100 219.79
92200 220.944
92300 220.683
92400 221.182
92500 220.949
92600 220.667
92700 220.673
92800 221.361
92900 221.874
93000 221.974
93100 221.811
93200 222.258
93300 222.721
93400 223.014
93500 223.368
93600 223.039
93700 223.974
93800 223.618
93900 224.06
94000 224.075
94100 223.57
94200 224.06
94300 224.333
94400 225.047
94500 224.915
94600 224.912
94700 224.825
94800 224.83
94900 225.272
95000 225.516
95100 225.516
95200 225.949
95300 225.652
95400 226.612
95500 226.793
95600 226.525
95700 226.991
95800 227.993
95900 227.751
96000 228.576
96100 228.238
96200 228.417
96300 228.939
96400 228.79
96500 229.15
96600 229.632
96700 229.374
96800 229.789
96900 229.723
97000 230.682
97100 231.432
97200 231.081
97300 232.037
97400 231.978
97500 231.723
97600 232.304
97700 233.409
97800 232.601
97900 232.637
98000 232.016
98100 232.9
98200 232.93
98300 232.726
98400 233.103
98500 233.706
98600 233.473
98700 233.789
98800 233.363
98900 233.649
99000 233.516
99100 233.89
99200 233.74
99300 234.217
99400 235.281
99500 234.691
99600 235.138
99700 235.537
99800 235.709
99900 236.604
100000 237.389
100100 237.438
100200 237.801
100300 237.324
100400 237.113
100500 237.191
100600 237.962
100700 237.785
100800 238.502
100900 237.595
101000 238.347
101100 238.226
101200 237.788
101300 239.123
101400 238.719
101500 239.52
101600 238.622
101700 239.166
101800 239.46
101900 239.164
102000 238.922
102100 240.1
102200 240.249
102300 240.201
102400 241.535
102500 242.306
102600 242.135
102700 241.96
102800 242.214
102900 242.235
103000 242.783
103100 243.465
103200 243.605
103300 244.176
103400 244.272
103500 244.289
103600 243.14
103700 244.293
103800 243.485
103900 244.528
104000 244.653
104100 245.292
104200 245.696
104300 245.861
104400 245.245
104500 245.162
104600 245.511
104700 245.285
104800 246.379
104900 247.173
105000 247.216
105100 247.24
105200 247.27
105300 247.815
105400 247.442
105500 247.63
105600 248.774
105700 248.755
105800 248.326
105900 249.188
106000 249.153
106100 248.93
106200 248.457
106300 249.297
106400 249.469
106500 250.25
106600 250.794
106700 250.92
106800 251.516
106900 251.199
107000 251.569
107100 251.084
107200 251.025
107300 251.261
107400 251.621
107500 251.1
107600 251.48
107700 251.91
107800 252.087
107900 252.526
108000 253.004
108100 253.037
108200 253.059
108300 253.065
108400 253.822
108500 253.72
108600 254.14
108700 254.212
108800 253.923
108900 253.803
109000 253.806
109100 254.914
109200 255.234
109300 254.697
109400 254.971
109500 255.824
109600 256.215
109700 256.192
109800 256.389
109900 256.5
110000 256.84
110100 256.704
110200 257.391
110300 257.359
110400 256.71
110500 257.802
110600 258.488
110700 258.457
110800 258.083
110900 259.004
111000 259.124
111100 258.868
111200 258.862
111300 258.592
111400 259.231
111500 259.771
111600 260.169
111700 260.473
111800 260.744
111900 260.019
112000 260.388
112100 260.886
112200 260.659
112300 260.964
112400 260.773
112500 261.504
112600 261.503
112700 262.363
112800 262.482
112900 262.488
113000 263.088
113100 263.489
113200 263.577
113300 264.031
113400 264.146
113500 264.396
113600 264.717
113700 264.613
113800 264.127
113900 265.055
114000 265.261
114100 264.479
114200 264.869
114300 264.741
114400 265.386
114500 265.769
114600 266.311
114700 265.835
114800 266.378
114900 266.518
115000 267.214
115100 266.819
115200 267.276
115300 267.403
115400 266.8
115500 267.143
115600 267.225
115700 267.761
115800 268.858
115900 268.206
116000 268.327
116100 269.012
116200 269.74
116300 269.727
116400 270.274
116500 269.546
116600 269.407
116700 269.036
116800 270.708
116900 271.189
117000 271.031
117100 270.724
117200 271.223
117300 272.184
117400 272.602
117500 271.806
117600 272.912
117700 273.603
117800 274.109
117900 274.359
118000 274.698
118100 274.716
118200 275.412
118300 274.668
118400 273.45
118500 274.45
118600 274.597
118700 274.247
118800 274.446
118900 274.803
119000 274.17
119100 274.183
119200 274.144
119300 273.814
119400 274.047
119500 274.352
119600 274.096
119700 273.887
119800 274.326
119900 274.285
120000 275.055
120100 274.361
120200 275.357
120300 275.116
120400 275.376
120500 276.043
120600 275.865
120700 276.41
120800 276.656
120900 276.953
121000 277.943
121100 277.416
121200 278.121
121300 278.016
121400 278.429
121500 278.506
121600 278.735
121700 278.572
121800 279.494
121900 279.602
122000 280.094
122100 280.343
122200 279.902
122300 280.671
122400 281.081
122500 281.428
122600 281.347
122700 281.5
122800 281.61
122900 282.026
123000 282.565
123100 283.127
123200 282.504
123300 284.008
123400 283.445
123500 283.82
123600 284.38
123700 283.502
123800 282.869
123900 283.422
124000 284.024
124100 284.166
124200 284.251
124300 285.512
124400 285.255
124500 285.543
124600 286.194
124700 286.545
124800 286.544
124900 286.599
125000 287.375
125100 287.456
125200 288.498
125300 288.053
125400 287.73
125500 288.23
125600 288.279
125700 289.13
125800 290.054
125900 289.824
126000 290.426
126100 290.228
126200 290.589
126300 290.601
126400 290.971
126500 290.894
126600 291.008
126700 291.142
126800 291.411
126900 291.161
127000 291.203
127100 292.038
127200 292.017
127300 292.74
127400 292.934
127500 292.304
127600 292.247
127700 292.548
127800 292.604
127900 292.293
128000 293.265
128100 293.918
128200 292.836
128300 293.61
128400 293.257
128500 293.783
128600 294.195
128700 294.753
128800 294.224
128900 294.669
129000 295.758
129100 295.773
129200 296.653
129300 297.731
129400 297.671
129500 298.075
129600 297.865
129700 297.903
129800 299.027
129900 298.17
130000 298.382
130100 298.64
130200 298.885
130300 298.905
130400 299.611
130500 299.504
130600 300.153
130700 300.554
130800 300.717
130900 300.348
131000 300.485
131100 301.051
131200 301.666
131300 301.829
131400 301.343
131500 301.566
131600 302.976
131700 302.151
131800 302.736
131900 303.198
132000 303.387
132100 303.387
132200 303.644
132300 303.094
132400 303.738
132500 304.528
132600 304.89
132700 304.713
132800 304.948
132900 304.86
133000 304.744
133100 305.348
133200 305.663
133300 306.47
133400 307.545
133500 307.427
133600 307.678
133700 307.711
133800 308.376
133900 308.038
134000 308.618
134100 309.053
134200 309.084
134300 308.731
134400 309.831
134500 309.153
134600 310.044
134700 310.689
134800 311.22
134900 312.168
135000 311.876
135100 313.073
135200 312.532
135300 312.973
135400 313.126
135500 313.81
135600 314.44
135700 314.58
135800 314.465
135900 315.393
136000 314.352
136100 314.432
136200 314.892
136300 314.535
136400 314.297
136500 315.604
136600 316.157
136700 316.731
136800 316.11
136900 315.555
137000 315.566
137100 316.202
137200 316.473
137300 316.838
137400 317.076
137500 316.987
137600 316.03
137700 316.712
137800 318.2
137900 318.433
138000 318.03
138100 318.496
138200 318.866
138300 318.872
138400 319.694
138500 319.93
138600 320.426
138700 320.86
138800 320.64
138900 320.382
139000 320.768
139100 321.247
139200 321.558
139300 321.538
139400 322.707
139500 322.441
139600 322.04
139700 323.317
139800 323.73
139900 323.107
140000 324.012
140100 323.788
140200 324.526
140300 325.069
140400 325.344
140500 326.012
140600 326.115
140700 326.36
140800 327.159
140900 328.088
141000 328.241
141100 328.155
141200 327.928
141300 328.872
141400 328.429
141500 329.189
141600 328.941
141700 329.112
141800 329.232
141900 329.799
142000 330.402
142100 330.653
142200 330.686
142300 330.846
142400 331.091
142500 330.657
142600 331.639
142700 332.224
142800 332.498
142900 332.493
143000 332.807
143100 332.578
143200 332.829
143300 333.117
143400 332.788
143500 333.264
143600 334.129
143700 334.414
143800 334.58
143900 333.646
144000 333.391
144100 333.886
144200 334.106
144300 334.244
144400 334.57
144500 334.823
144600 335.269
144700 335.209
144800 335.529
144900 335.89
145000 336.459
145100 336.352
145200 336.673
145300 336.484
145400 336.902
145500 337.14
145600 337.116
145700 337.002
145800 338.186
145900 337.911
146000 338.357
146100 338.161
146200 338.727
146300 339.378
146400 339.713
146500 340.167
146600 340.844
146700 341.061
146800 341.085
146900 342.389
147000 341.674
147100 341.737
147200 342.353
147300 342.245
147400 342.43
147500 342.623
147600 342.978
147700 344.068
147800 343.919
147900 344.221
148000 344.802
148100 344.954
148200 344.455
148300 345.295
148400 344.777
148500 345.108
148600 345.382
148700 345.578
148800 345.798
148900 346.027
149000 346.621
149100 346.861
149200 346.914
149300 348.331
149400 346.929
149500 347.567
149600 347.669
149700 347.955
149800 348.15
149900 348.066
150000 349.49
150100 348.659
150200 349.058
150300 348.076
150400 348.263
150500 348.901
150600 348.204
150700 349.695
150800 349.097
150900 349.111
151000 350.111
151100 349.873
151200 349.579
151300 349.689
151400 350.262
151500 349.971
151600 351.128
151700 351.454
151800 351.244
151900 351.19
152000 351.328
152100 350.91
152200 351.635
152300 352.306
152400 352.126
152500 351.76
152600 352.231
152700 352.141
152800 352.959
152900 353.435
153000 353.615
153100 352.648
153200 353.716
153300 354.172
153400 354.677
153500 354.142
153600 354.374
153700 354.224
153800 354.329
153900 354.38
154000 354.787
154100 354.695
154200 355.131
154300 355.516
154400 355.42
154500 356.026
154600 355.774
154700 356.136
154800 356.125
154900 356.023
155000 356.698
155100 356.385
155200 357.234
155300 357.181
155400 358.082
155500 358.279
155600 358.682
155700 358.326
155800 358.126
155900 358.787
156000 358.33
156100 357.931
156200 358.659
156300 358.755
156400 358.559
156500 358.624
156600 358.528
156700 357.467
156800 357.644
156900 358.01
157000 358.17
157100 358.932
157200 358.756
157300 359.009
157400 358.547
157500 358.615
157600 360.464
157700 360.118
157800 360.882
157900 361.059
158000 361.828
158100 362.1
158200 362.748
158300 363.528
158400 363.769
158500 364.05
158600 363.646
158700 364.322
158800 363.87
158900 364.833
159000 364.977
159100 364.753
159200 365.412
159300 365.434
159400 366.074
159500 366.259
159600 366.59
159700 366.534
159800 365.994
159900 366.445
160000 367.031
160100 367.139
160200 367.527
160300 368.077
160400 367.185
160500 367.522
160600 367.973
160700 368.457
160800 368.494
160900 367.919
161000 368.087
161100 368.636
161200 368.752
161300 368.128
161400 368.561
161500 367.866
161600 368.967
161700 369.844
161800 370.288
161900 369.862
162000 369.838
162100 369.525
162200 370.256
162300 370.868
162400 370.553
162500 370.798
162600 371.601
162700 371.426
162800 372.283
162900 372.272
163000 372.154
163100 371.927
163200 372.063
163300 372.29
163400 372.619
163500 372.281
163600 372.447
163700 372.88
163800 373.386
163900 374.083
164000 374.952
164100 374.494
164200 374.295
164300 374.841
164400 374.337
164500 375.114
164600 375.51
164700 375.92
164800 375.82
164900 375.826
165000 376.067
165100 375.854
165200 376.854
165300 376.916
165400 377.829
165500 378.912
165600 378.713
165700 378.259
165800 378.963
165900 378.884
166000 379.094
166100 379.05
166200 379.441
166300 379.328
166400 379.576
166500 379.872
166600 379.303
166700 379.367
166800 378.413
166900 379.47
167000 379.295
167100 379.023
167200 379.515
167300 381.158
167400 379.765
167500 380.091
167600 380.468
167700 381.023
167800 380.48
167900 380.722
168000 382.168
168100 381.654
168200 381.865
168300 382.419
168400 382.194
168500 381.492
168600 381.898
168700 382.295
168800 381.583
168900 382.781
169000 382.512
169100 383.855
169200 384.123
169300 384.044
169400 383.845
169500 383.602
169600 384.291
169700 385.479
169800 385.4
169900 384.977
170000 385.251
170100 385.74
170200 386.006
170300 386.885
170400 386.352
170500 387.236
170600 387.183
170700 388.356
170800 387.654
170900 388.492
171000 388.058
171100 388.956
171200 389.216
171300 389.033
171400 390.566
171500 389.991
171600 389.563
171700 391.13
171800 390.948
171900 391.553
172000 391.36
172100 391.772
172200 391.946
172300 392.583
172400 392.57
172500 393.316
172600 393.407
172700 393.898
172800 393.729
172900 393.515
173000 395.245
173100 394.799
173200 396.216
173300 395.801
173400 396.843
173500 395.614
173600 396.828
173700 397.468
173800 397.983
173900 398.817
174000 398.137
174100 398.363
174200 398.086
174300 398.059
174400 397.949
174500 399.168
174600 398.809
174700 399.086
174800 399.935
174900 399.807
175000 400.272
175100 400.694
175200 400.04
175300 400.47
175400 400.475
175500 400.904
175600 401.93
175700 401.39
175800 402.754
175900 403
176000 402.319
176100 402.157
176200 402.654
176300 402.694
176400 401.6
176500 401.544
176600 401.885
176700 402.719
176800 403.87
176900 404.137
177000 405.621
177100 405.578
177200 405.905
177300 407.09
177400 405.97
177500 406.626
177600 407.86
177700 408.211
177800 407.15
177900 408.38
178000 408.669
178100 408.628
178200 408.189
178300 408.396
178400 407.757
178500 407.942
178600 408.125
178700 408.866
178800 409.267
178900 409.26
179000 410.106
179100 409.883
179200 410.554
179300 410.644
179400 411.26
179500 410.759
179600 411.178
179700 411.06
179800 411.536
179900 412.283
180000 411.875
180100 412.593
180200 412.987
180300 412.454
180400 412.817
180500 414.054
180600 414.724
180700 414.227
180800 413.729
180900 414.738
181000 415.067
181100 414.504
181200 414.598
181300 414.55
181400 414.901
181500 414.627
181600 415.699
181700 415.954
181800 415.243
181900 415.379
182000 415.608
182100 415.332
182200 416.036
182300 416.249
182400 415.734
182500 416.803
182600 417.008
182700 416.886
182800 417.96
182900 417.271
183000 416.972
183100 417.766
183200 419.318
183300 419.35
183400 419.167
183500 420.409
183600 420.306
183700 420.234
183800 419.873
183900 419.805
184000 420.611
184100 420.763
184200 420.377
184300 420.794
184400 421.383
184500 421.246
184600 422.479
184700 421.959
184800 422.107
184900 422.99
185000 422.757
185100 423.654
185200 423.894
185300 423.692
185400 424.985
185500 424.214
185600 424.476
185700 424.523
185800 424.72
185900 424.151
186000 423.86
186100 424.17
186200 424.883
186300 424.734
186400 425.546
186500 424.983
186600 425.995
186700 426.355
186800 426.983
186900 427.856
187000 427.048
187100 427.091
187200 427.413
187300 427.105
187400 428.372
187500 429.362
187600 429.008
187700 428.821
187800 429.451
187900 429.045
188000 428.328
188100 428.144
188200 428.667
188300 428.983
188400 429.507
188500 428.438
188600 428.792
188700 429.71
188800 430.197
188900 429.825
189000 430.217
189100 430.135
189200 431.147
189300 430.959
189400 430.607
189500 430.756
189600 431.293
189700 431.403
189800 431.994
189900 432.18
190000 432.833
190100 433.578
190200 433.98
190300 434.12
190400 434.217
190500 435.363
190600 435.744
190700 435.902
190800 434.99
190900 434.998
191000 435.564
191100 434.73
191200 435.167
191300 436.547
191400 436.04
191500 436.175
191600 437.197
191700 437.116
191800 437.453
191900 437.421
192000 438.168
192100 438.281
192200 438.063
192300 438.795
192400 439.109
192500 438.984
192600 439.428
192700 440.046
192800 440.207
192900 440.811
193000 441.681
193100 442.657
193200 442.445
193300 442.569
193400 442.823
193500 442.757
193600 442.459
193700 443.979
193800 444.522
193900 444.649
194000 444.945
194100 445.291
194200 446.525
194300 445.712
194400 446.16
194500 446.381
194600 447.273
194700 446.729
194800 447.883
194900 447.978
195000 448.79
195100 449.729
195200 449.481
195300 450.421
195400 449.882
195500 449.363
195600 449.673
195700 450.031
195800 450.498
195900 450.673
196000 451.095
196100 450.453
196200 451.805
196300 450.741
196400 451.766
196500 452.625
196600 452.831
196700 452.712
196800 453.446
196900 453.783
197000 454.17
197100 454.881
197200 454.938
197300 454.272
197400 454.768
197500 454.816
197600 455.102
197700 455.203
197800 455.409
197900 456.661
198000 455.436
198100 455.986
198200 456.951
198300 455.653
198400 456.049
198500 456.182
198600 456.006
198700 457.214
198800 456.896
198900 456.645
199000 457.574
199100 457.327
199200 458.32
199300 458.866
199400 458.249
199500 458.506
199600 458.994
199700 459.465
199800 459.897
199900 459.977
200000 458.794
200100 459.222
200200 459.869
200300 459.726
200400 459.954
200500 460.737
200600 460.919
200700 459.954
200800 460.953
200900 462.067
201000 462.059
201100 462.071
201200 461.3
201300 461.954
201400 462.167
201500 463.109
201600 463.954
201700 464.708
201800 463.892
201900 465.128
202000 464.726
202100 465.914
202200 466.564
202300 466.885
202400 466.347
202500 466.423
202600 466.856
202700 467.134
202800 468.352
202900 467.507
203000 467.237
203100 467.775
203200 468.286
203300 468.473
203400 468.027
203500 469.452
203600 468.983
203700 469.412
203800 470.345
203900 470.161
204000 470.589
204100 470.519
204200 470.561
204300 470.79
204400 470.094
204500 470.098
204600 471.214
204700 470.452
204800 473.017
204900 472.627
205000 472.421
205100 472.769
205200 472.925
205300 472.956
205400 472.672
205500 473.906
205600 474.891
205700 474.063
205800 474.815
205900 475.125
206000 475.978
206100 475.515
206200 475.636
206300 475.424
206400 477.341
206500 477.401
206600 477.02
206700 478.253
206800 478.803
206900 479.51
207000 479.348
207100 479.187
207200 478.527
207300 478.773
207400 479.603
207500 479.401
207600 480.645
207700 481.625
207800 481.435
207900 482.729
208000 481.61
208100 481.363
208200 482.814
208300 483.304
208400 483.236
208500 483.298
208600 482.651
208700 482.337
208800 482.614
208900 484.462
209000 484.366
209100 483.909
209200 484.855
209300 485.554
209400 484.632
209500 485.554
209600 485.53
209700 486.375
209800 486.427
209900 486.461
210000 487.323
210100 487.129
210200 488.293
210300 488.67
210400 488.307
210500 488.629
210600 488.691
210700 488.106
210800 488.872
210900 490.184
211000 490.531
211100 490.942
211200 491.7
211300 491.78
211400 491.936
211500 491.489
211600 491.145
211700 491.713
211800 491.249
211900 491.49
212000 490.924
212100 490.764
212200 491.155
212300 491.705
212400 490.948
212500 491.846
212600 492.078
212700 493.332
212800 492.928
212900 492.464
213000 492.349
213100 492.873
213200 493.604
213300 494.061
213400 493.784
213500 494.753
213600 495.001
213700 494.348
213800 494.055
213900 494.67
214000 494.956
214100 495.269
214200 494.67
214300 494.646
214400 494.404
214500 494.644
214600 496.342
214700 496.248
214800 496.782
214900 497.123
215000 497.573
215100 497.839
215200 497.886
215300 498.166
215400 498.385
215500 497.598
215600 497.458
215700 496.356
215800 497.95
215900 498.057
216000 497.922
216100 497.884
216200 497.445
216300 498.475
216400 499.129
216500 499.57
216600 499.791
216700 499.962
216800 499.658
216900 499.641
217000 499.818
217100 500.458
217200 501.41
217300 501.5
217400 502.008
217500 501.854
217600 502.081
217700 501.828
217800 500.774
217900 501.618
218000 501.531
218100 502.099
218200 502.56
218300 502.782
218400 503.139
218500 502.968
218600 504.301
218700 503.643
218800 504.245
218900 505.783
219000 504.529
219100 505.087
219200 505.17
219300 504.959
219400 504.847
219500 505.948
219600 505.459
219700 505.707
219800 505.815
219900 505.529
220000 505.496
220100 505.339
220200 505.626
220300 505.568
220400 506.887
220500 506.682
220600 505.491
220700 506.441
220800 506.982
220900 507.511
221000 507.79
221100 507.662
221200 508.178
221300 509.092
221400 508.663
221500 508.887
221600 508.794
221700 509.406
221800 509.779
221900 510.406
222000 509.52
222100 507.973
222200 508.13
222300 508.933
222400 509.858
222500 509.684
222600 509.486
222700 511.626
222800 511.674
222900 511.876
223000 512.274
223100 511.682
223200 511.575
223300 511.332
223400 511.635
223500 512.521
223600 512.641
223700 512.697
223800 512.325
223900 512.95
224000 512.498
224100 512.395
224200 512.301
224300 513.131
224400 513.271
224500 513.608
224600 514.648
224700 514.569
224800 514.933
224900 514.699
225000 514.998
225100 515.048
225200 514.967
225300 516.419
225400 517.47
225500 517.148
225600 517.495
225700 517.125
225800 517.611
225900 517.917
226000 518.226
226100 518.369
226200 518.195
226300 518.743
226400 519.574
226500 519.183
226600 520.079
226700 521.376
226800 521.672
226900 521.168
227000 520.966
227100 521.179
227200 520.594
227300 521.613
227400 521.432
227500 522.373
227600 522.691
227700 522.142
227800 521.599
227900 522.645
228000 522.867
228100 522.971
228200 522.21
228300 522.539
228400 523.756
228500 524.268
228600 522.805
228700 524.295
228800 524.88
228900 524.949
229000 524.779
229100 524.384
229200 525.001
229300 524.921
229400 525.908
229500 526.332
229600 526.679
229700 526.83
229800 526.681
229900 526.818
230000 527.506
230100 527.713
230200 528.042
230300 528.959
230400 528.348
230500 529.162
230600 529.119
230700 529.645
230800 529.179
230900 529.459
231000 530.147
231100 530.813
231200 531.324
231300 530.806
231400 530.747
231500 531.283
231600 532.163
231700 531.826
231800 530.371
231900 531.265
232000 533.828
232100 532.644
232200 532.874
232300 533.807
232400 534.477
232500 534.894
232600 533.774
232700 534.302
232800 534.925
232900 534.54
233000 533.729
233100 534.033
233200 534.14
233300 534.302
233400 533.097
233500 533.217
233600 532.477
233700 532.754
233800 532.991
233900 533.417
234000 533.626
234100 532.796
234200 534.058
234300 533.799
234400 534.706
234500 535.65
234600 535.032
234700 536.157
234800 535.817
234900 535.467
235000 534.964
235100 536.042
235200 535.482
235300 535.598
235400 536.404
235500 536.582
235600 536.738
235700 536.907
235800 537.648
235900 537.543
236000 537.552
236100 537.171
236200 538.988
236300 538.708
236400 539.004
236500 538.937
236600 539.301
236700 538.338
236800 538.297
236900 538.664
237000 539.814
237100 540.521
237200 540.999
237300 541.32
237400 541.025
237500 541.66
237600 540.989
237700 541.844
237800 541.203
237900 542.211
238000 542.164
238100 540.981
238200 541.344
238300 541.127
238400 541.175
238500 540.744
238600 541.075
238700 540.387
238800 542.025
238900 542.323
239000 541.688
239100 542.763
239200 541.844
239300 541.541
239400 542.041
239500 541.178
239600 541.119
239700 541.333
239800 542.101
239900 543.175
240000 542.987
240100 543.653
240200 544.215
240300 544.085
240400 544.034
240500 545.173
240600 546.455
240700 547.597
240800 547.314
240900 547.651
241000 547.546
241100 548.712
241200 548.738
241300 548.231
241400 549.603
241500 549.989
241600 550.05
241700 551.438
241800 550.502
241900 550.921
242000 550.889
242100 550.85
242200 551.103
242300 550.701
242400 550.912
242500 551.88
242600 550.699
242700 552.041
242800 552.577
242900 552.839
243000 552.301
243100 552.406
243200 552.555
243300 552.181
243400 553.427
243500 553.814
243600 554.469
243700 554.275
243800 555.518
243900 554.433
244000 554.708
244100 555.634
244200 555.033
244300 555.371
244400 556.108
244500 556.262
244600 558.128
244700 557.898
244800 557.4
244900 557.985
245000 557.62
245100 557.994
245200 558.344
245300 559.172
245400 558.659
245500 559.373
245600 559.685
245700 559.074
245800 559.16
245900 560.093
246000 559.259
246100 559.649
246200 559.426
246300 560.511
246400 560.697
246500 561.204
246600 561.226
246700 561.712
246800 562.831
246900 562.061
247000 562.378
247100 562.275
247200 562.778
247300 562.596
247400 563.267
247500 563.08
247600 565.34
247700 564.608
247800 564.235
247900 564.1
248000 565.205
248100 565.612
248200 564.775
248300 564.268
248400 565.125
248500 565.2
248600 565.459
248700 567.122
248800 566.241
248900 566.258
249000 566.945
249100 567.978
249200 567.858
249300 567.694
249400 567.641
249500 568.347
249600 568.936
249700 570.153
249800 569.47
249900 569.7
250000 569.4
250100 570.179
250200 568.889
250300 568.729
250400 569.036
250500 570.129
250600 569.051
250700 569.378
250800 570.515
250900 571.051
251000 572.698
251100 572.409
251200 572.058
251300 571.642
251400 572.124
251500 571.237
251600 571.06
251700 572.397
251800 573.096
251900 574.382
252000 574.391
252100 574.21
252200 574.821
252300 576.215
252400 575.822
252500 576.199
252600 575.669
252700 576.68
252800 575.864
252900 576.249
253000 576.592
253100 575.478
253200 576.246
253300 576.155
253400 577.948
253500 577.955
253600 577.017
253700 577.558
253800 577.516
253900 578.222
254000 578.908
254100 579.418
254200 579.59
254300 578.447
254400 580.09
254500 580.102
254600 579.289
254700 579.761
254800 580.734
254900 579.679
255000 580.06
255100 580.872
255200 580.432
255300 580.532
255400 580.861
255500 581.156
255600 581.003
255700 581.533
255800 581.405
255900 581.672
256000 581.742
256100 581.491
256200 582.146
256300 583.706
256400 584.048
256500 585.443
256600 584.769
256700 584.784
256800 584.609
256900 584.658
257000 585.444
257100 584.56
257200 584.638
257300 585.262
257400 585.243
257500 585.572
257600 584.81
257700 584.557
257800 584.408
257900 585.194
258000 585.898
258100 584.669
258200 586.174
258300 586.051
258400 585.36
258500 586.327
258600 585.725
258700 585.477
258800 584.838
258900 585.696
259000 584.65
259100 586.153
259200 588.277
259300 587.922
259400 588.142
259500 588.171
259600 589.178
259700 589.038
259800 589.684
259900 589.338
260000 589.955
260100 589.87
260200 589.738
260300 589.796
260400 590.615
260500 590.935
260600 590.217
260700 589.458
260800 589.847
260900 590.367
261000 590.446
261100 590.814
261200 591.033
261300 591.436
261400 591.979
261500 592.122
261600 593.3
261700 593.863
261800 593.9
261900 593.231
262000 593.8
262100 593.212
262200 593.104
262300 594.345
262400 594.177
262500 594.785
262600 594.536
262700 594.278
262800 596.291
262900 595.88
263000 595.577
263100 596.337
263200 597.277
263300 597.946
263400 597.644
263500 598.633
263600 598.099
263700 599.761
263800 599.638
263900 599.756
264000 598.346
264100 598.458
264200 597.849
264300 598.873
264400 599.978
264500 599.048
264600 599.198
264700 599.76
264800 599.269
264900 599.479
265000 600.91
265100 600.797
265200 600.559
265300 601.494
265400 599.641
265500 600.048
265600 600.587
265700 599.633
265800 600.118
265900 600.692
266000 601.743
266100 601.824
266200 601.726
266300 602.851
266400 601.53
266500 602.68
266600 603.009
266700 602.932
266800 603.159
266900 603.098
267000 603.36
267100 604.108
267200 604.196
267300 604.486
267400 604.185
267500 603.745
267600 604.53
267700 604.941
267800 605.143
267900 605.248
268000 605.942
268100 605.973
268200 606.325
268300 607.955
268400 606.951
268500 608.745
268600 608.362
268700 607.007
268800 607.743
268900 607.762
269000 609.11
269100 609.179
269200 609.287
269300 609.241
269400 610.03
269500 610.231
269600 610.92
269700 610.99
269800 611.739
269900 611.116
270000 612.044
270100 611.173
270200 611.093
270300 610.246
270400 611.558
270500 612.505
270600 611.909
270700 612.318
270800 612.182
270900 612.319
271000 613.601
271100 613.641
271200 613.522
271300 615.006
271400 614.851
271500 615.056
271600 612.637
271700 613.279
271800 615.504
271900 615.321
272000 614.538
272100 614.974
272200 614.939
272300 615.497
272400 615.176
272500 616.509
272600 616.72
272700 617.461
272800 618.328
272900 618.907
273000 619.886
273100 619.728
273200 620.404
273300 621.763
273400 620.952
273500 619.476
273600 619.824
273700 620.491
273800 621.387
273900 621.681
274000 622.107
274100 621.81
274200 623.338
274300 622.471
274400 623.851
274500 623.283
274600 623.937
274700 624.25
274800 624.681
274900 624.891
275000 624.771
275100 623.962
275200 624.566
275300 624.103
275400 623.511
275500 624.644
275600 625.193
275700 626.67
275800 627.229
275900 627.91
276000 627.309
276100 628.315
276200 629.236
276300 628.381
276400 628.637
276500 629.135
276600 628.489
276700 628.002
276800 629.751
276900 628.604
277000 630.14
277100 631.306
277200 630.533
277300 629.684
277400 629.871
277500 630.538
277600 630.906
277700 631.514
277800 632.554
277900 632.434
278000 632.663
278100 632.996
278200 633.384
278300 633.594
278400 633.433
278500 634.032
278600 634.008
278700 634.449
278800 633.557
278900 634.561
279000 634.811
279100 635.951
279200 634.663
279300 636.161
279400 636.339
279500 637.119
279600 637.199
279700 637.908
279800 637.228
279900 638.419
280000 637.49
280100 637.923
280200 638.183
280300 639.411
280400 638.974
280500 638.717
280600 638.456
280700 638.969
280800 639.485
280900 639.647
281000 640.027
281100 641.049
281200 640.579
281300 640.453
281400 641.682
281500 641.727
281600 641.222
281700 642.477
281800 642.187
281900 642.455
282000 642.484
282100 644.468
282200 644.932
282300 645.337
282400 645.069
282500 644.865
282600 645.727
282700 645.517
282800 644.864
282900 644.584
283000 645.528
283100 645.988
283200 646.956
283300 647.644
283400 646.975
283500 646.747
283600 647.19
283700 646.994
283800 648.296
283900 647.954
284000 648.36
284100 648.334
284200 649.022
284300 648.791
284400 649.568
284500 650.288
284600 651.437
284700 650.139
284800 650.765
284900 650.585
285000 650.749
285100 651.746
285200 653.331
285300 653.092
285400 653.332
285500 653.525
285600 652.6
285700 653.119
285800 654.68
285900 654.637
286000 654.364
286100 654.452
286200 655.006
286300 654.918
286400 655.491
286500 654.384
286600 656.375
286700 657.099
286800 655.928
286900 656.023
287000 657.264
287100 657.508
287200 656.967
287300 656.454
287400 656.346
287500 657.681
287600 659.457
287700 659.678
287800 660.04
287900 659.182
288000 660.012
288100 658.993
288200 660.405
288300 658.826
288400 659.663
288500 659.247
288600 659.52
288700 660.173
288800 659.018
288900 659.026
289000 659.633
289100 660.789
289200 660.332
289300 659.676
289400 660.024
289500 659.847
289600 660.297
289700 661.578
289800 661.638
289900 660.878
290000 661.393
290100 660.532
290200 661.231
290300 661.142
290400 661.17
290500 661.924
290600 661.954
290700 662.493
290800 663.685
290900 663.656
291000 662.881
291100 663.69
291200 664.086
291300 664.667
291400 665.172
291500 664.909
291600 665.226
291700 665.495
291800 664.744
291900 665.696
292000 665.256
292100 666.667
292200 667.262
292300 667.433
292400 667.598
292500 667.801
292600 667.061
292700 667.795
292800 665.927
292900 667.42
293000 666.864
293100 668.192
293200 668.479
293300 667.834
293400 669.561
293500 669.675
293600 669.345
293700 669.11
293800 669.442
293900 669.054
294000 668.843
294100 669.899
294200 669.504
294300 671.266
294400 671.368
294500 672.592
294600 671.337
294700 670.97
294800 671.216
294900 671.52
295000 671.4
295100 672.656
295200 673.052
295300 673.009
295400 672.47
295500 671.176
295600 672.139
295700 672.984
295800 672.518
295900 672.12
296000 672.917
296100 673.635
296200 673.664
296300 673.912
296400 675.048
296500 675.515
296600 675.92
296700 676.764
296800 676.761
296900 677.347
297000 676.657
297100 678.131
297200 677.605
297300 676.55
297400 678.291
297500 678.277
297600 678.324
297700 678.472
297800 677.955
297900 677.71
298000 677.582
298100 678.127
298200 677.58
298300 678.046
298400 678.402
298500 677.789
298600 678.528
298700 679.228
298800 679.18
298900 679.733
299000 678.885
299100 679.68
299200 679.294
299300 678.99
299400 679.657
299500 678.975
299600 679.313
299700 680.227
299800 680.906
299900 681.239
300000 680.594
300100 681.938
300200 681.887
300300 682.286
300400 682.926
300500 681.611
300600 681.526
300700 682.423
300800 681.772
300900 681.971
301000 683.166
301100 683.037
301200 683.916
301300 682.863
301400 683.232
301500 681.798
301600 682.133
301700 683.004
301800 682.547
301900 681.493
302000 682.742
302100 683.652
302200 684.262
302300 684.68
302400 685.692
302500 685.606
302600 685.433
302700 686.67
302800 685.779
302900 685.454
303000 686.549
303100 687.476
303200 687.272
303300 687.352
303400 687.124
303500 687.909
303600 688.047
303700 688.655
303800 688.242
303900 688.667
304000 689.063
304100 689.261
304200 689.285
304300 691.577
304400 691.102
304500 691.497
304600 691.966
304700 691.898
304800 691.973
304900 691.938
305000 692.714
305100 691.789
305200 692.532
305300 692.838
305400 692.133
305500 691.541
305600 692.48
305700 693.139
305800 692.796
305900 693.08
306000 692.726
306100 693.064
306200 693.448
306300 694.163
306400 694.812
306500 695.103
306600 694.249
306700 694.233
306800 694.862
306900 694.706
307000 695.872
307100 696.766
307200 696.85
307300 697.163
307400 697.474
307500 698.759
307600 699.256
307700 698.287
307800 697.601
307900 698.446
308000 698.625
308100 698.862
308200 697.501
308300 698.099
308400 698.246
308500 699.442
308600 698.06
308700 698.658
308800 700.078
308900 699.196
309000 700.091
309100 700.105
309200 699.639
309300 701.337
309400 699.812
309500 699.246
309600 699.02
309700 699.298
309800 699.757
309900 700.618
310000 701.05
310100 700.738
310200 702.485
310300 701.914
310400 702.294
310500 703.476
310600 702.48
310700 702.103
310800 703.422
310900 704.102
311000 703.835
311100 703.304
311200 704.321
311300 704.701
311400 704.339
311500 703.474
311600 704.795
311700 704.31
311800 704.125
311900 705.177
312000 705.516
312100 705.365
312200 706.297
312300 706.115
312400 707.309
312500 706.084
312600 707.19
312700 706.885
312800 706.318
312900 706.948
313000 707.709
313100 707.786
313200 708.202
313300 707.957
313400 708.731
313500 709.246
313600 708.732
313700 708.74
313800 707.677
313900 707.759
314000 709.392
314100 708.669
314200 708.264
314300 708.891
314400 709.475
314500 709.131
314600 709.207
314700 709.39
314800 710.193
314900 710.712
315000 711.354
315100 710.654
315200 711.202
315300 711.512
315400 712.361
315500 713.754
315600 714.124
315700 713.47
315800 713.563
315900 713.518
316000 714.122
316100 714.471
316200 715.647
316300 715.685
316400 716.168
316500 716.149
316600 715.422
316700 715.711
316800 716.648
316900 718.151
317000 718.186
317100 717.457
317200 717.603
317300 718.92
317400 719.431
317500 718.349
317600 718.998
317700 719.165
317800 720.907
317900 720.17
318000 720.547
318100 721.443
318200 721.796
318300 720.937
318400 720.93
318500 722.565
318600 721.049
318700 721.222
318800 721.135
318900 720.792
319000 721.176
319100 722.938
319200 722.976
319300 723.188
319400 722.606
319500 723.12
319600 724.03
319700 724.419
319800 724.21
319900 724.258
320000 724.653
320100 723.527
320200 723.477
320300 725.457
320400 726.232
320500 726.725
320600 726.54
320700 726.702
320800 726.092
320900 726.28
321000 726.652
321100 726.055
321200 727.334
321300 727.87
321400 728.437
321500 729.577
321600 728.381
321700 730.69
321800 729.707
321900 729.627
322000 730.502
322100 730.194
322200 730.23
322300 730.34
322400 730.005
322500 729.265
322600 729.826
322700 730.635
322800 730.602
322900 731.529
323000 730.794
323100 732.001
323200 731.449
323300 732.54
323400 731.349
323500 732.011
323600 732.781
323700 733.323
323800 733.824
323900 734.591
324000 732.125
324100 733.213
324200 732.697
324300 734.027
324400 734.19
324500 733.518
324600 734.748
324700 734.407
324800 734.648
324900 735.384
325000 735.927
325100 735.236
325200 737.371
325300 737.181
325400 737.317
325500 738.555
325600 737.816
325700 737.993
325800 736.688
325900 736.634
326000 738.033
326100 738.172
326200 738.996
326300 739.229
326400 739.724
326500 740.168
326600 740.098
326700 739.471
326800 739.66
326900 739.03
327000 739.684
327100 739.482
327200 739.661
327300 742.017
327400 741.052
327500 742.416
327600 741.131
327700 741.908
327800 741.845
327900 741.906
328000 741.179
328100 742.485
328200 742.395
328300 741.715
328400 741.404
328500 742.037
328600 744.104
328700 743.665
328800 745.155
328900 743.105
329000 744.188
329100 744.172
329200 744.375
329300 743.663
329400 743.638
329500 744.791
329600 745.322
329700 746.072
329800 745.92
329900 746.174
330000 746.939
330100 747.042
330200 747.081
330300 748.095
330400 748.207
330500 748.36
330600 747.396
330700 748.445
330800 748.057
330900 747.948
331000 748.681
331100 749.644
331200 748.71
331300 749.146
331400 749.252
331500 748.846
331600 749.583
331700 751.083
331800 751.832
331900 751.826
332000 751.067
332100 751.347
332200 751.017
332300 751.928
332400 751.61
332500 752.227
332600 751.546
332700 751.626
332800 751.302
332900 752.421
333000 752.791
333100 754.184
333200 755.017
333300 755.718
333400 755.791
333500 755.843
333600 756.43
333700 755.786
333800 757.169
333900 756.289
334000 755.724
334100 756.288
334200 756.31
334300 756.573
334400 756.978
334500 757.878
334600 758.697
334700 759.326
334800 759.963
334900 759.897
335000 760.003
335100 761.128
335200 760.817
335300 761.026
335400 760.733
335500 761.384
335600 762.971
335700 761.518
335800 762.43
335900 763.043
336000 762.17
336100 762.799
336200 761.025
336300 760.978
336400 762.013
336500 762.609
336600 761.907
336700 762.403
336800 763.411
336900 762.289
337000 762.515
337100 763.784
337200 763.437
337300 764.786
337400 764.455
337500 763.649
337600 764.989
337700 766.146
337800 765.331
337900 766.791
338000 766.134
338100 766.122
338200 766.498
338300 767.694
338400 768.657
338500 768.198
338600 767.108
338700 768.599
338800 768.6
338900 769.674
339000 770.602
339100 769.733
339200 770.851
339300 771.46
339400 771.597
339500 771.656
339600 771.83
339700 772.195
339800 771.898
339900 771.64
340000 771.779
340100 772.515
340200 772.175
340300 771.731
340400 771.822
340500 771.589
340600 771.202
340700 771.525
340800 772.585
340900 771.856
341000 773.522
341100 774.632
341200 773.44
341300 774.481
341400 773.277
341500 772.221
341600 772.811
341700 774.475
341800 773.218
341900 773.007
342000 773.823
342100 774.047
342200 774.565
342300 774.84
342400 773.807
342500 774.96
342600 774.161
342700 774.579
342800 775.483
342900 775.452
343000 773.928
343100 774.606
343200 774.725
343300 775.134
343400 775.778
343500 775.378
343600 775.741
343700 775.339
343800 775.206
343900 775.015
344000 773.752
344100 773.783
344200 774.076
344300 775.114
344400 776.384
344500 775.191
344600 776.08
344700 776.492
344800 776.614
344900 777.399
345000 779.101
345100 779.836
345200 776.867
345300 776.955
345400 777.491
345500 778.946
345600 779.403
345700 779.784
345800 780.006
345900 780.548
346000 779.813
346100 779.559
346200 780.449
346300 779.809
346400 779.782
346500 780.221
346600 781.682
346700 782.653
346800 783.324
346900 783.543
347000 784.023
347100 784.196
347200 784.124
347300 784.17
347400 784.37
347500 784.565
347600 784.45
347700 782.913
347800 782.722
347900 783.964
348000 783.346
348100 783.375
348200 783.214
348300 785.02
348400 786.273
348500 785.116
348600 784.742
348700 785.395
348800 785.612
348900 786.528
349000 786.392
349100 786.528
349200 787.497
349300 786.549
349400 787.437
349500 788.337
349600 789.307
349700 788.066
349800 787.841
349900 789.25
350000 788.993
