# Time-averaged data for fix all_msd
# TimeStep c_msd1[4]
0 2.04939e-29
100 0.292422
200 0.467516
300 0.686124
400 0.883195
500 1.11913
600 1.40068
700 1.64597
800 1.95805
900 2.25938
1000 2.50033
1100 2.70539
1200 2.92821
1300 3.07865
1400 3.34363
1500 3.49149
1600 3.68211
1700 3.99282
1800 4.23809
1900 4.27105
2000 4.49613
2100 4.66699
2200 4.81898
2300 5.07938
2400 5.19928
2500 5.50201
2600 5.685
2700 5.93823
2800 6.10012
2900 6.18632
3000 6.38714
3100 6.56375
3200 6.76376
3300 7.05643
3400 7.18064
3500 7.32512
3600 7.38973
3700 7.72038
3800 7.82889
3900 7.98594
4000 8.208
4100 8.37072
4200 8.52508
4300 8.56468
4400 8.68328
4500 8.8701
4600 9.02642
4700 9.17365
4800 9.2935
4900 9.33489
5000 9.32809
5100 9.43774
5200 9.53938
5300 9.68297
5400 9.84118
5500 9.89879
5600 10.0538
5700 10.0724
5800 10.3251
5900 10.3381
6000 10.7592
6100 10.9693
6200 10.9585
6300 11.1194
6400 11.2785
6500 11.3491
6600 11.6666
6700 11.7627
6800 11.8309
6900 11.8603
7000 12.105
7100 12.2772
7200 12.4418
7300 12.5522
7400 12.6396
7500 12.8778
7600 13.2008
7700 13.4308
7800 13.4469
7900 13.7018
8000 13.6862
8100 13.9231
8200 13.97
8300 14.1441
8400 14.3638
8500 14.4306
8600 14.7016
8700 14.7349
8800 14.9766
8900 14.9002
9000 14.9613
9100 15.1196
9200 15.0794
9300 15.442
9400 15.5545
9500 15.5377
9600 15.7746
9700 15.9161
9800 16.0243
9900 16.1612
10000 16.351
10100 16.445
10200 16.5172
10300 16.7247
10400 16.8388
10500 16.9827
10600 17.0905
10700 17.0847
10800 17.054
10900 17.2668
11000 17.4849
11100 17.76
11200 18.0294
11300 18.0017
11400 18.1033
11500 18.4637
11600 18.441
11700 18.5981
11800 18.5816
11900 18.7755
12000 18.9095
12100 18.7854
12200 18.9634
12300 19.0817
12400 18.9745
12500 19.3565
12600 19.5187
12700 19.7323
12800 19.8338
12900 19.8545
13000 19.9322
13100 19.936
13200 20.2912
13300 20.2074
13400 20.191
13500 20.3968
13600 20.6149
13700 20.7477
13800 21.0477
13900 21.115
14000 21.3892
14100 21.2594
14200 21.6208
14300 21.5917
14400 21.8899
14500 22.0126
14600 22.0306
14700 22.1576
14800 22.1028
14900 22.5452
15000 22.589
15100 22.6901
15200 22.8354
15300 23.2698
15400 23.1571
15500 23.3467
15600 23.7486
15700 23.8913
15800 23.8272
15900 24.2086
16000 24.3991
16100 24.5033
16200 24.5481
16300 24.8686
16400 25.0458
16500 25.1297
16600 25.0709
16700 25.0235
16800 25.1189
16900 25.1514
17000 24.9921
17100 25.5762
17200 25.6355
17300 25.7022
17400 26.0386
17500 26.2168
17600 26.382
17700 26.5146
17800 26.2929
17900 26.5987
18000 26.6356
18100 26.8876
18200 27.1251
18300 27.4037
18400 27.5963
18500 27.4924
18600 27.7009
18700 27.6032
18800 27.9153
18900 28.2275
19000 28.0992
19100 28.3152
19200 28.477
19300 28.6682
19400 28.6706
19500 29.0887
19600 29.0389
19700 29.2725
19800 29.3916
19900 29.6542
20000 29.7857
20100 29.9456
20200 29.8901
20300 29.8964
20400 30.1683
20500 30.3883
20600 30.5379
20700 30.6408
20800 30.701
20900 30.5822
21000 30.9232
21100 31.1809
21200 30.9314
21300 31.1424
21400 31.1682
21500 31.5028
21600 31.7253
21700 31.6907
21800 31.8017
21900 31.9973
22000 32.0433
22100 32.2143
22200 32.4213
22300 32.3985
22400 32.6059
22500 32.8128
22600 32.8084
22700 33.0394
22800 32.827
22900 33.2577
23000 33.515
23100 33.615
23200 33.7556
23300 33.9411
23400 34.2429
23500 34.3457
23600 34.5365
23700 34.2065
23800 34.5431
23900 34.5956
24000 34.5885
24100 34.8779
24200 35.4272
24300 35.5876
24400 35.4192
24500 35.7533
24600 36.0716
24700 36.0892
24800 36.2578
24900 36.2148
25000 36.5657
25100 36.2001
25200 36.3726
25300 36.3469
25400 36.8085
25500 36.7764
25600 36.8436
25700 36.9959
25800 37.2686
25900 37.2569
26000 37.4669
26100 37.6399
26200 38.0941
26300 37.9235
26400 38.0139
26500 38.0674
26600 38.2816
26700 38.4917
26800 38.5069
26900 38.7382
27000 38.7076
27100 38.8842
27200 38.9054
27300 39.3262
27400 39.448
27500 39.5701
27600 39.5422
27700 39.6407
27800 39.8084
27900 39.6779
28000 39.5992
28100 39.9623
28200 40.0861
28300 40.2465
28400 40.7126
28500 40.8534
28600 40.8098
28700 41.1388
28800 41.194
28900 41.5386
29000 41.591
29100 41.8181
29200 41.9169
29300 41.9468
29400 42.1983
29500 42.4539
29600 42.4389
29700 42.1325
29800 42.1279
29900 42.3055
30000 42.3106
30100 42.697
30200 42.4718
30300 42.3578
30400 42.8377
30500 42.972
30600 43.2921
30700 43.4908
30800 43.5849
30900 43.5629
31000 43.7719
31100 44.0879
31200 44.2996
31300 44.4287
31400 44.6228
31500 44.6931
31600 44.9765
31700 45.1144
31800 45.4379
31900 45.1041
32000 44.9788
32100 45.0589
32200 45.3656
32300 45.6495
32400 45.4594
32500 45.9061
32600 46.357
32700 46.3168
32800 46.063
32900 46.3801
33000 46.4725
33100 46.5557
33200 46.6904
33300 47.2222
33400 47.3881
33500 47.378
33600 47.2111
33700 47.4056
33800 47.1995
33900 47.5423
34000 47.9229
34100 47.8601
34200 47.8366
34300 47.8702
34400 47.8319
34500 47.8357
34600 48.0303
34700 47.9291
34800 48.0827
34900 48.3519
35000 48.4088
35100 48.4072
35200 48.75
35300 49.1141
35400 49.2876
35500 49.3433
35600 49.291
35700 49.3379
35800 49.5778
35900 49.6445
36000 49.6312
36100 49.9333
36200 50.323
36300 50.3753
36400 50.3815
36500 50.3731
36600 51.0008
36700 51.1722
36800 51.4841
36900 51.4566
37000 51.3766
37100 51.5569
37200 51.8688
37300 51.8112
37400 51.9638
37500 51.7335
37600 51.8472
37700 51.6495
37800 51.9221
37900 51.9812
38000 52.3022
38100 52.4458
38200 52.6185
38300 53.0256
38400 53.4299
38500 53.6625
38600 53.4097
38700 53.3966
38800 53.6306
38900 53.6262
39000 53.8631
39100 54.1633
39200 54.1813
39300 54.5394
39400 54.6946
39500 54.9107
39600 54.8692
39700 54.6283
39800 55.2467
39900 55.4869
40000 55.5053
40100 55.2488
40200 55.0497
40300 55.3456
40400 55.3609
40500 55.5097
40600 55.7329
40700 55.8843
40800 56.0342
40900 56.4119
41000 56.7481
41100 56.5647
41200 56.8346
41300 57.0826
41400 57.1344
41500 57.394
41600 57.258
41700 57.9155
41800 57.9053
41900 58.1785
42000 58.3028
42100 58.2201
42200 58.385
42300 58.6452
42400 59.0781
42500 59.5054
42600 59.2836
42700 59.2343
42800 59.5
42900 59.2747
43000 59.7295
43100 60.1401
43200 60.2293
43300 60.0819
43400 60.461
43500 60.4826
43600 60.7512
43700 60.7568
43800 60.9272
43900 61.0162
44000 61.0862
44100 61.3009
44200 61.6394
44300 61.6605
44400 61.9859
44500 61.9275
44600 61.9078
44700 62.1129
44800 62.1448
44900 62.2552
45000 62.1006
45100 62.4155
45200 62.3829
45300 62.7841
45400 62.697
45500 62.932
45600 63.1959
45700 63.543
45800 63.3084
45900 63.3958
46000 63.3455
46100 63.6324
46200 63.6026
46300 63.6819
46400 63.71
46500 64.0026
46600 63.8787
46700 64.187
46800 64.5227
46900 64.6907
47000 64.9485
47100 64.7013
47200 64.9731
47300 65.221
47400 65.7674
47500 65.6833
47600 65.7356
47700 65.9921
47800 66.1822
47900 66.5528
48000 66.2719
48100 66.3755
48200 66.3326
48300 66.1541
48400 66.6921
48500 66.8214
48600 66.8541
48700 67.0483
48800 67.2171
48900 67.3289
49000 67.4963
49100 67.673
49200 67.9511
49300 68.0613
49400 67.949
49500 68.2643
49600 68.5956
49700 68.4302
49800 68.4114
49900 68.6574
50000 68.9893
50100 69.1935
50200 69.2118
50300 69.2274
50400 69.0413
50500 69.2453
50600 68.9458
50700 69.3749
50800 69.5364
50900 69.639
51000 69.7242
51100 70.1751
51200 70.4304
51300 70.0183
51400 69.8493
51500 69.9833
51600 70.3878
51700 70.5782
51800 70.3948
51900 71.0948
52000 71.2501
52100 71.3489
52200 71.4021
52300 71.6154
52400 71.4216
52500 71.7526
52600 71.984
52700 72.1288
52800 72.1655
52900 72.1411
53000 72.4622
53100 72.5561
53200 72.753
53300 72.8477
53400 73.0066
53500 72.9254
53600 73.3203
53700 73.082
53800 73.1926
53900 72.9108
54000 73.5347
54100 73.6639
54200 73.8889
54300 74.0685
54400 74.2845
54500 74.5608
54600 74.3865
54700 74.0354
54800 74.4737
54900 74.4866
55000 74.8733
55100 75.2816
55200 75.129
55300 75.63
55400 75.5714
55500 75.5668
55600 75.4979
55700 75.5849
55800 75.8362
55900 76.282
56000 76.5446
56100 76.5935
56200 76.5629
56300 76.6355
56400 76.4313
56500 76.5981
56600 76.5187
56700 77.1703
56800 76.9745
56900 77.0076
57000 77.4338
57100 77.247
57200 77.1325
57300 77.2908
57400 77.4844
57500 77.4813
57600 77.3307
57700 78.1218
57800 78.0097
57900 78.2176
58000 78.4698
58100 78.4541
58200 78.6938
58300 79.1648
58400 78.8762
58500 79.1605
58600 79.0117
58700 79.4704
58800 79.3426
58900 79.4122
59000 79.4954
59100 79.6973
59200 79.7824
59300 80.2457
59400 80.0636
59500 79.8291
59600 80.1161
59700 80.1848
59800 80.442
59900 80.2185
60000 80.3741
60100 80.638
60200 80.5501
60300 81.3024
60400 81.3549
60500 82.0075
60600 81.4704
60700 81.9345
60800 81.9755
60900 82.1188
61000 82.4319
61100 82.5159
61200 82.5852
61300 82.2853
61400 82.4219
61500 82.5098
61600 82.6815
61700 83.2799
61800 83.0805
61900 83.3835
62000 83.4068
62100 82.9473
62200 83.2737
62300 83.2038
62400 83.1703
62500 83.5637
62600 83.7699
62700 83.8534
62800 83.9964
62900 84.1526
63000 84.1656
63100 84.3813
63200 84.9684
63300 84.8062
63400 85.1337
63500 85.3411
63600 85.3152
63700 85.4194
63800 85.8127
63900 85.8624
64000 85.8971
64100 85.8556
64200 85.952
64300 86.1996
64400 86.3215
64500 87.1934
64600 87.6284
64700 87.665
64800 87.7425
64900 88.3284
65000 88.2957
65100 88.2907
65200 88.4223
65300 88.8971
65400 88.3716
65500 88.8135
65600 89.1834
65700 89.0487
65800 88.9475
65900 89.3162
66000 89.2444
66100 89.6315
66200 89.6517
66300 89.6911
66400 89.8756
66500 89.915
66600 90.0514
66700 90.0919
66800 89.9982
66900 90.4483
67000 90.651
67100 90.5833
67200 90.568
67300 90.941
67400 90.7795
67500 90.9944
67600 91.6216
67700 91.8131
67800 91.8761
67900 91.6214
68000 91.7758
68100 92.1333
68200 92.3074
68300 93.0312
68400 92.7715
68500 93.1583
68600 92.8367
68700 93.0763
68800 93.3449
68900 93.6062
69000 93.5362
69100 93.7583
69200 93.8024
69300 93.8281
69400 93.9963
69500 93.9256
69600 94.2485
69700 94.1714
69800 94.802
69900 94.4799
70000 94.4251
70100 94.4678
70200 94.5178
70300 94.3417
70400 94.7899
70500 95.1693
70600 95.2689
70700 94.9836
70800 94.9518
70900 94.9073
71000 95.0766
71100 95.6459
71200 95.751
71300 95.6906
71400 95.5317
71500 95.8396
71600 96.3376
71700 96.0731
71800 96.4768
71900 96.5926
72000 96.5991
72100 96.9921
72200 96.989
72300 96.8386
72400 96.3313
72500 97.3111
72600 97.0406
72700 97.4418
72800 97.8154
72900 97.4535
73000 97.38
73100 97.9833
73200 98.1774
73300 98.2439
73400 98.2686
73500 98.9024
73600 98.8311
73700 99.2616
73800 99.3469
73900 99.479
74000 99.6002
74100 100.074
74200 100.16
74300 100.331
74400 99.9402
74500 99.9439
74600 100.373
74700 99.7207
74800 99.6352
74900 100.302
75000 100.049
75100 99.9532
75200 100.576
75300 100.772
75400 101.043
75500 101.398
75600 101.664
75700 101.774
75800 102.044
75900 102.036
76000 101.931
76100 101.659
76200 102.175
76300 102.881
76400 102.757
76500 102.765
76600 102.546
76700 102.549
76800 102.941
76900 103.289
77000 102.985
77100 102.864
77200 102.993
77300 103.44
77400 103.709
77500 104
77600 103.741
77700 104.298
77800 104.302
77900 104.535
78000 104.192
78100 104.388
78200 104.422
78300 104.756
78400 104.595
78500 104.697
78600 104.862
78700 104.954
78800 105.514
78900 105.497
79000 105.834
79100 106.373
79200 106.238
79300 106.396
79400 106.067
79500 106.357
79600 106.42
79700 106.772
79800 107.196
79900 107.361
80000 107.509
80100 107.532
80200 107.966
80300 108.396
80400 108.188
80500 108.642
80600 108.675
80700 108.764
80800 108.949
80900 109.823
81000 109.897
81100 109.795
81200 109.764
81300 109.606
81400 109.332
81500 110.548
81600 110.711
81700 111.528
81800 111.231
81900 111.252
82000 111.776
82100 111.986
82200 111.875
82300 112.28
82400 112.287
82500 112.893
82600 112.818
82700 113.091
82800 113.071
82900 113.318
83000 113.585
83100 113.613
83200 113.987
83300 113.691
83400 113.75
83500 113.868
83600 114.083
83700 114.249
83800 114.612
83900 114.384
84000 114.357
84100 114.495
84200 114.75
84300 114.403
84400 114.422
84500 114.997
84600 115.17
84700 115.421
84800 114.994
84900 114.906
85000 115.302
85100 115.25
85200 115.087
85300 115.817
85400 115.68
85500 115.934
85600 116.236
85700 116.632
85800 116.739
85900 116.663
86000 116.364
86100 116.873
86200 116.863
86300 117.212
86400 117.204
86500 117.391
86600 117.2
86700 117.598
86800 117.492
86900 117.454
87000 117.333
87100 117.725
87200 118.374
87300 118.257
87400 118.283
87500 118.187
87600 117.698
87700 118.222
87800 118.759
87900 118.327
88000 118.372
88100 118.991
88200 119.276
88300 119.026
88400 119.362
88500 119.767
88600 119.584
88700 119.703
88800 119.369
88900 120.077
89000 119.772
89100 120.133
89200 120.205
89300 120.241
89400 120.313
89500 120.707
89600 120.778
89700 120.63
89800 121.097
89900 121.151
90000 120.945
90100 120.924
90200 121.345
90300 120.955
90400 121.08
90500 121.85
90600 121.874
90700 122.153
90800 122.356
90900 122.615
91000 122.652
91100 122.583
91200 122.8
91300 122.741
91400 122.906
91500 122.871
91600 123.077
91700 122.673
91800 123.344
91900 123.259
92000 123.186
92100 123.73
92200 123.272
92300 123.69
92400 123.595
92500 123.59
92600 123.696
92700 124.204
92800 124.359
92900 124.115
93000 124.453
93100 124.559
93200 124.827
93300 124.787
93400 125.112
93500 125.507
93600 125.185
93700 125.762
93800 125.712
93900 125.937
94000 125.827
94100 125.782
94200 126.015
94300 125.837
94400 126.155
94500 126.105
94600 126.33
94700 126.39
94800 126.469
94900 126.332
95000 126.675
95100 126.179
95200 126.199
95300 126.853
95400 126.621
95500 126.919
95600 126.948
95700 126.995
95800 127.284
95900 127.212
96000 127.445
96100 127.686
96200 127.772
96300 127.935
96400 127.973
96500 128.171
96600 128.109
96700 128.701
96800 129.292
96900 129.327
97000 129.413
97100 128.828
97200 129.143
97300 129.38
97400 129.428
97500 129.912
97600 130
97700 129.908
97800 130.9
97900 130.815
98000 131.228
98100 130.736
98200 130.62
98300 130.953
98400 131.409
98500 131.341
98600 132.031
98700 132.374
98800 132.444
98900 132.397
99000 132.747
99100 132.91
99200 132.955
99300 133.173
99400 133.373
99500 133.278
99600 133.46
99700 133.013
99800 132.983
99900 133.625
100000 133.468
100100 133.732
100200 133.829
100300 134.075
100400 133.993
100500 134.218
100600 134.642
100700 135.102
100800 134.782
100900 134.577
101000 135.324
101100 134.688
101200 134.966
101300 135.086
101400 135.385
101500 135.803
101600 135.661
101700 135.501
101800 135.732
101900 135.657
102000 136.004
102100 136.236
102200 135.936
102300 136.091
102400 136.23
102500 135.834
102600 136.932
102700 137.058
102800 136.881
102900 137.03
103000 136.961
103100 136.71
103200 136.576
103300 136.74
103400 137.483
103500 137.645
103600 137.645
103700 137.793
103800 137.982
103900 138.221
104000 138.102
104100 138.293
104200 138.313
104300 138.998
104400 138.763
104500 138.907
104600 139.376
104700 139.527
104800 139.063
104900 140.053
105000 139.517
105100 139.937
105200 140.011
105300 140.407
105400 140.375
105500 140.707
105600 140.592
105700 140.548
105800 140.77
105900 140.881
106000 141.227
106100 141.454
106200 141.506
106300 142.027
106400 141.682
106500 141.893
106600 141.464
106700 141.418
106800 141.994
106900 141.869
107000 142.293
107100 142.264
107200 142.895
107300 143.179
107400 142.857
107500 143.311
107600 143.437
107700 144.012
107800 143.971
107900 144.168
108000 144.436
108100 144.613
108200 145.096
108300 145.377
108400 145.705
108500 145.872
108600 145.776
108700 146.084
108800 146.221
108900 146.362
109000 146.305
109100 146.532
109200 146.557
109300 146.969
109400 146.939
109500 146.679
109600 147.084
109700 147.1
109800 146.887
109900 146.862
110000 147.238
110100 147.16
110200 147.307
110300 147.609
110400 147.888
110500 148.034
110600 148.142
110700 147.631
110800 148.284
110900 148.303
111000 148.413
111100 148.699
111200 148.071
111300 148.267
111400 148.151
111500 148.097
111600 148.469
111700 148.695
111800 148.673
111900 148.632
112000 148.523
112100 148.848
112200 148.791
112300 148.751
112400 149.041
112500 149.633
112600 149.11
112700 149.209
112800 149.578
112900 149.599
113000 150.246
113100 150.55
113200 150.14
113300 150.034
113400 149.83
113500 150.14
113600 150.475
113700 150.612
113800 150.023
113900 150.017
114000 150.62
114100 151.022
114200 151.204
114300 151.109
114400 150.999
114500 151.149
114600 151.698
114700 151.268
114800 151.374
114900 151.815
115000 151.143
115100 151.359
115200 151.665
115300 151.413
115400 151.492
115500 151.844
115600 152.159
115700 152.002
115800 152.388
115900 152.512
116000 153.33
116100 153.349
116200 152.784
116300 152.733
116400 152.695
116500 152.995
116600 152.945
116700 153.281
116800 153.743
116900 153.794
117000 153.95
117100 153.837
117200 154.233
117300 154.227
117400 154.563
117500 154.633
117600 154.714
117700 154.663
117800 154.921
117900 155.42
118000 155.085
118100 154.918
118200 154.81
118300 155.251
118400 155.286
118500 155.926
118600 155.747
118700 156.134
118800 156.385
118900 156.451
119000 157.235
119100 156.926
119200 157.495
119300 157.503
119400 157.652
119500 158.234
119600 157.844
119700 158.068
119800 157.87
119900 158.158
120000 158.06
120100 158.548
120200 157.951
120300 158.773
120400 159.659
120500 159.6
120600 159.466
120700 159.714
120800 159.756
120900 160.13
121000 160.902
121100 160.965
121200 160.77
121300 160.946
121400 160.796
121500 161.322
121600 161.206
121700 161.285
121800 161.665
121900 161.974
122000 162.046
122100 161.818
122200 161.414
122300 161.713
122400 162.093
122500 162.136
122600 162.061
122700 162.215
122800 162.258
122900 162.253
123000 162.576
123100 161.805
123200 162.012
123300 161.495
123400 162.401
123500 162.204
123600 162.303
123700 162.477
123800 162.562
123900 163.092
124000 163.197
124100 163.473
124200 163.909
124300 163.192
124400 162.83
124500 163.354
124600 163.709
124700 163.87
124800 163.757
124900 163.318
125000 163.76
125100 163.458
125200 163.697
125300 164.026
125400 163.599
125500 163.289
125600 162.921
125700 163.237
125800 163.246
125900 163.691
126000 163.916
126100 164.338
126200 164.763
126300 164.586
126400 164.649
126500 165.118
126600 165.227
126700 165.718
126800 165.571
126900 165.796
127000 165.633
127100 165.669
127200 165.916
127300 166.007
127400 165.871
127500 166.07
127600 165.761
127700 166.546
127800 166.507
127900 166.661
128000 166.68
128100 166.73
128200 166.916
128300 166.833
128400 166.942
128500 167.332
128600 167.472
128700 166.791
128800 166.889
128900 167.467
129000 167.632
129100 167.613
129200 168.435
129300 168.312
129400 167.994
129500 168.424
129600 168.308
129700 168.286
129800 167.908
129900 167.823
130000 168.221
130100 167.797
130200 168.416
130300 168.586
130400 168.905
130500 169.2
130600 169.04
130700 168.94
130800 169.09
130900 169.376
131000 169.215
131100 169.289
131200 170.381
131300 170.593
131400 171.198
131500 170.993
131600 170.809
131700 170.978
131800 170.94
131900 171.753
132000 171.406
132100 171.739
132200 171.971
132300 172.29
132400 172.348
132500 173.072
132600 172.299
132700 172.413
132800 172.564
132900 172.149
133000 172.645
133100 173.002
133200 173.194
133300 173.368
133400 173.345
133500 173.426
133600 173.712
133700 173.298
133800 173.667
133900 173.053
134000 173.751
134100 173.826
134200 173.48
134300 173.784
134400 174.079
134500 173.637
134600 174.23
134700 173.737
134800 173.728
134900 174.191
135000 174.32
135100 174.874
135200 174.978
135300 174.849
135400 175.187
135500 175.327
135600 174.914
135700 174.822
135800 176.541
135900 175.901
136000 176.447
136100 176.388
136200 176.301
136300 176.655
136400 177.175
136500 176.597
136600 177.332
136700 177.241
136800 177.366
136900 178.131
137000 178.238
137100 177.563
137200 177.833
137300 178.107
137400 178.065
137500 178.411
137600 178.74
137700 178.634
137800 178.522
137900 179.486
138000 178.984
138100 179.649
138200 179.447
138300 179.565
138400 179.91
138500 179.861
138600 180.093
138700 180.184
138800 180.699
138900 180.686
139000 180.921
139100 181.214
139200 181.149
139300 181.067
139400 181.354
139500 181.58
139600 181.488
139700 182.294
139800 182.994
139900 182.848
140000 182.627
140100 182.922
140200 183.069
140300 183.46
140400 183.117
140500 182.361
140600 182.969
140700 183.106
140800 183.489
140900 183.665
141000 183.592
141100 184.055
141200 183.643
141300 183.712
141400 184.016
141500 184.192
141600 184.255
141700 183.987
141800 183.915
141900 184.815
142000 184.853
142100 184.669
142200 184.812
142300 184.017
142400 184.402
142500 185.202
142600 184.221
142700 185.031
142800 184.999
142900 185.033
143000 185.353
143100 185.577
143200 185.51
143300 186.361
143400 186.498
143500 186.448
143600 185.962
143700 185.802
143800 186.142
143900 186.3
144000 186.429
144100 186.162
144200 186.854
144300 187.371
144400 187.167
144500 187.66
144600 187.653
144700 187.568
144800 187.693
144900 187.886
145000 187.904
145100 188.728
145200 188.073
145300 188.532
145400 188.922
145500 189.316
145600 189.123
145700 189.41
145800 189.443
145900 189.106
146000 188.977
146100 190.009
146200 189.569
146300 189.851
146400 189.839
146500 190.126
146600 189.838
146700 189.652
146800 190.246
146900 190.626
147000 191.091
147100 191.894
147200 191.647
147300 192.154
147400 192.111
147500 192.834
147600 192.837
147700 192.929
147800 192.896
147900 192.739
148000 192.845
148100 193.376
148200 193.324
148300 193.216
148400 193.363
148500 193.812
148600 194.142
148700 194.678
148800 194.202
148900 193.998
149000 194.433
149100 195.105
149200 195.059
149300 194.991
149400 195.673
149500 195.242
149600 195.076
149700 195.643
149800 196.346
149900 196.119
150000 196.312
150100 196.599
150200 196.493
150300 196.65
150400 196.764
150500 197.58
150600 197.323
150700 197.816
150800 197.388
150900 197.362
151000 197.373
151100 196.973
151200 197.222
151300 196.923
151400 197.127
151500 196.968
151600 197.221
151700 198.053
151800 197.638
151900 197.942
152000 198.672
152100 198.353
152200 198.748
152300 199.137
152400 199.706
152500 199.184
152600 200.007
152700 199.938
152800 199.68
152900 199.583
153000 199.648
153100 199.811
153200 199.881
153300 200.028
153400 200.501
153500 200.18
153600 200.077
153700 201.311
153800 201.516
153900 201.866
154000 201.623
154100 201.005
154200 201.763
154300 202.113
154400 202.196
154500 201.971
154600 201.447
154700 202.012
154800 203.057
154900 202.885
155000 203.101
155100 202.533
155200 203.313
155300 203.336
155400 203.103
155500 203.452
155600 203.489
155700 203.863
155800 204.112
155900 204.506
156000 204.609
156100 204.644
156200 204.347
156300 204.768
156400 205.329
156500 206.02
156600 205.984
156700 205.993
156800 205.946
156900 206.43
157000 206.489
157100 206.542
157200 206.634
157300 206.429
157400 206.064
157500 206.268
157600 207.129
157700 206.619
157800 207.092
157900 208.208
158000 208.273
158100 207.351
158200 207.392
158300 207.03
158400 207.626
158500 207.779
158600 207.537
158700 207.57
158800 207.824
158900 207.914
159000 208.151
159100 208.442
159200 208.691
159300 209.069
159400 207.992
159500 208.421
159600 208.436
159700 208.324
159800 208.721
159900 208.389
160000 209.277
160100 208.821
160200 209.191
160300 209.523
160400 208.812
160500 209.548
160600 209.09
160700 209.521
160800 209.501
160900 209.801
161000 209.756
161100 210.14
161200 210.316
161300 210.223
161400 210.147
161500 209.483
161600 209.72
161700 209.744
161800 210.697
161900 210.294
162000 210.521
162100 210.572
162200 210.635
162300 210.236
162400 210.793
162500 210.484
162600 210.755
162700 211.071
162800 210.757
162900 210.882
163000 211.602
163100 211.634
163200 211.774
163300 211.849
163400 212.048
163500 212.321
163600 211.645
163700 211.588
163800 210.825
163900 211.592
164000 212.066
164100 212.618
164200 212.507
164300 211.41
164400 211.778
164500 212.012
164600 212.517
164700 212.471
164800 212.515
164900 213.026
165000 213.72
165100 213.599
165200 213.575
165300 214.022
165400 214.452
165500 214.436
165600 214.452
165700 214.475
165800 214.59
165900 214.422
166000 215.436
166100 216.048
166200 216.04
166300 216.196
166400 216.348
166500 216.772
166600 216.673
166700 216.22
166800 215.833
166900 216.402
167000 216.431
167100 217.039
167200 216.865
167300 217.623
167400 217.991
167500 217.327
167600 217.401
167700 217.5
167800 218.017
167900 218.179
168000 218.327
168100 218.777
168200 218.316
168300 219.009
168400 218.182
168500 218.581
168600 219.14
168700 219.542
168800 220.047
168900 219.712
169000 219.993
169100 219.448
169200 220.292
169300 220.542
169400 220.634
169500 219.613
169600 219.642
169700 219.504
169800 219.924
169900 220.2
170000 220.561
170100 221.034
170200 220.544
170300 221.03
170400 220.927
170500 221.074
170600 221.209
170700 221.631
170800 221.747
170900 221.735
171000 222.24
171100 222.329
171200 221.832
171300 222.4
171400 222.025
171500 222.534
171600 222.722
171700 222.735
171800 222.561
171900 222.92
172000 222.394
172100 223.275
172200 223.371
172300 224.12
172400 223.516
172500 224.119
172600 223.785
172700 223.085
172800 223.562
172900 223.71
173000 224.301
173100 223.9
173200 224.298
173300 224.162
173400 224.345
173500 224.27
173600 224.117
173700 224.477
173800 224.358
173900 224.931
174000 224.454
174100 225.038
174200 225.823
174300 225.518
174400 226.176
174500 225.922
174600 226.157
174700 226.208
174800 226.341
174900 226.356
175000 225.943
175100 227.028
175200 226.628
175300 226.553
175400 226.495
175500 226.51
175600 226.895
175700 227.074
175800 227.323
175900 227.144
176000 227.246
176100 227.597
176200 227.884
176300 228.567
176400 229.071
176500 228.923
176600 229.003
176700 229.185
176800 229.668
176900 229.298
177000 229.101
177100 229.182
177200 229.008
177300 229.34
177400 229.146
177500 229.475
177600 228.996
177700 229.485
177800 230.17
177900 230.01
178000 230.36
178100 230.583
178200 230.029
178300 230.492
178400 230.699
178500 230.094
178600 230.37
178700 230.244
178800 229.912
178900 231.021
179000 230.495
179100 230.756
179200 231.21
179300 231.647
179400 231.591
179500 231.7
179600 231.711
179700 232.64
179800 233.26
179900 233.462
180000 233.128
180100 233.68
180200 233.689
180300 234.03
180400 233.197
180500 233.669
180600 233.651
180700 233.755
180800 233.473
180900 233.253
181000 234.037
181100 234.395
181200 234.623
181300 235.176
181400 235.204
181500 235.074
181600 234.917
181700 235.209
181800 234.965
181900 235.728
182000 235.535
182100 235.309
182200 236.437
182300 236.206
182400 236.146
182500 236.834
182600 236.993
182700 236.698
182800 237.258
182900 236.798
183000 237.456
183100 237.636
183200 237.317
183300 237.636
183400 238.469
183500 238.073
183600 237.697
183700 237.814
183800 238.143
183900 237.975
184000 239.065
184100 238.998
184200 238.651
184300 238.599
184400 238.346
184500 239.086
184600 239.081
184700 238.981
184800 239.429
184900 239.014
185000 239.862
185100 240.499
185200 240.404
185300 240.859
185400 240.308
185500 241.071
185600 240.672
185700 240.479
185800 240.763
185900 240.763
186000 240.692
186100 241.884
186200 241.223
186300 241.25
186400 241.417
186500 242.037
186600 242.225
186700 242.183
186800 242.054
186900 242.598
187000 242.215
187100 242.745
187200 242.365
187300 241.912
187400 242.372
187500 243.003
187600 242.913
187700 243.091
187800 242.747
187900 243.359
188000 242.977
188100 243.373
188200 243.29
188300 243.717
188400 244.172
188500 243.914
188600 243.723
188700 244.26
188800 244.338
188900 244.646
189000 244.835
189100 245.295
189200 244.619
189300 245.8
189400 245.435
189500 245.421
189600 245.617
189700 245.76
189800 245.081
189900 245.736
190000 245.782
190100 246.067
190200 246.139
190300 246.011
190400 246.466
190500 246.393
190600 246.048
190700 246.172
190800 246.696
190900 246.373
191000 246.837
191100 246.871
191200 247.341
191300 247.203
191400 247.697
191500 247.744
191600 248.012
191700 247.288
191800 247.183
191900 247.708
192000 248.59
192100 248.671
192200 248.831
192300 248.97
192400 248.911
192500 249.342
192600 248.74
192700 249.134
192800 249.387
192900 249.767
193000 250.538
193100 249.93
193200 249.614
193300 250.087
193400 250.195
193500 250.129
193600 250.258
193700 250.336
193800 250.436
193900 250.794
194000 250.497
194100 250.747
194200 250.555
194300 250.681
194400 251.309
194500 251.579
194600 251.82
194700 252.04
194800 252.365
194900 252.097
195000 252.826
195100 252.603
195200 252.52
195300 252.717
195400 252.462
195500 252.941
195600 253.161
195700 253.406
195800 254.023
195900 253.907
196000 254.43
196100 254.62
196200 254.211
196300 253.551
196400 254.367
196500 253.926
196600 254.566
196700 254.596
196800 253.749
196900 254.196
197000 254.482
197100 254.333
197200 254.441
197300 254.324
197400 254.4
197500 255.129
197600 254.729
197700 254.261
197800 254.371
197900 255.298
198000 255.443
198100 255.442
198200 255.636
198300 256.421
198400 255.89
198500 255.852
198600 255.344
198700 255.795
198800 255.757
198900 255.988
199000 256.215
199100 256.212
199200 256.39
199300 256.363
199400 257.006
199500 257.421
199600 257.172
199700 256.647
199800 256.456
199900 257.036
200000 256.873
200100 256.402
200200 256.227
200300 257.301
200400 257.255
200500 257.817
200600 257.597
200700 257.646
200800 258.046
200900 257.89
201000 258.058
201100 258.767
201200 258.352
201300 258.245
201400 258.318
201500 258.163
201600 259.013
201700 258.777
201800 258.778
201900 259.206
202000 259.057
202100 259.698
202200 260.094
202300 260.004
202400 260.062
202500 260.413
202600 261.004
202700 261.243
202800 261.231
202900 261.105
203000 260.556
203100 260.993
203200 261.005
203300 261.621
203400 261.856
203500 262.35
203600 262.375
203700 262.569
203800 262.992
203900 263.4
204000 263.805
204100 263.535
204200 263.077
204300 263.288
204400 263.648
204500 263.411
204600 263.757
204700 264.217
204800 263.902
204900 264.203
205000 264.207
205100 264.9
205200 264.862
205300 264.734
205400 265.32
205500 265.1
205600 265.216
205700 265.292
205800 265.221
205900 265.185
206000 264.896
206100 265.012
206200 265.941
206300 266.284
206400 266.635
206500 266.098
206600 266.241
206700 266.489
206800 265.966
206900 266.886
207000 266.087
207100 266.864
207200 267.607
207300 267.302
207400 267.748
207500 268.449
207600 267.505
207700 268.14
207800 268.324
207900 267.884
208000 267.575
208100 268.176
208200 267.915
208300 267.881
208400 267.808
208500 267.172
208600 267.259
208700 267.786
208800 267.752
208900 267.932
209000 268.084
209100 267.817
209200 268.68
209300 269.058
209400 268.761
209500 269.495
209600 270.384
209700 270.167
209800 270.478
209900 271.134
210000 271.201
210100 271.019
210200 270.909
210300 271.031
210400 271.384
210500 272.037
210600 271.737
210700 271.466
210800 271.688
210900 272.625
211000 272.357
211100 272.423
211200 271.629
211300 271.786
211400 271.967
211500 272.186
211600 272.811
211700 272.98
211800 272.495
211900 272.182
212000 273.07
212100 272.71
212200 272.939
212300 273.79
212400 273.833
212500 274.211
212600 274.036
212700 274.206
212800 274.265
212900 274.112
213000 274.601
213100 275.117
213200 275.719
213300 275.024
213400 274.499
213500 274.588
213600 274.808
213700 275.053
213800 275.032
213900 274.755
214000 275.143
214100 275.982
214200 275.535
214300 275.622
214400 276.532
214500 276.759
214600 277.401
214700 277.307
214800 276.856
214900 277.352
215000 276.802
215100 277.081
215200 277.386
215300 278.217
215400 278.239
215500 278.152
215600 278.138
215700 278.4
215800 278.379
215900 278.394
216000 279.251
216100 279.136
216200 278.902
216300 278.859
216400 279.109
216500 280.159
216600 280.104
216700 280.265
216800 280.51
216900 280.092
217000 280.106
217100 280.508
217200 281.571
217300 281.985
217400 282.171
217500 282.278
217600 282.021
217700 282.407
217800 281.677
217900 281.78
218000 282.138
218100 281.863
218200 281.692
218300 281.361
218400 281.873
218500 282.185
218600 282.927
218700 283.31
218800 283.192
218900 281.995
219000 282.717
219100 283.433
219200 283.694
219300 283.832
219400 284.083
219500 284.225
219600 284.035
219700 285.303
219800 284.66
219900 284.84
220000 284.403
220100 284.967
220200 285.37
220300 284.86
220400 285.352
220500 285.568
220600 285.184
220700 286.009
220800 286.011
220900 285.051
221000 285.227
221100 286.356
221200 286.129
221300 286.189
221400 286.791
221500 286.914
221600 287.087
221700 287.756
221800 288.431
221900 288.038
222000 287.698
222100 288.247
222200 288.618
222300 288.068
222400 288.394
222500 287.904
222600 287.82
222700 287.839
222800 288.017
222900 288.609
223000 288.946
223100 289.224
223200 288.59
223300 288.971
223400 288.875
223500 290.161
223600 290.061
223700 290.55
223800 290.72
223900 290.791
224000 290.927
224100 291.64
224200 291.677
224300 291.205
224400 291.368
224500 291.668
224600 292.289
224700 292.215
224800 292.092
224900 292.103
225000 292.78
225100 293.037
225200 292.405
225300 292.432
225400 292.329
225500 292.942
225600 292.379
225700 292.687
225800 293.208
225900 293.453
226000 293.525
226100 293.809
226200 293.565
226300 293.615
226400 294.029
226500 293.967
226600 293.95
226700 294.635
226800 293.671
226900 294.283
227000 294.924
227100 294.61
227200 294.812
227300 294.99
227400 294.362
227500 294.97
227600 294.984
227700 294.966
227800 295.132
227900 295.369
228000 295.135
228100 295.042
228200 295.608
228300 295.172
228400 295.632
228500 295.834
228600 296.07
228700 296.008
228800 296.597
228900 297.999
229000 297.844
229100 297.846
229200 296.803
229300 297.437
229400 298.262
229500 298.442
229600 299.05
229700 298.702
229800 299.003
229900 299.652
230000 299.312
230100 299.807
230200 300.255
230300 301.081
230400 300.528
230500 299.769
230600 299.723
230700 300.412
230800 300.306
230900 300.972
231000 301.367
231100 301.337
231200 300.629
231300 300.916
231400 301.832
231500 301.821
231600 300.914
231700 301.548
231800 302.11
231900 301.45
232000 300.933
232100 301.262
232200 301.384
232300 302.334
232400 302.483
232500 302.545
232600 301.898
232700 302.866
232800 302.802
232900 303.272
233000 302.142
233100 302.388
233200 302.791
233300 302.392
233400 302.789
233500 303.464
233600 304.514
233700 304.536
233800 304.697
233900 304.378
234000 304.223
234100 304.173
234200 303.729
234300 304.27
234400 304.472
234500 305.084
234600 304.837
234700 304.513
234800 304.966
234900 305.404
235000 305.414
235100 306.105
235200 306.189
235300 306.399
235400 306.375
235500 306.482
235600 307.094
235700 307.448
235800 306.993
235900 306.364
236000 306.787
236100 307.12
236200 307.148
236300 307.383
236400 307.346
236500 307.605
236600 307.652
236700 307.464
236800 308.17
236900 307.676
237000 307.906
237100 308.285
237200 308.45
237300 308.845
237400 308.723
237500 308.213
237600 308.939
237700 308.522
237800 307.941
237900 308.931
238000 308.247
238100 308.154
238200 308.458
238300 308.979
238400 309.088
238500 308.773
238600 308.676
238700 310.103
238800 309.628
238900 309.812
239000 310.161
239100 309.796
239200 310.333
239300 309.817
239400 310.447
239500 310.525
239600 311.408
239700 310.909
239800 311.319
239900 311.365
240000 310.831
240100 311.4
240200 311.245
240300 310.826
240400 311.208
240500 311.24
240600 312.031
240700 312.481
240800 312.266
240900 311.653
241000 311.841
241100 311.621
241200 311.935
241300 311.806
241400 312.017
241500 312.03
241600 312.052
241700 312.317
241800 312.583
241900 313.383
242000 313.581
242100 313.24
242200 313.441
242300 312.729
242400 313.074
242500 313.237
242600 313.582
242700 314.31
242800 313.439
242900 313.802
243000 313.773
243100 313.445
243200 313.337
243300 313.898
243400 313.496
243500 313.994
243600 314.284
243700 314.189
243800 314.194
243900 313.884
244000 314.455
244100 313.817
244200 314.347
244300 314.471
244400 314.409
244500 315.299
244600 315.107
244700 315.608
244800 315.996
244900 316.09
245000 315.73
245100 316.332
245200 316.379
245300 316.858
245400 316.502
245500 316.729
245600 316.065
245700 316.486
245800 317.366
245900 317.026
246000 316.686
246100 316.869
246200 316.687
246300 317.181
246400 317.763
246500 318.841
246600 318.927
246700 318.606
246800 318.085
246900 318.383
247000 318.679
247100 319.27
247200 319.076
247300 319.429
247400 319.47
247500 318.507
247600 319.127
247700 319.763
247800 319.995
247900 319.357
248000 319.195
248100 319.259
248200 318.93
248300 319.86
248400 319.537
248500 318.955
248600 319.798
248700 319.674
248800 319.51
248900 320.611
249000 320.214
249100 320.946
249200 320.344
249300 320.392
249400 320.175
249500 320.713
249600 320.854
249700 321.095
249800 320.801
249900 321.298
250000 321.51
250100 321.758
250200 322.252
250300 321.583
250400 322.196
250500 322.132
250600 321.388
250700 322.303
250800 322.178
250900 322.302
251000 322.103
251100 321.939
251200 322.747
251300 322.979
251400 323.013
251500 323.415
251600 323.032
251700 323.557
251800 322.989
251900 322.953
252000 322.5
252100 323.256
252200 323.934
252300 323.534
252400 323.956
252500 323.913
252600 324.927
252700 324.537
252800 324.265
252900 324.034
253000 324.459
253100 324.498
253200 324.693
253300 324.746
253400 324.892
253500 324.238
253600 325.172
253700 325.516
253800 325.858
253900 326.25
254000 326.373
254100 326.468
254200 326.264
254300 326.882
254400 326.796
254500 327.176
254600 327.56
254700 327.332
254800 327.384
254900 327.658
255000 327.493
255100 327.835
255200 327.895
255300 327.926
255400 327.82
255500 327.34
255600 327.297
255700 327.296
255800 327.152
255900 327.742
256000 328.43
256100 328.709
256200 328.416
256300 328.942
256400 329.123
256500 328.262
256600 328.357
256700 328.476
256800 328.108
256900 328.703
257000 329.174
257100 329.09
257200 329.625
257300 329.913
257400 330.777
257500 330.31
257600 329.662
257700 330.589
257800 330.215
257900 330.295
258000 331.476
258100 331.189
258200 331.03
258300 331.467
258400 332.131
258500 330.536
258600 331.469
258700 330.765
258800 333.134
258900 332.906
259000 332.688
259100 331.868
259200 333.119
259300 332.11
259400 332.271
259500 332.38
259600 332.582
259700 333.127
259800 333.638
259900 334.228
260000 334.097
260100 334.787
260200 334.458
260300 334.611
260400 334.493
260500 335.573
260600 334.932
260700 334.86
260800 333.945
260900 334.484
261000 334.956
261100 335.225
261200 335.188
261300 335.848
261400 335.908
261500 335.08
261600 335.54
261700 336.06
261800 336.137
261900 336.707
262000 336.826
262100 336.084
262200 336.57
262300 336.673
262400 336.481
262500 336.681
262600 337.276
262700 336.989
262800 337.866
262900 337.993
263000 338.158
263100 337.308
263200 337.522
263300 337.404
263400 338.387
263500 338.337
263600 338.582
263700 339.651
263800 339.696
263900 339.868
264000 340.356
264100 339.734
264200 341.006
264300 341.017
264400 341.061
264500 339.879
264600 340.521
264700 340.854
264800 340.977
264900 340.716
265000 340.941
265100 341.462
265200 341.325
265300 341.329
265400 342.27
265500 341.991
265600 342.179
265700 342.204
265800 342.66
265900 342.113
266000 342.476
266100 342.402
266200 342.624
266300 342.67
266400 342.552
266500 343.383
266600 343.329
266700 344.128
266800 344.242
266900 344.139
267000 344.074
267100 344.146
267200 344.381
267300 345.12
267400 345.722
267500 345.301
267600 344.992
267700 346.219
267800 345.971
267900 346.463
268000 346.431
268100 345.973
268200 346.791
268300 346.315
268400 346.804
268500 347.398
268600 346.5
268700 346.757
268800 347.345
268900 347.743
269000 347.749
269100 348.094
269200 346.982
269300 347.568
269400 348.001
269500 347.514
269600 347.721
269700 348.71
269800 348.727
269900 348.918
270000 349.115
270100 349.996
270200 349.928
270300 349.78
270400 350.48
270500 350.292
270600 350.105
270700 350.729
270800 350.769
270900 351.164
271000 350.839
271100 350.908
271200 351.043
271300 351.108
271400 351.129
271500 350.93
271600 351.561
271700 352.063
271800 351.938
271900 351.729
272000 351.37
272100 351.899
272200 352.519
272300 352.977
272400 353.231
272500 353.715
272600 353.702
272700 353.505
272800 354.235
272900 354.047
273000 353.946
273100 354.678
273200 353.444
273300 354.279
273400 354.405
273500 354.75
273600 355.238
273700 354.408
273800 354.416
273900 355.449
274000 354.962
274100 355.243
274200 355.296
274300 355.585
274400 355.754
274500 355.579
274600 356.175
274700 357.055
274800 357.456
274900 357.033
275000 356.729
275100 357.055
275200 357.245
275300 357.674
275400 358.235
275500 358.908
275600 358.261
275700 358.569
275800 358.838
275900 359.419
276000 358.364
276100 359.309
276200 359.334
276300 358.832
276400 359.01
276500 359.261
276600 359.388
276700 359.197
276800 359.334
276900 359.005
277000 358.992
277100 359.018
277200 359.299
277300 359.611
277400 359.171
277500 359.025
277600 359.12
277700 359.381
277800 359.511
277900 360.575
278000 360.485
278100 360.354
278200 360.537
278300 360.447
278400 360.001
278500 359.824
278600 360.52
278700 360.864
278800 361.044
278900 361.654
279000 361.738
279100 362.297
279200 361.959
279300 361.994
279400 361.872
279500 361.998
279600 362.379
279700 362.026
279800 362.131
279900 361.569
280000 361.878
280100 362.318
280200 362.654
280300 363.095
280400 363.131
280500 363.579
280600 363.498
280700 363.808
280800 364.221
280900 363.879
281000 364.296
281100 364.636
281200 364.215
281300 364.404
281400 364.86
281500 364.942
281600 364.811
281700 365.42
281800 366.112
281900 365.785
282000 365.661
282100 365.945
282200 365.704
282300 366.05
282400 365.865
282500 366.052
282600 366.827
282700 366.863
282800 367.498
282900 367.84
283000 367.625
283100 367.827
283200 368.117
283300 367.608
283400 367.772
283500 367.224
283600 367.727
283700 368.05
283800 368.057
283900 368.741
284000 369.28
284100 369.792
284200 370.406
284300 370.156
284400 370.132
284500 370.74
284600 371.559
284700 371.248
284800 372.502
284900 371.864
285000 372.938
285100 372.994
285200 372.674
285300 372.42
285400 372.112
285500 373.246
285600 373.147
285700 372.144
285800 372.637
285900 373.706
286000 374.21
286100 373.577
286200 374.324
286300 374.377
286400 374.046
286500 373.622
286600 373.415
286700 372.004
286800 373.082
286900 372.941
287000 372.899
287100 373.005
287200 372.818
287300 372.609
287400 372.986
287500 373.722
287600 373.2
287700 372.984
287800 374.19
287900 373.334
288000 374.07
288100 373.913
288200 373.699
288300 374.085
288400 374.062
288500 373.414
288600 374.534
288700 374.114
288800 374.114
288900 375.267
289000 375.193
289100 375.661
289200 375.508
289300 375.188
289400 375.131
289500 375.117
289600 375.32
289700 376.015
289800 376.945
289900 376.214
290000 375.761
290100 376.523
290200 376.851
290300 376.976
290400 376.597
290500 376.542
290600 376.015
290700 377.417
290800 376.942
290900 377.715
291000 377.396
291100 377.47
291200 378.041
291300 377.58
291400 377.388
291500 378.275
291600 377.861
291700 378.302
291800 377.916
291900 377.227
292000 378.11
292100 378.154
292200 378.926
292300 378.545
292400 378.44
292500 379.004
292600 379.651
292700 378.538
292800 379.388
292900 379.11
293000 377.86
293100 378.388
293200 378.149
293300 378.736
293400 378.85
293500 379.51
293600 379.672
293700 379.131
293800 380.347
293900 381.025
294000 380.365
294100 379.809
294200 380.648
294300 380.708
294400 380.595
294500 381.142
294600 380.348
294700 380.911
294800 380.736
294900 381.769
295000 381.383
295100 381.291
295200 381.54
295300 382.153
295400 382.113
295500 381.898
295600 382.592
295700 382.595
295800 382.397
295900 382.155
296000 383.238
296100 382.074
296200 383.034
296300 383.07
296400 382.907
296500 383.394
296600 383.765
296700 383.383
296800 383.542
296900 384.372
297000 384.641
297100 384.785
297200 384.868
297300 385.124
297400 385.595
297500 385.873
297600 385.815
297700 386.646
297800 386.922
297900 386.627
298000 386.303
298100 386.267
298200 387.189
298300 386.847
298400 386.149
298500 386.074
298600 386.054
298700 386.892
298800 387.876
298900 387.245
299000 388.15
299100 387.763
299200 387.881
299300 387.622
299400 387.904
299500 388.117
299600 387.885
299700 387.208
299800 387.704
299900 387.538
300000 388.658
300100 388.003
300200 388.451
300300 388.389
300400 389.056
300500 388.502
300600 389.184
300700 389.162
300800 388.673
300900 389.149
301000 389.917
301100 389.264
301200 389.633
301300 390.61
301400 390.718
301500 390.893
301600 390.034
301700 390.702
301800 390.504
301900 390.162
302000 390.085
302100 391.405
302200 391.155
302300 391.087
302400 390.798
302500 390.89
302600 391.356
302700 391.709
302800 391.444
302900 391.601
303000 392.02
303100 391.879
303200 391.872
303300 392.376
303400 392.569
303500 393.378
303600 393.834
303700 392.286
303800 393.478
303900 392.594
304000 393.008
304100 393.104
304200 393.554
304300 393.788
304400 393.258
304500 394.28
304600 394.197
304700 393.608
304800 393.773
304900 394.876
305000 394.725
305100 395.518
305200 395.514
305300 395.241
305400 395.005
305500 394.671
305600 394.658
305700 395.047
305800 395.099
305900 394.879
306000 395.354
306100 396.119
306200 395.632
306300 395.81
306400 395.427
306500 395.721
306600 395.474
306700 395.529
306800 395.676
306900 396.102
307000 395.96
307100 395.943
307200 395.54
307300 395.168
307400 395.809
307500 395.583
307600 396.135
307700 396.332
307800 396.258
307900 396.839
308000 396.746
308100 396.665
308200 396.824
308300 397.397
308400 396.994
308500 396.459
308600 397.334
308700 397.604
308800 397.606
308900 397.438
309000 398.445
309100 398.679
309200 398.462
309300 398.828
309400 398.94
309500 399.987
309600 399.983
309700 399.658
309800 399.542
309900 400.049
310000 399.846
310100 399.946
310200 400.748
310300 399.771
310400 399.791
310500 400.619
310600 400.586
310700 401.254
310800 402.218
310900 402.53
311000 403.805
311100 402.546
311200 402.818
311300 403.136
311400 402.713
311500 403.335
311600 402.771
311700 402.502
311800 402.435
311900 402.627
312000 402.964
312100 402.884
312200 402.978
312300 403.482
312400 403.694
312500 403.694
312600 403.582
312700 403.502
312800 404.122
312900 403.448
313000 404.052
313100 404.369
313200 403.845
313300 403.801
313400 404.578
313500 404.366
313600 404.927
313700 403.467
313800 403.693
313900 405.333
314000 404.451
314100 405.163
314200 405.543
314300 405.622
314400 405.432
314500 406.253
314600 406.226
314700 405.982
314800 405.753
314900 406.035
315000 406.081
315100 406.172
315200 406.242
315300 405.824
315400 406.48
315500 406.6
315600 406.804
315700 407.654
315800 407.814
315900 406.912
316000 407.55
316100 407.377
316200 406.711
316300 406.332
316400 406.833
316500 407.286
316600 408.218
316700 408.189
316800 408.344
316900 408.122
317000 408.362
317100 407.872
317200 408.556
317300 408.425
317400 407.622
317500 408.171
317600 408.328
317700 408.726
317800 409.031
317900 408.857
318000 408.777
318100 408.571
318200 409.085
318300 409.477
318400 409.469
318500 409.578
318600 408.858
318700 410.281
318800 411.036
318900 411.224
319000 410.839
319100 410.954
319200 411.393
319300 411.604
319400 412.016
319500 412
319600 410.991
319700 411.398
319800 412.217
319900 412.191
320000 412.16
320100 412.21
320200 412.798
320300 412.678
320400 413.216
320500 413.146
320600 413.178
320700 413.953
320800 413.472
320900 413.584
321000 413
321100 413.914
321200 412.943
321300 413.588
321400 414.375
321500 414.58
321600 414.578
321700 414.379
321800 415.063
321900 414.729
322000 414.394
322100 414.939
322200 415.005
322300 413.989
322400 414.175
322500 414.357
322600 414.793
322700 414.882
322800 415.856
322900 416.178
323000 416.078
323100 416.033
323200 416.187
323300 415.894
323400 416.089
323500 415.988
323600 416.152
323700 417.009
323800 416.729
323900 415.891
324000 416.923
324100 416.637
324200 417.322
324300 417.367
324400 417.056
324500 417.127
324600 417.624
324700 417.343
324800 418.086
324900 417.574
325000 418.38
325100 417.424
325200 417.978
325300 417.291
325400 417.352
325500 417.592
325600 417.439
325700 417.308
325800 417.445
325900 417.236
326000 417.237
326100 417.274
326200 417.84
326300 418.52
326400 418.425
326500 418.516
326600 419.271
326700 419.372
326800 419.165
326900 419.874
327000 419.438
327100 418.785
327200 418.944
327300 418.821
327400 419.55
327500 420.069
327600 420.095
327700 419.336
327800 420.658
327900 421.182
328000 420.729
328100 420.718
328200 420.396
328300 421.512
328400 421.891
328500 422.453
328600 422.529
328700 422.819
328800 422.913
328900 422.552
329000 421.616
329100 422.135
329200 422.421
329300 421.385
329400 421.612
329500 421.592
329600 422.977
329700 423.164
329800 423.097
329900 423.544
330000 423.829
330100 424.571
330200 424.672
330300 424.965
330400 425.703
330500 425.736
330600 425.324
330700 425.147
330800 425.722
330900 425.31
331000 425.171
331100 425.595
331200 424.862
331300 425.675
331400 425.911
331500 426.267
331600 425.473
331700 426.91
331800 426.321
331900 427.386
332000 426.899
332100 427.155
332200 427.971
332300 427.549
332400 428.587
332500 429.385
332600 428.861
332700 427.963
332800 428.167
332900 428.699
333000 427.928
333100 428.172
333200 428.178
333300 428.605
333400 429.148
333500 429.69
333600 429.284
333700 429.543
333800 429.352
333900 429.805
334000 430.108
334100 429.203
334200 429.145
334300 429.305
334400 430.721
334500 430.263
334600 429.728
334700 430.809
334800 429.921
334900 430.698
335000 430.032
335100 431.008
335200 431.154
335300 430.954
335400 430.71
335500 431.055
335600 431.422
335700 431.837
335800 431.761
335900 431.693
336000 431.885
336100 432.245
336200 432.231
336300 432.553
336400 431.35
336500 431.987
336600 432.014
336700 432.394
336800 431.759
336900 432.195
337000 432.333
337100 432.592
337200 432.368
337300 432.453
337400 433.159
337500 433.088
337600 433.455
337700 433.162
337800 434.061
337900 432.869
338000 433.743
338100 433.911
338200 434.476
338300 434.376
338400 433.879
338500 435.156
338600 435.349
338700 435.489
338800 434.52
338900 435.14
339000 434.83
339100 434.945
339200 435.204
339300 436.136
339400 435.485
339500 435.558
339600 436.727
339700 437.003
339800 437.161
339900 436.312
340000 436.884
340100 437.106
340200 436.644
340300 437.065
340400 436.023
340500 437.248
340600 437.384
340700 438.013
340800 437.854
340900 438.082
341000 437.633
341100 436.833
341200 436.975
341300 437.901
341400 437.712
341500 437.333
341600 436.81
341700 438.868
341800 439.118
341900 439.127
342000 439.028
342100 437.74
342200 437.814
342300 439.034
342400 438.346
342500 438.224
342600 439.232
342700 439.203
342800 438.933
342900 439.364
343000 438.154
343100 440.062
343200 439.936
343300 440.358
343400 440.549
343500 440.992
343600 441.609
343700 440.39
343800 441.214
343900 441.642
344000 441.654
344100 442.586
344200 442.247
344300 442.896
344400 442.216
344500 442.006
344600 443.158
344700 442.904
344800 443.66
344900 443.683
345000 443.184
345100 443.392
345200 443.685
345300 442.571
345400 443.331
345500 443.185
345600 443.028
345700 443.27
345800 443.03
345900 443.846
346000 444.415
346100 444.257
346200 444.129
346300 444.156
346400 444.035
346500 443.843
346600 443.861
346700 445.033
346800 445.41
346900 444.741
347000 445.262
347100 445.987
347200 446.559
347300 445.804
347400 445.155
347500 444.703
347600 446.363
347700 445.575
347800 445.839
347900 445.46
348000 446.152
348100 446.023
348200 445.8
348300 446.2
348400 446.366
348500 445.878
348600 446.402
348700 445.399
348800 445.758
348900 445.78
349000 446.248
349100 446.516
349200 446.444
349300 447.29
349400 447.712
349500 447.955
349600 447.661
349700 448.265
349800 448.08
349900 448.308
350000 448.31
