# Time-averaged data for fix all_msd
# TimeStep c_msd1[4]
0 2.04939e-29
100 0.15171
200 0.241402
300 0.338019
400 0.438487
500 0.565214
600 0.663137
700 0.79328
800 0.960445
900 1.05229
1000 1.12539
1100 1.25827
1200 1.31746
1300 1.40299
1400 1.50298
1500 1.61056
1600 1.70746
1700 1.76302
1800 1.77845
1900 1.82016
2000 1.85703
2100 1.97902
2200 1.97979
2300 2.01127
2400 2.02411
2500 2.06054
2600 2.03918
2700 2.12787
2800 2.14977
2900 2.22842
3000 2.30461
3100 2.38699
3200 2.40692
3300 2.47183
3400 2.52372
3500 2.59017
3600 2.62299
3700 2.58561
3800 2.60302
3900 2.67243
4000 2.63512
4100 2.63683
4200 2.63182
4300 2.68536
4400 2.69024
4500 2.78797
4600 2.8341
4700 2.77638
4800 2.88575
4900 2.91778
5000 2.95014
5100 2.94357
5200 3.03662
5300 3.03942
5400 3.09282
5500 3.16151
5600 3.16308
5700 3.20064
5800 3.28107
5900 3.25344
6000 3.29203
6100 3.28956
6200 3.34084
6300 3.42045
6400 3.39369
6500 3.48176
6600 3.41454
6700 3.42703
6800 3.47598
6900 3.55455
7000 3.50069
7100 3.52412
7200 3.56819
7300 3.52207
7400 3.56635
7500 3.63625
7600 3.63325
7700 3.73365
7800 3.76169
7900 3.73783
8000 3.80418
8100 3.81889
8200 3.79186
8300 3.84621
8400 3.85458
8500 3.89294
8600 3.90456
8700 3.93367
8800 3.87972
8900 3.85321
9000 4.03082
9100 3.95844
9200 3.98468
9300 3.9733
9400 3.92544
9500 4.03817
9600 4.05618
9700 3.98347
9800 4.06434
9900 4.11584
10000 4.08573
10100 4.13741
10200 4.14329
10300 4.1399
10400 4.10741
10500 4.10242
10600 4.24473
10700 4.24853
10800 4.16207
10900 4.19943
11000 4.21566
11100 4.23218
11200 4.25997
11300 4.31186
11400 4.29166
11500 4.27563
11600 4.31525
11700 4.3494
11800 4.3762
11900 4.54734
12000 4.45694
12100 4.38759
12200 4.43618
12300 4.46495
12400 4.43029
12500 4.48007
12600 4.51391
12700 4.57954
12800 4.59759
12900 4.60144
13000 4.66864
13100 4.68625
13200 4.67703
13300 4.61388
13400 4.74376
13500 4.74443
13600 4.71425
13700 4.71184
13800 4.80904
13900 4.78277
14000 4.74426
14100 4.75703
14200 4.72479
14300 4.68934
14400 4.75713
14500 4.68139
14600 4.8005
14700 4.84167
14800 4.83297
14900 4.76656
15000 4.86578
15100 4.84082
15200 4.88631
15300 4.9331
15400 4.91907
15500 4.96177
15600 4.96604
15700 4.97795
15800 5.00349
15900 5.00019
16000 4.96443
16100 5.07375
16200 5.15215
16300 5.07189
16400 5.01833
16500 4.96906
16600 5.03419
16700 5.09958
16800 5.07926
16900 5.02088
17000 5.07475
17100 5.08601
17200 5.12167
17300 5.12161
17400 5.08633
17500 5.11527
17600 5.09451
17700 5.07152
17800 5.13172
17900 5.19244
18000 5.15385
18100 5.1
18200 5.11876
18300 5.11552
18400 5.09896
18500 5.08651
18600 5.10051
18700 5.12325
18800 5.19774
18900 5.08173
19000 5.12542
19100 5.15937
19200 5.13735
19300 5.15787
19400 5.22406
19500 5.25439
19600 5.27147
19700 5.31509
19800 5.35785
19900 5.35538
20000 5.38875
20100 5.38407
20200 5.48073
20300 5.46943
20400 5.55982
20500 5.48527
20600 5.5565
20700 5.56465
20800 5.51268
20900 5.64751
21000 5.67516
21100 5.69752
21200 5.65284
21300 5.69836
21400 5.68176
21500 5.69105
21600 5.75638
21700 5.81542
21800 5.74675
21900 5.82462
22000 5.83373
22100 5.88832
22200 5.84295
22300 5.82834
22400 5.8409
22500 5.94592
22600 5.94474
22700 5.9109
22800 5.87286
22900 5.90776
23000 5.964
23100 5.92677
23200 5.9676
23300 5.93662
23400 6.02626
23500 6.0016
23600 6.0162
23700 6.02623
23800 5.99112
23900 6.06925
24000 6.13841
24100 6.09887
24200 6.20131
24300 6.14522
24400 6.25525
24500 6.23756
24600 6.2592
24700 6.21555
24800 6.31542
24900 6.26795
25000 6.34919
25100 6.32012
25200 6.29404
25300 6.34978
25400 6.33509
25500 6.38162
25600 6.39827
25700 6.34832
25800 6.2896
25900 6.35744
26000 6.34502
26100 6.30767
26200 6.32178
26300 6.38005
26400 6.26462
26500 6.37209
26600 6.34662
26700 6.37001
26800 6.33986
26900 6.26572
27000 6.30938
27100 6.42446
27200 6.38959
27300 6.43934
27400 6.37855
27500 6.48089
27600 6.46553
27700 6.55463
27800 6.53172
27900 6.59497
28000 6.53279
28100 6.50758
28200 6.55242
28300 6.50983
28400 6.59278
28500 6.54317
28600 6.54708
28700 6.5132
28800 6.63658
28900 6.68048
29000 6.57512
29100 6.6243
29200 6.58889
29300 6.61941
29400 6.63112
29500 6.60666
29600 6.66046
29700 6.68502
29800 6.70738
29900 6.6405
30000 6.70515
30100 6.80457
30200 6.78398
30300 6.78447
30400 6.73051
30500 6.75201
30600 6.84402
30700 6.76656
30800 6.82215
30900 6.86873
31000 6.89163
31100 6.83996
31200 6.90704
31300 6.93312
31400 6.88899
31500 6.95906
31600 6.93794
31700 6.90725
31800 6.98185
31900 6.95555
32000 6.97919
32100 7.04862
32200 7.03965
32300 7.12647
32400 7.09043
32500 7.12232
32600 7.07961
32700 7.00479
32800 6.98914
32900 7.03879
33000 7.00452
33100 7.02507
33200 7.02031
33300 6.99709
33400 7.07352
33500 7.05694
33600 7.09708
33700 7.06262
33800 7.155
33900 7.10813
34000 7.0739
34100 7.06416
34200 7.06146
34300 7.09646
34400 7.14859
34500 7.13613
34600 7.10086
34700 7.09626
34800 7.06114
34900 7.04989
35000 7.00478
35100 7.05502
35200 7.09554
35300 7.19252
35400 7.16625
35500 7.11528
35600 7.21332
35700 7.1847
35800 7.18369
35900 7.215
36000 7.2581
36100 7.27215
36200 7.34046
36300 7.31719
36400 7.27982
36500 7.26931
36600 7.28874
36700 7.34565
36800 7.31934
36900 7.44242
37000 7.41018
37100 7.45721
37200 7.42143
37300 7.43818
37400 7.39707
37500 7.57973
37600 7.48004
37700 7.57493
37800 7.53305
37900 7.5797
38000 7.55907
38100 7.66899
38200 7.62747
38300 7.64821
38400 7.53324
38500 7.54854
38600 7.46168
38700 7.42433
38800 7.51439
38900 7.55489
39000 7.45143
39100 7.48693
39200 7.5269
39300 7.55594
39400 7.59119
39500 7.62677
39600 7.7325
39700 7.65494
39800 7.68937
39900 7.71399
40000 7.769
40100 7.73134
40200 7.74016
40300 7.70614
40400 7.69672
40500 7.65175
40600 7.59972
40700 7.66713
40800 7.6645
40900 7.73522
41000 7.70922
41100 7.64945
41200 7.70638
41300 7.69604
41400 7.67868
41500 7.69397
41600 7.67187
41700 7.59001
41800 7.69812
41900 7.70092
42000 7.72555
42100 7.73509
42200 7.68335
42300 7.78012
42400 7.80458
42500 7.76897
42600 7.8482
42700 7.86606
42800 7.85012
42900 7.86297
43000 7.87459
43100 7.88424
43200 7.9878
43300 7.9304
43400 7.87671
43500 7.9179
43600 7.99251
43700 7.89919
43800 7.94394
43900 7.9406
44000 7.92802
44100 7.97892
44200 8.07688
44300 8.07564
44400 7.9957
44500 8.00387
44600 7.96119
44700 8.00439
44800 8.03537
44900 8.09975
45000 8.07281
45100 8.09468
45200 7.95904
45300 8.00631
45400 8.0461
45500 8.0693
45600 8.11422
45700 8.15398
45800 8.20324
45900 8.14689
46000 8.20531
46100 8.18734
46200 8.20739
46300 8.22295
46400 8.1533
46500 8.10592
46600 8.18007
46700 8.22296
46800 8.21797
46900 8.16771
47000 8.17574
47100 8.27645
47200 8.24282
47300 8.19929
47400 8.29322
47500 8.25295
47600 8.1819
47700 8.30972
47800 8.29795
47900 8.28832
48000 8.25574
48100 8.27191
48200 8.30607
48300 8.32665
48400 8.38259
48500 8.39434
48600 8.36626
48700 8.34853
48800 8.28558
48900 8.36041
49000 8.29251
49100 8.37697
49200 8.33197
49300 8.37219
49400 8.40758
49500 8.33369
49600 8.40507
49700 8.46655
49800 8.44184
49900 8.51557
50000 8.46345
50100 8.46827
50200 8.38746
50300 8.5034
50400 8.43529
50500 8.45451
50600 8.41039
50700 8.43843
50800 8.50233
50900 8.48498
51000 8.39325
51100 8.45279
51200 8.40769
51300 8.43639
51400 8.49796
51500 8.52046
51600 8.50025
51700 8.61107
51800 8.49244
51900 8.51551
52000 8.51509
52100 8.525
52200 8.55632
52300 8.47113
52400 8.5137
52500 8.43122
52600 8.52447
52700 8.52586
52800 8.63147
52900 8.65458
53000 8.5916
53100 8.63404
53200 8.58082
53300 8.59335
53400 8.73285
53500 8.6538
53600 8.74261
53700 8.71984
53800 8.74995
53900 8.81477
54000 8.75522
54100 8.72741
54200 8.68876
54300 8.75444
54400 8.77303
54500 8.77206
54600 8.87221
54700 8.92938
54800 8.85388
54900 8.83772
55000 8.96308
55100 8.82697
55200 8.7703
55300 8.84019
55400 8.82427
55500 8.68068
55600 8.77465
55700 8.88592
55800 8.85012
55900 8.98266
56000 8.83783
56100 8.94745
56200 8.79883
56300 8.88142
56400 8.81699
56500 8.87535
56600 8.94096
56700 8.91981
56800 8.95525
56900 8.913
57000 8.87323
57100 8.86799
57200 8.9134
57300 8.93834
57400 8.97543
57500 8.89606
57600 8.95416
57700 8.95912
57800 8.91031
57900 8.91138
58000 9.06661
58100 9.15338
58200 8.97885
58300 8.97654
58400 9.02371
58500 9.0439
58600 8.99859
58700 9.1004
58800 9.10412
58900 9.06494
59000 9.09847
59100 9.08595
59200 9.16406
59300 9.22683
59400 9.12513
59500 9.12519
59600 9.21984
59700 9.15512
59800 9.20342
59900 9.25772
60000 9.22605
60100 9.17881
60200 9.24734
60300 9.16436
60400 9.23582
60500 9.19851
60600 9.25654
60700 9.20973
60800 9.18895
60900 9.21411
61000 9.17906
61100 9.14613
61200 9.20265
61300 9.12924
61400 9.17071
61500 9.17468
61600 9.17304
61700 9.13721
61800 9.20602
61900 9.29447
62000 9.11282
62100 9.23421
62200 9.18632
62300 9.22222
62400 9.10404
62500 9.21931
62600 9.22493
62700 9.13403
62800 9.15856
62900 9.16115
63000 9.01898
63100 9.13602
63200 9.17621
63300 9.14038
63400 9.08835
63500 9.08953
63600 9.19284
63700 9.06576
63800 9.0001
63900 9.06936
64000 9.04696
64100 9.13963
64200 9.19039
64300 9.22949
64400 9.20868
64500 9.23292
64600 9.2303
64700 9.148
64800 9.29426
64900 9.26983
65000 9.33045
65100 9.34409
65200 9.3124
65300 9.30999
65400 9.3904
65500 9.29529
65600 9.35204
65700 9.37444
65800 9.28091
65900 9.3146
66000 9.3676
66100 9.36896
66200 9.35597
66300 9.31179
66400 9.37114
66500 9.41835
66600 9.48803
66700 9.46584
66800 9.4569
66900 9.53672
67000 9.44015
67100 9.42802
67200 9.4825
67300 9.54817
67400 9.45445
67500 9.46544
67600 9.49321
67700 9.48747
67800 9.60736
67900 9.66509
68000 9.56647
68100 9.56468
68200 9.54848
68300 9.55137
68400 9.63255
68500 9.58282
68600 9.55788
68700 9.53488
68800 9.65932
68900 9.5671
69000 9.61094
69100 9.5519
69200 9.51173
69300 9.48552
69400 9.44426
69500 9.57907
69600 9.5227
69700 9.55211
69800 9.5025
69900 9.53832
70000 9.51451
70100 9.55284
70200 9.55298
70300 9.6116
70400 9.54215
70500 9.54712
70600 9.57162
70700 9.55977
70800 9.59605
70900 9.69148
71000 9.73786
71100 9.67088
71200 9.65383
71300 9.62879
71400 9.70568
71500 9.6566
71600 9.69234
71700 9.63504
71800 9.62036
71900 9.57459
72000 9.57198
72100 9.63153
72200 9.65681
72300 9.57359
72400 9.62775
72500 9.68274
72600 9.70116
72700 9.69594
72800 9.70867
72900 9.65918
73000 9.66627
73100 9.74815
73200 9.83735
73300 9.74222
73400 9.7514
73500 9.76039
73600 9.72707
73700 9.69069
73800 9.78407
73900 9.72553
74000 9.75549
74100 9.75935
74200 9.80467
74300 9.78347
74400 9.73838
74500 9.73568
74600 9.70357
74700 9.75407
74800 9.78133
74900 9.74445
75000 9.87727
75100 9.78091
75200 9.8719
75300 9.82837
75400 9.86051
75500 9.86416
75600 9.82753
75700 9.81739
75800 9.82891
75900 9.8461
76000 9.90506
76100 9.94988
76200 9.91541
76300 9.853
76400 9.76308
76500 9.77743
76600 9.89075
76700 9.94586
76800 9.90017
76900 9.97384
77000 9.98735
77100 9.93646
77200 9.91807
77300 9.98551
77400 9.83184
77500 9.84321
77600 9.8092
77700 9.78986
77800 9.8315
77900 9.96798
78000 9.85026
78100 9.79476
78200 9.81738
78300 9.90543
78400 9.78246
78500 9.83075
78600 9.83312
78700 9.84693
78800 9.90005
78900 9.8411
79000 9.74524
79100 9.78356
79200 9.86257
79300 9.91025
79400 9.8717
79500 9.92017
79600 9.93081
79700 9.97474
79800 9.84037
79900 9.89313
80000 9.97239
80100 9.96073
80200 9.85982
80300 9.95536
80400 9.91971
80500 9.97314
80600 9.89538
80700 9.94672
80800 10.0008
80900 9.92231
81000 9.94898
81100 9.95874
81200 9.99974
81300 9.92904
81400 9.97595
81500 9.93168
81600 9.96339
81700 9.91313
81800 9.921
81900 9.99878
82000 9.99504
82100 10.0146
82200 10.0165
82300 9.94351
82400 9.87968
82500 9.92858
82600 10.0478
82700 10.0992
82800 10.0783
82900 10.1233
83000 10.1477
83100 10.1038
83200 9.98089
83300 10.061
83400 10.1036
83500 10.1037
83600 10.0164
83700 9.95577
83800 10.0226
83900 10.0187
84000 10.108
84100 10.1307
84200 10.1487
84300 10.1581
84400 10.1405
84500 10.0945
84600 10.1297
84700 10.0994
84800 10.133
84900 10.0031
85000 10.0554
85100 10.0959
85200 10.0542
85300 10.1476
85400 10.11
85500 10.128
85600 10.1288
85700 10.1221
85800 10.0486
85900 10.0372
86000 10.0741
86100 10.0765
86200 10.169
86300 10.2337
86400 10.2277
86500 10.2245
86600 10.2861
86700 10.2214
86800 10.2609
86900 10.2333
87000 10.2328
87100 10.1553
87200 10.1583
87300 10.1435
87400 10.2621
87500 10.2141
87600 10.388
87700 10.3544
87800 10.2899
87900 10.2199
88000 10.3081
88100 10.294
88200 10.3505
88300 10.4284
88400 10.4563
88500 10.3423
88600 10.3541
88700 10.2635
88800 10.3422
88900 10.3579
89000 10.3786
89100 10.3297
89200 10.3167
89300 10.3728
89400 10.2474
89500 10.3636
89600 10.2963
89700 10.273
89800 10.4199
89900 10.4389
90000 10.4604
90100 10.4601
90200 10.4289
90300 10.5035
90400 10.4574
90500 10.464
90600 10.3867
90700 10.4448
90800 10.4299
90900 10.3536
91000 10.4362
91100 10.498
91200 10.339
91300 10.4196
91400 10.3815
91500 10.4542
91600 10.4995
91700 10.3655
91800 10.3736
91900 10.3786
92000 10.3783
92100 10.3953
92200 10.3711
92300 10.4205
92400 10.4389
92500 10.3821
92600 10.3361
92700 10.4177
92800 10.3629
92900 10.3722
93000 10.3375
93100 10.3899
93200 10.4431
93300 10.3885
93400 10.3941
93500 10.4599
93600 10.3749
93700 10.3981
93800 10.4754
93900 10.4479
94000 10.3227
94100 10.428
94200 10.4532
94300 10.451
94400 10.4785
94500 10.5971
94600 10.5932
94700 10.5575
94800 10.4443
94900 10.5322
95000 10.5208
95100 10.5561
95200 10.4785
95300 10.5232
95400 10.4942
95500 10.481
95600 10.4308
95700 10.5199
95800 10.412
95900 10.5607
96000 10.5441
96100 10.5704
96200 10.4958
96300 10.6314
96400 10.5886
96500 10.537
96600 10.5999
96700 10.5378
96800 10.6547
96900 10.6889
97000 10.6916
97100 10.7332
97200 10.6803
97300 10.7362
97400 10.6747
97500 10.5993
97600 10.6963
97700 10.6988
97800 10.6928
97900 10.5877
98000 10.7364
98100 10.7229
98200 10.7311
98300 10.7959
98400 10.7292
98500 10.631
98600 10.644
98700 10.766
98800 10.6621
98900 10.7345
99000 10.7361
99100 10.8055
99200 10.7056
99300 10.7815
99400 10.8132
99500 10.7628
99600 10.7851
99700 10.7523
99800 10.6448
99900 10.6551
100000 10.7142
100100 10.7069
100200 10.7288
100300 10.9154
100400 10.7181
100500 10.7308
100600 10.8626
100700 10.8636
100800 10.8574
100900 10.8832
101000 10.8901
101100 10.9171
101200 10.8883
101300 10.8423
101400 10.795
101500 10.7912
101600 10.7787
101700 10.8101
101800 10.9566
101900 10.9542
102000 10.9105
102100 10.8699
102200 10.9424
102300 10.928
102400 10.9883
102500 10.9708
102600 11.0451
102700 10.9852
102800 11.0513
102900 10.998
103000 10.9938
103100 11.0575
103200 11.0306
103300 10.9629
103400 11.135
103500 11.027
103600 10.9507
103700 11.0328
103800 10.9898
103900 11.0266
104000 11.0799
104100 11.129
104200 11.0878
104300 11.1115
104400 11.1339
104500 11.1449
104600 11.1513
104700 11.0651
104800 11.0763
104900 11.0633
105000 11.0097
105100 10.9959
105200 11.0585
105300 10.9861
105400 11.0327
105500 11.0017
105600 10.9171
105700 10.9878
105800 10.9711
105900 11.0249
106000 11.037
106100 11.0607
106200 10.9805
106300 10.9913
106400 10.9965
106500 11.1026
106600 11.0629
106700 11.1174
106800 10.9892
106900 10.8519
107000 10.878
107100 11.0286
107200 11.0101
107300 10.9878
107400 10.9708
107500 10.8708
107600 10.9492
107700 11.0465
107800 11.0108
107900 10.9831
108000 10.9583
108100 11.0492
108200 10.9694
108300 11.072
108400 11.0405
108500 11.0803
108600 11.1264
108700 11.1024
108800 10.9264
108900 10.9549
109000 10.9857
109100 11.1434
109200 11.1265
109300 11.2282
109400 11.1866
109500 11.1425
109600 11.1808
109700 11.2038
109800 11.1019
109900 11.157
110000 11.1634
110100 10.9994
110200 11.2071
110300 11.1554
110400 11.1883
110500 11.2424
110600 11.1348
110700 11.2363
110800 11.17
110900 11.2214
111000 11.2223
111100 11.2622
111200 11.3257
111300 11.2679
111400 11.2824
111500 11.369
111600 11.2874
111700 11.3042
111800 11.3553
111900 11.3309
112000 11.4226
112100 11.3425
112200 11.3589
112300 11.3405
112400 11.2511
112500 11.3024
112600 11.3454
112700 11.3981
112800 11.4863
112900 11.4911
113000 11.446
113100 11.3861
113200 11.3132
113300 11.3015
113400 11.3696
113500 11.4384
113600 11.3323
113700 11.3033
113800 11.474
113900 11.3693
114000 11.4744
114100 11.4456
114200 11.4326
114300 11.3799
114400 11.2703
114500 11.3255
114600 11.3656
114700 11.3496
114800 11.5383
114900 11.5261
115000 11.4341
115100 11.4848
115200 11.4872
115300 11.3934
115400 11.3517
115500 11.4385
115600 11.4467
115700 11.4739
115800 11.547
115900 11.502
116000 11.459
116100 11.4788
116200 11.5228
116300 11.405
116400 11.4246
116500 11.4032
116600 11.4675
116700 11.5367
116800 11.5017
116900 11.5184
117000 11.4681
117100 11.452
117200 11.5139
117300 11.3556
117400 11.3754
117500 11.4539
117600 11.3448
117700 11.3467
117800 11.444
117900 11.5285
118000 11.5076
118100 11.5514
118200 11.4534
118300 11.4546
118400 11.4256
118500 11.4333
118600 11.3799
118700 11.3731
118800 11.4126
118900 11.4295
119000 11.4772
119100 11.5107
119200 11.533
119300 11.4275
119400 11.4706
119500 11.4753
119600 11.505
119700 11.5116
119800 11.555
119900 11.388
120000 11.5017
120100 11.5652
120200 11.4972
120300 11.6366
120400 11.5684
120500 11.5554
120600 11.5632
120700 11.5805
120800 11.5654
120900 11.6298
121000 11.6068
121100 11.6253
121200 11.588
121300 11.594
121400 11.553
121500 11.6742
121600 11.5594
121700 11.5751
121800 11.7278
121900 11.7147
122000 11.6181
122100 11.6886
122200 11.5261
122300 11.7111
122400 11.6832
122500 11.6813
122600 11.6852
122700 11.6864
122800 11.5799
122900 11.6475
123000 11.7779
123100 11.731
123200 11.8178
123300 11.7445
123400 11.7976
123500 11.7591
123600 11.8002
123700 11.8953
123800 11.8043
123900 11.8206
124000 11.831
124100 11.8892
124200 11.8077
124300 11.7519
124400 11.9023
124500 11.8123
124600 11.6715
124700 11.8633
124800 11.8815
124900 11.8469
125000 11.9302
125100 11.9433
125200 11.9202
125300 11.9679
125400 11.9114
125500 11.9552
125600 12.0102
125700 12.0015
125800 11.862
125900 11.9421
126000 12.006
126100 11.9646
126200 11.9633
126300 11.8889
126400 11.9289
126500 11.8887
126600 11.9676
126700 11.9749
126800 11.9543
126900 11.9477
127000 11.8642
127100 11.9441
127200 11.9062
127300 11.8793
127400 11.919
127500 11.8212
127600 11.8307
127700 11.8679
127800 11.8324
127900 11.9082
128000 11.9816
128100 11.8919
128200 11.8105
128300 11.9619
128400 11.8878
128500 11.9356
128600 11.9525
128700 12.0348
128800 11.9643
128900 11.9759
129000 11.868
129100 11.8663
129200 11.9326
129300 11.8871
129400 11.9569
129500 11.9867
129600 11.9594
129700 11.852
129800 11.9157
129900 11.9714
130000 11.9819
130100 11.9286
130200 11.9505
130300 11.896
130400 11.9525
130500 12.0544
130600 12.0535
130700 11.9858
130800 12.0676
130900 12.0485
131000 12.1002
131100 12.0043
131200 11.9833
131300 11.9547
131400 11.9528
131500 12.0683
131600 12.0375
131700 12.0241
131800 12.0213
131900 12.0162
132000 11.9842
132100 11.995
132200 11.9985
132300 12.0148
132400 12.094
132500 12.0368
132600 12.0318
132700 12.0514
132800 12.0928
132900 12.0675
133000 11.9636
133100 12.2147
133200 12.1169
133300 12.215
133400 12.182
133500 12.0835
133600 12.101
133700 12.1772
133800 12.1322
133900 12.1501
134000 12.2447
134100 12.2256
134200 12.0925
134300 12.1476
134400 12.0504
134500 12.0396
134600 12.0392
134700 12.2046
134800 12.0718
134900 12.0412
135000 12.0203
135100 12.0325
135200 12.062
135300 12.0362
135400 11.961
135500 12.1514
135600 12.0562
135700 12.1363
135800 12.1385
135900 12.0225
136000 12.0441
136100 12.1374
136200 12.1716
136300 12.1148
136400 12.1217
136500 12.2064
136600 12.2152
136700 12.1423
136800 12.0974
136900 12.0924
137000 12.1132
137100 12.2969
137200 12.1836
137300 12.153
137400 12.2376
137500 12.1779
137600 12.1683
137700 12.2174
137800 12.2034
137900 12.18
138000 12.2325
138100 12.2085
138200 12.1599
138300 12.2053
138400 12.1854
138500 12.1051
138600 12.1063
138700 12.1034
138800 12.1528
138900 12.085
139000 12.12
139100 12.1538
139200 12.2341
139300 12.1645
139400 12.1349
139500 12.1734
139600 12.2125
139700 12.2142
139800 12.193
139900 12.1483
140000 12.1228
140100 12.1677
140200 12.1724
140300 12.1616
140400 12.2555
140500 12.2004
140600 12.2799
140700 12.3563
140800 12.2054
140900 12.178
141000 12.2274
141100 12.1784
141200 12.2077
141300 12.3114
141400 12.2916
141500 12.2958
141600 12.1378
141700 12.287
141800 12.3044
141900 12.2938
142000 12.3134
142100 12.3112
142200 12.2862
142300 12.206
142400 12.2679
142500 12.2933
142600 12.2111
142700 12.2874
142800 12.2788
142900 12.2409
143000 12.2919
143100 12.1903
143200 12.268
143300 12.3033
143400 12.295
143500 12.4513
143600 12.3578
143700 12.353
143800 12.4428
143900 12.4671
144000 12.4158
144100 12.4573
144200 12.4523
144300 12.3008
144400 12.4427
144500 12.4458
144600 12.4061
144700 12.4543
144800 12.4154
144900 12.3681
145000 12.458
145100 12.4576
145200 12.3727
145300 12.4897
145400 12.3617
145500 12.4106
145600 12.4261
145700 12.4791
145800 12.4171
145900 12.4922
146000 12.4944
146100 12.5402
146200 12.3987
146300 12.3546
146400 12.3242
146500 12.3105
146600 12.3815
146700 12.3429
146800 12.3586
146900 12.4433
147000 12.4029
147100 12.4
147200 12.4859
147300 12.5233
147400 12.3104
147500 12.4612
147600 12.3742
147700 12.4324
147800 12.3664
147900 12.3959
148000 12.4737
148100 12.509
148200 12.4711
148300 12.4627
148400 12.3002
148500 12.3917
148600 12.3745
148700 12.3461
148800 12.3677
148900 12.4676
149000 12.4038
149100 12.3937
149200 12.4901
149300 12.3666
149400 12.3801
149500 12.4217
149600 12.3297
149700 12.5185
149800 12.4866
149900 12.4579
150000 12.5125
150100 12.3758
150200 12.3273
150300 12.3545
150400 12.4936
150500 12.5433
150600 12.4989
150700 12.594
150800 12.4588
150900 12.5025
151000 12.5317
151100 12.4561
151200 12.4456
151300 12.4626
151400 12.4896
151500 12.415
151600 12.4426
151700 12.5129
151800 12.4535
151900 12.4078
152000 12.4598
152100 12.4294
152200 12.4842
152300 12.6082
152400 12.6827
152500 12.6468
152600 12.5345
152700 12.5228
152800 12.5326
152900 12.5115
153000 12.5779
153100 12.543
153200 12.5037
153300 12.5424
153400 12.6165
153500 12.6737
153600 12.7112
153700 12.5248
153800 12.6957
153900 12.6422
154000 12.5841
154100 12.6715
154200 12.7047
154300 12.7625
154400 12.7302
154500 12.7295
154600 12.5918
154700 12.596
154800 12.6597
154900 12.6573
155000 12.703
155100 12.6841
155200 12.8441
155300 12.847
155400 12.8511
155500 12.7614
155600 12.825
155700 12.8315
155800 12.802
155900 12.8159
156000 12.6932
156100 12.6065
156200 12.823
156300 12.8325
156400 12.8038
156500 12.8533
156600 12.7557
156700 12.8434
156800 12.8348
156900 12.9262
157000 12.7187
157100 12.9111
157200 12.9069
157300 12.8869
157400 12.8599
157500 12.9477
157600 12.8697
157700 12.8139
157800 12.8884
157900 12.8606
158000 12.7488
158100 12.7219
158200 12.7946
158300 12.7759
158400 12.8131
158500 12.8805
158600 12.8892
158700 12.8184
158800 12.7411
158900 12.7794
159000 12.8247
159100 12.9731
159200 12.9211
159300 12.7488
159400 12.7475
159500 12.8016
159600 12.7683
159700 12.8538
159800 12.8164
159900 12.8043
160000 12.9064
160100 12.8197
160200 12.8126
160300 12.7851
160400 12.741
160500 12.714
160600 12.8615
160700 12.8175
160800 12.6634
160900 12.6502
161000 12.8241
161100 12.7576
161200 12.9039
161300 12.8098
161400 12.8542
161500 12.8179
161600 12.7894
161700 12.8195
161800 12.94
161900 12.9372
162000 12.8451
162100 12.9418
162200 12.9904
162300 12.8913
162400 12.9995
162500 12.9998
162600 12.8936
162700 12.9878
162800 13.0694
162900 12.9353
163000 12.9455
163100 12.8326
163200 12.901
163300 13.0203
163400 12.9326
163500 12.875
163600 12.9695
163700 12.9893
163800 12.9216
163900 12.9965
164000 13.0911
164100 13.0899
164200 12.8923
164300 13.0291
164400 13.0445
164500 13.0367
164600 13.063
164700 13.1015
164800 13.0472
164900 13.0685
165000 13.0124
165100 13.0173
165200 12.9602
165300 12.9811
165400 12.952
165500 13.0325
165600 13.0612
165700 12.9068
165800 12.8789
165900 13.0373
166000 13.0549
166100 13.0477
166200 12.961
166300 13.0167
166400 13.0153
166500 13.0037
166600 13.1075
166700 13.0606
166800 13.0755
166900 13.0194
167000 13.0528
167100 13.0374
167200 12.8498
167300 12.8968
167400 13.0377
167500 12.89
167600 12.8584
167700 12.9184
167800 13.0522
167900 12.9331
168000 12.9677
168100 13.048
168200 13.033
168300 13.0351
168400 13.0644
168500 13.0932
168600 13.0576
168700 13.0448
168800 13.0702
168900 12.9613
169000 13.1534
169100 13.0954
169200 13.1191
169300 13.0325
169400 13.0728
169500 13.0651
169600 12.9655
169700 13.0539
169800 13.0112
169900 13.0835
170000 13.0939
170100 13.0432
170200 13.0139
170300 13.091
170400 13.2064
170500 13.1613
170600 13.1584
170700 13.1399
170800 13.1554
170900 13.1336
171000 13.1592
171100 13.1175
171200 13.1056
171300 13.0896
171400 13.0732
171500 13.1557
171600 13.2067
171700 13.0659
171800 13.2338
171900 13.2429
172000 13.1557
172100 13.1768
172200 13.1882
172300 13.0879
172400 13.0956
172500 13.2218
172600 13.0859
172700 13.122
172800 13.2677
172900 13.1292
173000 13.1396
173100 13.2106
173200 13.307
173300 13.2481
173400 13.1831
173500 13.1835
173600 13.2808
173700 13.1562
173800 13.319
173900 13.2252
174000 13.1902
174100 13.2011
174200 13.1593
174300 13.1811
174400 13.2026
174500 13.135
174600 13.1802
174700 13.2547
174800 13.2289
174900 13.2763
175000 13.2597
175100 13.3125
175200 13.1862
175300 13.3263
175400 13.26
175500 13.1969
175600 13.3338
175700 13.2863
175800 13.2242
175900 13.2808
176000 13.2444
176100 13.2673
176200 13.3164
176300 13.268
176400 13.2521
176500 13.276
176600 13.1661
176700 13.2798
176800 13.3473
176900 13.2659
177000 13.317
177100 13.3287
177200 13.3255
177300 13.3484
177400 13.3918
177500 13.3894
177600 13.3306
177700 13.2697
177800 13.2422
177900 13.2756
178000 13.2251
178100 13.2545
178200 13.2539
178300 13.4016
178400 13.5059
178500 13.3095
178600 13.3536
178700 13.2935
178800 13.3318
178900 13.348
179000 13.2269
179100 13.4061
179200 13.4222
179300 13.4357
179400 13.3923
179500 13.5796
179600 13.4424
179700 13.4512
179800 13.3949
179900 13.4571
180000 13.4829
180100 13.4915
180200 13.4137
180300 13.4201
180400 13.5228
180500 13.5022
180600 13.5625
180700 13.4557
180800 13.5558
180900 13.4975
181000 13.372
181100 13.3542
181200 13.4763
181300 13.4142
181400 13.4036
181500 13.5413
181600 13.3751
181700 13.3944
181800 13.3622
181900 13.4496
182000 13.5604
182100 13.5357
182200 13.5728
182300 13.5259
182400 13.593
182500 13.5517
182600 13.6028
182700 13.6999
182800 13.599
182900 13.6821
183000 13.6489
183100 13.553
183200 13.6253
183300 13.5887
183400 13.6587
183500 13.66
183600 13.7432
183700 13.7897
183800 13.7306
183900 13.6694
184000 13.6693
184100 13.8133
184200 13.7499
184300 13.7401
184400 13.8012
184500 13.7774
184600 13.7855
184700 13.72
184800 13.7762
184900 13.7448
185000 13.6782
185100 13.7307
185200 13.7683
185300 13.8156
185400 13.7801
185500 13.6678
185600 13.8082
185700 13.7591
185800 13.7537
185900 13.7673
186000 13.6711
186100 13.8831
186200 13.792
186300 13.7562
186400 13.7001
186500 13.7665
186600 13.7537
186700 13.7071
186800 13.6811
186900 13.7075
187000 13.745
187100 13.7488
187200 13.8092
187300 13.6668
187400 13.8546
187500 13.7549
187600 13.7071
187700 13.6066
187800 13.6288
187900 13.7866
188000 13.8678
188100 13.7163
188200 13.6564
188300 13.7651
188400 13.7271
188500 13.7394
188600 13.7638
188700 13.6657
188800 13.7669
188900 13.7229
189000 13.7451
189100 13.8354
189200 13.9375
189300 13.9052
189400 13.9336
189500 13.841
189600 13.8268
189700 13.8263
189800 13.7803
189900 13.8128
190000 13.7185
190100 13.7036
190200 13.8127
190300 13.9139
190400 13.8762
190500 13.9507
190600 13.7854
190700 13.8513
190800 13.7691
190900 13.8622
191000 13.7915
191100 13.889
191200 13.8927
191300 13.8263
191400 13.8741
191500 13.7924
191600 13.8807
191700 13.8094
191800 13.7423
191900 13.7675
192000 13.729
192100 13.7858
192200 13.7587
192300 13.7593
192400 13.7704
192500 13.8133
192600 13.7003
192700 13.7268
192800 13.7442
192900 13.8133
193000 13.7781
193100 13.694
193200 13.8678
193300 13.8061
193400 13.7993
193500 13.8486
193600 13.7986
193700 13.8886
193800 13.8412
193900 13.8387
194000 13.838
194100 13.7184
194200 13.8259
194300 13.8285
194400 13.8834
194500 13.9268
194600 14.0307
194700 13.9205
194800 14.036
194900 13.9932
195000 14.1246
195100 14.042
195200 14.1031
195300 14.0944
195400 14.0076
195500 13.8997
195600 14.054
195700 13.9734
195800 14.0066
195900 13.9872
196000 13.9938
196100 13.9686
196200 13.9007
196300 13.9356
196400 13.9443
196500 14.0408
196600 14.0093
196700 13.9555
196800 13.912
196900 13.9127
197000 13.9688
197100 13.9707
197200 13.851
197300 13.9698
197400 14.018
197500 13.926
197600 13.9519
197700 13.8887
197800 13.9663
197900 14.0071
198000 14.1019
198100 14.1518
198200 13.9572
198300 13.9428
198400 14.0067
198500 13.951
198600 13.9954
198700 13.859
198800 14.0286
198900 14.0912
199000 14.1409
199100 14.0643
199200 13.9651
199300 14.0167
199400 14.2015
199500 14.1557
199600 14.1247
199700 14.1907
199800 14.1823
199900 14.1574
200000 14.1167
200100 14.0973
200200 14.1456
200300 14.0007
200400 14.1245
200500 14.1359
200600 14.1256
200700 14.1455
200800 14.0896
200900 14.1065
201000 14.122
201100 14.0322
201200 14.1469
201300 14.2224
201400 14.2375
201500 14.1692
201600 14.1286
201700 14.1175
201800 14.3208
201900 14.327
202000 14.3388
202100 14.2341
202200 14.0829
202300 14.0782
202400 13.9516
202500 14.1443
202600 14.2686
202700 14.1006
202800 14.2657
202900 14.2435
203000 14.2469
203100 14.1262
203200 14.2466
203300 14.2378
203400 14.284
203500 14.2011
203600 14.1983
203700 14.2072
203800 14.3285
203900 14.2652
204000 14.3303
204100 14.3747
204200 14.3639
204300 14.3239
204400 14.2501
204500 14.2728
204600 14.2182
204700 14.2356
204800 14.3309
204900 14.3498
205000 14.3999
205100 14.3304
205200 14.29
205300 14.2619
205400 14.3284
205500 14.3182
205600 14.4089
205700 14.4156
205800 14.368
205900 14.3095
206000 14.3872
206100 14.2678
206200 14.3905
206300 14.3556
206400 14.3783
206500 14.3799
206600 14.4386
206700 14.4326
206800 14.5517
206900 14.3487
207000 14.4478
207100 14.4112
207200 14.3279
207300 14.3936
207400 14.4332
207500 14.4715
207600 14.338
207700 14.3563
207800 14.397
207900 14.3967
208000 14.4244
208100 14.4566
208200 14.498
208300 14.5322
208400 14.4435
208500 14.3432
208600 14.5095
208700 14.5063
208800 14.5041
208900 14.4197
209000 14.4703
209100 14.5121
209200 14.5287
209300 14.411
209400 14.4337
209500 14.4207
209600 14.4628
209700 14.4
209800 14.5185
209900 14.5957
210000 14.5056
210100 14.5773
210200 14.521
210300 14.4741
210400 14.3137
210500 14.4447
210600 14.3869
210700 14.4611
210800 14.4012
210900 14.427
211000 14.4587
211100 14.1861
211200 14.4396
211300 14.3079
211400 14.5081
211500 14.4849
211600 14.5265
211700 14.5036
211800 14.5371
211900 14.4739
212000 14.432
212100 14.5328
212200 14.5431
212300 14.5062
212400 14.5865
212500 14.5306
212600 14.5684
212700 14.5242
212800 14.7333
212900 14.4635
213000 14.5503
213100 14.6254
213200 14.4864
213300 14.5007
213400 14.4772
213500 14.3955
213600 14.5135
213700 14.5291
213800 14.5569
213900 14.6266
214000 14.59
214100 14.5471
214200 14.6293
214300 14.6474
214400 14.6443
214500 14.6413
214600 14.6489
214700 14.6281
214800 14.466
214900 14.6438
215000 14.7516
215100 14.6218
215200 14.5909
215300 14.5191
215400 14.5809
215500 14.4989
215600 14.4624
215700 14.4436
215800 14.3695
215900 14.5225
216000 14.3591
216100 14.4259
216200 14.4002
216300 14.4653
216400 14.5505
216500 14.4841
216600 14.4556
216700 14.5448
216800 14.4707
216900 14.5731
217000 14.5957
217100 14.5092
217200 14.5021
217300 14.6012
217400 14.6218
217500 14.5147
217600 14.4412
217700 14.36
217800 14.4323
217900 14.4901
218000 14.4868
218100 14.4968
218200 14.4896
218300 14.4985
218400 14.7555
218500 14.5075
218600 14.5181
218700 14.523
218800 14.54
218900 14.5314
219000 14.4735
219100 14.5356
219200 14.5366
219300 14.6223
219400 14.5431
219500 14.6821
219600 14.6745
219700 14.8303
219800 14.8199
219900 14.6626
220000 14.7193
220100 14.7862
220200 14.7841
220300 14.7121
220400 14.7439
220500 14.6926
220600 14.7268
220700 14.8212
220800 14.7756
220900 14.75
221000 14.743
221100 14.6441
221200 14.6399
221300 14.7271
221400 14.6379
221500 14.7098
221600 14.8417
221700 14.7507
221800 14.809
221900 14.7922
222000 14.7841
222100 14.8314
222200 14.8054
222300 14.6932
222400 14.8056
222500 14.7707
222600 14.8632
222700 14.7252
222800 14.8058
222900 14.7832
223000 14.8051
223100 14.8554
223200 14.8389
223300 14.7579
223400 14.8756
223500 14.8728
223600 14.8543
223700 14.7589
223800 14.8055
223900 14.8107
224000 14.8294
224100 14.8207
224200 14.9292
224300 14.8984
224400 14.8104
224500 14.7917
224600 14.8831
224700 14.8108
224800 14.899
224900 14.8333
225000 14.7654
225100 14.8033
225200 14.7565
225300 14.7457
225400 14.8504
225500 14.9175
225600 14.7434
225700 14.7682
225800 14.8168
225900 14.7791
226000 14.7989
226100 14.8456
226200 14.8162
226300 14.8741
226400 14.8808
226500 14.8303
226600 14.8351
226700 14.8252
226800 14.9066
226900 14.7789
227000 14.7631
227100 14.811
227200 14.9218
227300 14.7498
227400 14.9591
227500 14.9145
227600 14.8595
227700 14.887
227800 14.8651
227900 14.7914
228000 14.8954
228100 14.9055
228200 14.8692
228300 14.8769
228400 14.896
228500 14.798
228600 14.808
228700 14.8434
228800 14.8724
228900 14.9382
229000 14.9323
229100 14.9201
229200 14.9115
229300 14.9012
229400 14.9534
229500 14.9381
229600 14.9395
229700 15.0097
229800 14.9045
229900 15.027
230000 14.8889
230100 14.9243
230200 14.937
230300 15.0061
230400 14.947
230500 14.9654
230600 14.9705
230700 14.9103
230800 14.9854
230900 14.8463
231000 14.9017
231100 15.0893
231200 15.0097
231300 15.0064
231400 14.9882
231500 15.0618
231600 14.919
231700 14.8988
231800 14.8883
231900 14.8269
232000 14.9036
232100 14.8887
232200 14.9525
232300 14.7922
232400 14.9025
232500 14.8723
232600 14.851
232700 14.9041
232800 14.9809
232900 14.9494
233000 15.0784
233100 15.2063
233200 15.0713
233300 14.9444
233400 14.9839
233500 15.0622
233600 14.8806
233700 15.0115
233800 14.8523
233900 14.961
234000 15.0011
234100 15.0178
234200 14.9577
234300 14.8835
234400 15.0166
234500 14.9541
234600 14.9986
234700 14.9675
234800 14.9482
234900 14.9606
235000 14.8634
235100 15.0169
235200 14.962
235300 15.0438
235400 14.9967
235500 15.0258
235600 14.9102
235700 14.8952
235800 15.0645
235900 15.0957
236000 14.9992
236100 15.0098
236200 14.9682
236300 14.9749
236400 14.9317
236500 14.9552
236600 15.0908
236700 14.9586
236800 14.9274
236900 14.8816
237000 14.9633
237100 14.9707
237200 14.9125
237300 14.9801
237400 14.9469
237500 14.9182
237600 14.9974
237700 15.0576
237800 15.074
237900 14.956
238000 15.1246
238100 15.1261
238200 15.01
238300 15.046
238400 15.1051
238500 15.0199
238600 15.0297
238700 15.1263
238800 15.0437
238900 15.0041
239000 15.0786
239100 14.9838
239200 14.9929
239300 14.9713
239400 14.876
239500 14.9825
239600 15.0253
239700 14.8751
239800 14.9593
239900 14.8774
240000 15.0483
240100 15.0673
240200 14.9776
240300 15.1009
240400 15.0158
240500 14.9525
240600 15.2314
240700 15.2424
240800 15.1642
240900 15.0917
241000 15.174
241100 15.1957
241200 15.1905
241300 15.0273
241400 15.0385
241500 14.9992
241600 15.0393
241700 15.1029
241800 15.2033
241900 15.1747
242000 15.0228
242100 15.1225
242200 15.1463
242300 15.1572
242400 15.0375
242500 15.1259
242600 15.0852
242700 15.1332
242800 15.0948
242900 15.138
243000 15.1104
243100 15.144
243200 15.1657
243300 15.1597
243400 15.09
243500 15.0374
243600 15.1214
243700 15.1967
243800 15.2872
243900 15.2643
244000 15.1104
244100 15.2536
244200 15.2957
244300 15.2003
244400 15.2656
244500 15.3502
244600 15.2084
244700 15.3899
244800 15.26
244900 15.2234
245000 15.3545
245100 15.2064
245200 15.1165
245300 15.1916
245400 15.1886
245500 15.2091
245600 15.1173
245700 15.2974
245800 15.3542
245900 15.3238
246000 15.3118
246100 15.2279
246200 15.3754
246300 15.2736
246400 15.3422
246500 15.2184
246600 15.3022
246700 15.2883
246800 15.2888
246900 15.1934
247000 15.2879
247100 15.2963
247200 15.2203
247300 15.2236
247400 15.2426
247500 15.276
247600 15.3048
247700 15.2259
247800 15.2945
247900 15.2559
248000 15.3109
248100 15.3432
248200 15.2748
248300 15.2441
248400 15.1909
248500 15.2424
248600 15.2428
248700 15.3242
248800 15.3321
248900 15.2651
249000 15.3382
249100 15.3936
249200 15.3463
249300 15.4476
249400 15.4463
249500 15.4556
249600 15.3939
249700 15.4629
249800 15.264
249900 15.2882
250000 15.4046
250100 15.3479
250200 15.3951
250300 15.4056
250400 15.4047
250500 15.3523
250600 15.3802
250700 15.3606
250800 15.4661
250900 15.4506
251000 15.5966
251100 15.3931
251200 15.3438
251300 15.4351
251400 15.4368
251500 15.423
251600 15.397
251700 15.4344
251800 15.564
251900 15.504
252000 15.4155
252100 15.2881
252200 15.3386
252300 15.4
252400 15.4826
252500 15.5428
252600 15.4009
252700 15.2956
252800 15.5284
252900 15.4732
253000 15.4696
253100 15.3513
253200 15.3382
253300 15.3237
253400 15.4668
253500 15.4051
253600 15.2977
253700 15.3388
253800 15.3077
253900 15.4315
254000 15.4106
254100 15.3736
254200 15.3655
254300 15.376
254400 15.2377
254500 15.3382
254600 15.3028
254700 15.4401
254800 15.4051
254900 15.3656
255000 15.4218
255100 15.314
255200 15.3322
255300 15.2954
255400 15.376
255500 15.3362
255600 15.4033
255700 15.3182
255800 15.4219
255900 15.4699
256000 15.4089
256100 15.3251
256200 15.344
256300 15.4
256400 15.3089
256500 15.3482
256600 15.5269
256700 15.4095
256800 15.4295
256900 15.4604
257000 15.3507
257100 15.4261
257200 15.3952
257300 15.4911
257400 15.5465
257500 15.42
257600 15.5302
257700 15.4906
257800 15.4385
257900 15.3565
258000 15.4546
258100 15.4189
258200 15.5075
258300 15.4329
258400 15.5241
258500 15.3825
258600 15.3668
258700 15.3493
258800 15.4682
258900 15.4135
259000 15.4591
259100 15.5207
259200 15.5136
259300 15.5508
259400 15.5805
259500 15.4761
259600 15.5623
259700 15.4908
259800 15.5178
259900 15.6127
260000 15.5572
260100 15.7068
260200 15.6131
260300 15.639
260400 15.6156
260500 15.7158
260600 15.7401
260700 15.6495
260800 15.6041
260900 15.6268
261000 15.6097
261100 15.5965
261200 15.5758
261300 15.603
261400 15.5617
261500 15.6149
261600 15.4564
261700 15.5441
261800 15.5602
261900 15.6123
262000 15.5296
262100 15.4105
262200 15.4915
262300 15.4781
262400 15.6816
262500 15.5902
262600 15.6315
262700 15.6046
262800 15.5589
262900 15.6835
263000 15.562
263100 15.6274
263200 15.6336
263300 15.64
263400 15.7709
263500 15.7177
263600 15.5389
263700 15.6143
263800 15.5451
263900 15.651
264000 15.6447
264100 15.6335
264200 15.7004
264300 15.6738
264400 15.651
264500 15.6598
264600 15.6365
264700 15.7331
264800 15.6779
264900 15.6508
265000 15.8648
265100 15.8722
265200 15.8447
265300 15.8551
265400 15.7337
265500 15.7248
265600 15.7903
265700 15.7933
265800 15.8209
265900 15.831
266000 15.8579
266100 15.6584
266200 15.6838
266300 15.7728
266400 15.6555
266500 15.78
266600 15.8477
266700 15.7616
266800 15.8003
266900 15.7654
267000 15.8058
267100 15.8906
267200 15.8579
267300 15.8546
267400 15.8594
267500 15.8531
267600 15.7337
267700 15.7091
267800 15.7637
267900 15.7571
268000 15.8339
268100 15.9394
268200 15.9002
268300 15.9922
268400 15.8351
268500 15.9358
268600 15.9488
268700 15.8824
268800 15.898
268900 15.8894
269000 15.8705
269100 15.9413
269200 15.9343
269300 15.8925
269400 15.8494
269500 15.9391
269600 16.0283
269700 16.0137
269800 15.919
269900 15.944
270000 15.9877
270100 15.9952
270200 16.078
270300 16.0252
270400 16.0472
270500 16.0459
270600 16.1061
270700 15.9393
270800 16.0648
270900 16.0484
271000 16.0479
271100 16.0847
271200 16.1054
271300 16.0538
271400 16.0481
271500 16.1353
271600 16.1218
271700 16.0212
271800 16.0071
271900 16.1751
272000 16.109
272100 16.0408
272200 16.1729
272300 16.1138
272400 16.2214
272500 16.0886
272600 16.0606
272700 16.1171
272800 16.1095
272900 16.0957
273000 16.1455
273100 16.0768
273200 16.0916
273300 16.1238
273400 16.1838
273500 16.0931
273600 16.1099
273700 16.1851
273800 16.1523
273900 16.1051
274000 16.1192
274100 16.0166
274200 16.0447
274300 16.232
274400 16.2245
274500 16.1399
274600 16.084
274700 16.1902
274800 16.2186
274900 16.0141
275000 16.0979
275100 16.2259
275200 16.1688
275300 16.1138
275400 16.1227
275500 16.0959
275600 16.1786
275700 16.0804
275800 15.9955
275900 16.0009
276000 16.056
276100 16.012
276200 16.1682
276300 16.0625
276400 16.04
276500 16.0249
276600 16.0114
276700 16.1438
276800 16.0509
276900 15.9845
277000 15.988
277100 15.9883
277200 16.1043
277300 16.0557
277400 16.21
277500 16.1839
277600 16.1159
277700 16.1136
277800 16.082
277900 16.072
278000 16.0904
278100 16.0998
278200 16.126
278300 16.0997
278400 15.9867
278500 16.0131
278600 16.0776
278700 16.1679
278800 16.1624
278900 16.1086
279000 16.1585
279100 16.1462
279200 16.0828
279300 16.2187
279400 16.04
279500 16.1913
279600 16.0741
279700 15.9754
279800 16.0528
279900 16.0974
280000 16.0511
280100 16.0441
280200 16.1329
280300 16.0461
280400 16.1531
280500 16.0877
280600 16.1017
280700 16.0053
280800 15.9782
280900 16.0124
281000 15.9829
281100 16.0934
281200 16.0669
281300 15.9836
281400 15.9912
281500 16.0223
281600 16.0227
281700 16.0967
281800 16.1239
281900 16.0503
282000 16.0384
282100 16.0453
282200 16.0964
282300 16.0944
282400 16.1969
282500 16.1769
282600 16.1148
282700 16.2287
282800 16.2267
282900 16.0234
283000 16.1341
283100 16.1895
283200 16.1904
283300 16.1315
283400 16.1656
283500 16.1555
283600 16.1577
283700 16.2979
283800 16.2083
283900 16.2059
284000 16.0767
284100 16.1447
284200 16.1518
284300 16.1461
284400 16.1825
284500 16.16
284600 16.2826
284700 16.3519
284800 16.1853
284900 16.1854
285000 16.1456
285100 16.1221
285200 16.1429
285300 16.1535
285400 16.1437
285500 16.11
285600 16.1941
285700 16.1727
285800 16.0713
285900 16.0572
286000 16.216
286100 16.1762
286200 16.2484
286300 16.2137
286400 16.1393
286500 16.2564
286600 16.1629
286700 16.2018
286800 16.2192
286900 16.2234
287000 16.205
287100 16.0889
287200 16.1407
287300 16.2172
287400 16.0918
287500 16.2206
287600 16.2525
287700 16.2646
287800 16.2983
287900 16.1912
288000 16.253
288100 16.2587
288200 16.2557
288300 16.2752
288400 16.076
288500 16.1204
288600 16.2443
288700 16.1965
288800 16.4845
288900 16.4406
289000 16.3512
289100 16.3667
289200 16.3486
289300 16.4351
289400 16.3494
289500 16.4143
289600 16.3424
289700 16.2356
289800 16.3004
289900 16.3488
290000 16.2554
290100 16.3291
290200 16.3591
290300 16.3025
290400 16.3778
290500 16.2603
290600 16.3341
290700 16.271
290800 16.2628
290900 16.3789
291000 16.4026
291100 16.2618
291200 16.2825
291300 16.3217
291400 16.3028
291500 16.336
291600 16.3577
291700 16.3511
291800 16.257
291900 16.4243
292000 16.3067
292100 16.2914
292200 16.3313
292300 16.377
292400 16.35
292500 16.4245
292600 16.3624
292700 16.4173
292800 16.3818
292900 16.4053
293000 16.4801
293100 16.3344
293200 16.3063
293300 16.2176
293400 16.4042
293500 16.3503
293600 16.3453
293700 16.3196
293800 16.2888
293900 16.2944
294000 16.539
294100 16.3961
294200 16.3985
294300 16.4736
294400 16.3926
294500 16.374
294600 16.3942
294700 16.4889
294800 16.3624
294900 16.2815
295000 16.4486
295100 16.4358
295200 16.3696
295300 16.4522
295400 16.377
295500 16.3087
295600 16.3036
295700 16.4298
295800 16.4052
295900 16.3805
296000 16.4592
296100 16.3842
296200 16.5372
296300 16.3722
296400 16.4219
296500 16.4277
296600 16.5719
296700 16.4372
296800 16.4415
296900 16.3738
297000 16.5145
297100 16.472
297200 16.3537
297300 16.342
297400 16.4338
297500 16.3601
297600 16.3988
297700 16.2922
297800 16.3098
297900 16.3009
298000 16.3147
298100 16.2826
298200 16.257
298300 16.3686
298400 16.3711
298500 16.4629
298600 16.4829
298700 16.4888
298800 16.4617
298900 16.4136
299000 16.4629
299100 16.4456
299200 16.4911
299300 16.441
299400 16.5393
299500 16.5043
299600 16.4684
299700 16.6039
299800 16.6689
299900 16.5877
300000 16.5406
300100 16.542
300200 16.4363
300300 16.4689
300400 16.5835
300500 16.651
300600 16.5722
300700 16.5897
300800 16.5735
300900 16.5043
301000 16.524
301100 16.4641
301200 16.5946
301300 16.6866
301400 16.5758
301500 16.4412
301600 16.5301
301700 16.6595
301800 16.5379
301900 16.5876
302000 16.6822
302100 16.7763
302200 16.6373
302300 16.733
302400 16.714
302500 16.7056
302600 16.7108
302700 16.5385
302800 16.4932
302900 16.5416
303000 16.655
303100 16.6118
303200 16.483
303300 16.4952
303400 16.6309
303500 16.686
303600 16.6111
303700 16.6829
303800 16.5875
303900 16.5057
304000 16.5826
304100 16.7678
304200 16.5944
304300 16.6406
304400 16.5892
304500 16.581
304600 16.6385
304700 16.6185
304800 16.6125
304900 16.6507
305000 16.6223
305100 16.7539
305200 16.5403
305300 16.5528
305400 16.554
305500 16.632
305600 16.6506
305700 16.7537
305800 16.6432
305900 16.5406
306000 16.6398
306100 16.5752
306200 16.6828
306300 16.6658
306400 16.6505
306500 16.5808
306600 16.616
306700 16.6546
306800 16.6658
306900 16.7664
307000 16.7087
307100 16.8247
307200 16.7624
307300 16.7446
307400 16.8077
307500 16.7802
307600 16.7546
307700 16.7413
307800 16.7178
307900 16.6553
308000 16.6548
308100 16.6523
308200 16.6489
308300 16.6976
308400 16.7152
308500 16.5478
308600 16.7424
308700 16.783
308800 16.7243
308900 16.7101
309000 16.6746
309100 16.6647
309200 16.7035
309300 16.8315
309400 16.9089
309500 16.7762
309600 16.7438
309700 16.6894
309800 16.7263
309900 16.7332
310000 16.7601
310100 16.8313
310200 16.7899
310300 16.7822
310400 16.7483
310500 16.7369
310600 16.7066
310700 16.7623
310800 16.7039
310900 16.6745
311000 16.7358
311100 16.6342
311200 16.7096
311300 16.7133
311400 16.7489
311500 16.6166
311600 16.7093
311700 16.665
311800 16.7214
311900 16.7266
312000 16.6911
312100 16.7567
312200 16.6424
312300 16.7131
312400 16.7204
312500 16.7028
312600 16.8838
312700 16.7381
312800 16.6994
312900 16.7754
313000 16.8107
313100 16.7259
313200 16.7591
313300 16.7074
313400 16.7731
313500 16.803
313600 16.7956
313700 16.815
313800 16.8829
313900 16.723
314000 16.8046
314100 16.7589
314200 16.9208
314300 16.7997
314400 16.8591
314500 16.854
314600 16.8151
314700 16.9324
314800 16.8692
314900 16.8935
315000 17.007
315100 16.8865
315200 16.9285
315300 16.9054
315400 16.8987
315500 16.8535
315600 16.8298
315700 16.8541
315800 17.0187
315900 16.9536
316000 16.9496
316100 16.9237
316200 16.8781
316300 16.8872
316400 16.9475
316500 17.1088
316600 16.9795
316700 16.9534
316800 16.9258
316900 16.9136
317000 16.982
317100 16.9264
317200 16.9724
317300 17.0049
317400 17.0032
317500 17.1115
317600 17.0247
317700 17.0853
317800 16.9225
317900 16.8949
318000 17.0094
318100 17.017
318200 17.1171
318300 16.934
318400 16.9212
318500 16.9806
318600 17.0495
318700 17.0974
318800 17.0061
318900 17.033
319000 16.8533
319100 16.9071
319200 16.9985
319300 17.0351
319400 16.9443
319500 17.0949
319600 16.9432
319700 16.8478
319800 16.8704
319900 16.9587
320000 17.0318
320100 17.0151
320200 16.9637
320300 16.9929
320400 16.9911
320500 16.9669
320600 16.9414
320700 17.0736
320800 17.1015
320900 17.0562
321000 17.0684
321100 17.0255
321200 17.1182
321300 17.1256
321400 17.0508
321500 17.1031
321600 17.1291
321700 17.0858
321800 17.1909
321900 17.1367
322000 17.1799
322100 17.274
322200 17.0763
322300 17.1126
322400 17.1483
322500 17.2434
322600 17.1094
322700 17.045
322800 17.2154
322900 17.0917
323000 17.1751
323100 17.1932
323200 17.0805
323300 17.1476
323400 17.0487
323500 17.0689
323600 17.0619
323700 17.1574
323800 17.172
323900 17.0211
324000 16.9764
324100 16.9833
324200 17.1968
324300 17.0293
324400 17.1446
324500 17.1968
324600 17.1533
324700 17.0613
324800 17.0446
324900 17.0798
325000 17.2221
325100 17.2117
325200 17.012
325300 17.0362
325400 17.0272
325500 17.127
325600 17.1001
325700 17.093
325800 17.0025
325900 16.9431
326000 17.1084
326100 16.9464
326200 17.0837
326300 17.0108
326400 17.0816
326500 17.0011
326600 17.0162
326700 16.988
326800 16.9763
326900 16.9865
327000 17.1467
327100 17.219
327200 17.1273
327300 17.054
327400 17.125
327500 17.0706
327600 17.0977
327700 17.0613
327800 17.1852
327900 17.0709
328000 17.0688
328100 17.0011
328200 17.104
328300 17.1814
328400 17.1621
328500 17.1258
328600 17.1529
328700 17.1921
328800 17.0943
328900 17.0666
329000 17.1097
329100 17.1388
329200 17.153
329300 17.0679
329400 17.2981
329500 17.17
329600 17.2257
329700 17.3179
329800 17.2772
329900 17.3394
330000 17.2342
330100 17.1986
330200 17.2489
330300 17.1396
330400 17.2535
330500 17.2315
330600 17.2376
330700 17.1959
330800 17.1758
330900 17.2536
331000 17.3847
331100 17.2518
331200 17.2331
331300 17.3401
331400 17.2231
331500 17.2244
331600 17.3214
331700 17.0696
331800 17.1741
331900 17.0575
332000 17.1035
332100 17.2467
332200 17.0574
332300 17.2097
332400 17.2462
332500 17.2284
332600 17.3437
332700 17.3244
332800 17.2346
332900 17.0438
333000 17.1548
333100 17.2079
333200 17.2114
333300 17.2214
333400 17.2362
333500 17.3053
333600 17.3346
333700 17.2475
333800 17.2007
333900 17.2717
334000 17.2899
334100 17.2371
334200 17.2212
334300 17.1258
334400 17.2862
334500 17.2338
334600 17.2074
334700 17.2302
334800 17.1548
334900 17.3418
335000 17.3659
335100 17.2457
335200 17.3153
335300 17.2647
335400 17.3118
335500 17.4718
335600 17.4159
335700 17.3671
335800 17.2699
335900 17.1839
336000 17.2724
336100 17.2339
336200 17.2794
336300 17.2733
336400 17.2854
336500 17.3511
336600 17.3366
336700 17.3641
336800 17.4338
336900 17.4856
337000 17.3526
337100 17.3992
337200 17.3325
337300 17.3949
337400 17.4813
337500 17.4548
337600 17.4725
337700 17.4381
337800 17.4501
337900 17.5327
338000 17.4439
338100 17.6125
338200 17.6034
338300 17.5344
338400 17.5035
338500 17.5386
338600 17.5745
338700 17.5855
338800 17.4582
338900 17.5286
339000 17.6253
339100 17.6065
339200 17.5287
339300 17.5558
339400 17.6001
339500 17.5252
339600 17.5202
339700 17.418
339800 17.4307
339900 17.5719
340000 17.5892
340100 17.5417
340200 17.5741
340300 17.6287
340400 17.5945
340500 17.5928
340600 17.6292
340700 17.6602
340800 17.7849
340900 17.5841
341000 17.6851
341100 17.5527
341200 17.5003
341300 17.536
341400 17.5896
341500 17.5262
341600 17.5114
341700 17.6302
341800 17.6589
341900 17.7027
342000 17.6581
342100 17.5472
342200 17.5779
342300 17.5579
342400 17.6462
342500 17.5708
342600 17.5623
342700 17.5958
342800 17.5934
342900 17.662
343000 17.5785
343100 17.7565
343200 17.6492
343300 17.5166
343400 17.6294
343500 17.6691
343600 17.6278
343700 17.592
343800 17.5972
343900 17.4848
344000 17.5203
344100 17.6195
344200 17.6985
344300 17.6435
344400 17.5314
344500 17.5968
344600 17.6502
344700 17.7921
344800 17.6576
344900 17.7107
345000 17.6837
345100 17.7361
345200 17.847
345300 17.7126
345400 17.5156
345500 17.6373
345600 17.691
345700 17.6474
345800 17.6412
345900 17.5324
346000 17.5566
346100 17.5846
346200 17.4737
346300 17.5866
346400 17.5859
346500 17.6464
346600 17.5923
346700 17.4272
346800 17.4243
346900 17.3764
347000 17.4175
347100 17.5883
347200 17.5344
347300 17.5564
347400 17.5032
347500 17.339
347600 17.4342
347700 17.4151
347800 17.4977
347900 17.4632
348000 17.4649
348100 17.4841
348200 17.525
348300 17.5451
348400 17.6249
348500 17.5603
348600 17.5332
348700 17.6309
348800 17.6994
348900 17.5252
349000 17.4732
349100 17.4679
349200 17.4229
349300 17.5889
349400 17.4376
349500 17.4935
349600 17.6195
349700 17.5946
349800 17.6622
349900 17.564
350000 17.489
