# Time-averaged data for fix all_msd
# TimeStep c_msd1[4]
0 2.04939e-29
100 0.480071
200 0.753903
300 1.10247
400 1.4962
500 1.76802
600 2.19607
700 2.7866
800 3.26176
900 3.84376
1000 4.49197
1100 5.07417
1200 5.40912
1300 5.78247
1400 6.50326
1500 6.95629
1600 7.54254
1700 8.27719
1800 8.87096
1900 9.45954
2000 9.96266
2100 10.4764
2200 10.7499
2300 11.3144
2400 11.9063
2500 12.4604
2600 13.0056
2700 13.4109
2800 13.9265
2900 14.3634
3000 14.6339
3100 15.1827
3200 15.7356
3300 16.023
3400 16.6342
3500 17.2623
3600 17.6739
3700 18.2824
3800 18.8333
3900 19.4706
4000 20.0573
4100 20.4907
4200 20.8611
4300 21.6644
4400 22.1889
4500 22.9564
4600 23.374
4700 24.0956
4800 24.4873
4900 24.9865
5000 25.3449
5100 25.9515
5200 26.7377
5300 27.5178
5400 28.1049
5500 28.381
5600 28.9942
5700 29.2639
5800 30.171
5900 30.9289
6000 31.8665
6100 32.1942
6200 32.5041
6300 32.8143
6400 33.4362
6500 33.7162
6600 34.2395
6700 34.8883
6800 35.4591
6900 36.1359
7000 36.6566
7100 36.6934
7200 37.0468
7300 37.6549
7400 38.1258
7500 38.4212
7600 38.6272
7700 39.1512
7800 39.4286
7900 39.9418
8000 40.6033
8100 41.5024
8200 42.2301
8300 42.6376
8400 43.6651
8500 44.128
8600 44.4133
8700 44.8489
8800 45.0967
8900 45.4427
9000 46.1091
9100 47.1287
9200 47.383
9300 48.0148
9400 48.4013
9500 48.8579
9600 49.0985
9700 49.4464
9800 50.2735
9900 50.9393
10000 51.2003
10100 51.6543
10200 51.9642
10300 52.6628
10400 53.7056
10500 54.2226
10600 54.8081
10700 55.3192
10800 55.8215
10900 56.1629
11000 56.4916
11100 57.258
11200 58.3476
11300 59.1385
11400 59.785
11500 59.9174
11600 60.6246
11700 60.8385
11800 61.4311
11900 62.151
12000 62.8462
12100 63.4803
12200 63.888
12300 64.9878
12400 65.2394
12500 66.4986
12600 66.9971
12700 67.3495
12800 68.0716
12900 68.5398
13000 68.8825
13100 69.2552
13200 70.0676
13300 70.7371
13400 71.1693
13500 71.9435
13600 72.637
13700 73.3506
13800 73.7405
13900 74.6339
14000 75.2823
14100 76.0019
14200 76.341
14300 76.8735
14400 77.5733
14500 78.0747
14600 79.0252
14700 79.6896
14800 79.9253
14900 80.4136
15000 81.4574
15100 81.7258
15200 82.9996
15300 82.9469
15400 83.0705
15500 83.7552
15600 84.2613
15700 84.5637
15800 85.1669
15900 85.2957
16000 86.5134
16100 86.502
16200 86.9027
16300 87.2164
16400 87.836
16500 88.6626
16600 89.2063
16700 89.7932
16800 90.0513
16900 91.0349
17000 90.9123
17100 91.1114
17200 92.0001
17300 92.705
17400 93.1104
17500 93.7988
17600 94.6824
17700 96.1128
17800 96.1009
17900 96.0304
18000 96.7125
18100 97.2151
18200 97.7088
18300 97.8308
18400 98.3808
18500 99.4192
18600 99.6516
18700 100.428
18800 101.013
18900 102.15
19000 102.208
19100 103.151
19200 103.184
19300 104.029
19400 104.382
19500 104.582
19600 105.428
19700 106.379
19800 106.926
19900 107.483
20000 108.125
20100 108.872
20200 109.422
20300 110.4
20400 111.037
20500 111.762
20600 112.185
20700 112.458
20800 112.833
20900 113.291
21000 113.967
21100 114.455
21200 114.454
21300 114.961
21400 115.966
21500 116.447
21600 116.919
21700 117.172
21800 118.506
21900 118.889
22000 118.96
22100 119.5
22200 119.525
22300 120.104
22400 120.436
22500 121.113
22600 121.505
22700 121.382
22800 122.082
22900 123.032
23000 123.258
23100 124.337
23200 125.373
23300 126.232
23400 126.72
23500 126.835
23600 127.426
23700 127.207
23800 128.302
23900 128.337
24000 128.856
24100 128.974
24200 129.814
24300 129.747
24400 130.143
24500 130.91
24600 131.981
24700 131.941
24800 132.229
24900 133.003
25000 133.944
25100 134.476
25200 134.4
25300 135.127
25400 135.75
25500 135.726
25600 136.276
25700 136.88
25800 137.275
25900 137.244
26000 137.864
26100 138.393
26200 139.423
26300 139.888
26400 139.951
26500 140.718
26600 141.39
26700 141.655
26800 142.308
26900 142.277
27000 142.706
27100 143.226
27200 144.432
27300 144.419
27400 144.891
27500 145.273
27600 146.416
27700 146.963
27800 147.717
27900 147.502
28000 148.24
28100 149.17
28200 150.013
28300 150.302
28400 151.156
28500 151.603
28600 152.008
28700 152.31
28800 152.854
28900 153.149
29000 153.92
29100 154.779
29200 155.295
29300 155.894
29400 156.191
29500 156.522
29600 157.266
29700 157.644
29800 158.04
29900 158.925
30000 159.039
30100 160.199
30200 160.156
30300 159.544
30400 160.502
30500 160.599
30600 160.909
30700 161.821
30800 162.304
30900 162.721
31000 163.133
31100 163.537
31200 163.607
31300 164.323
31400 165.352
31500 166
31600 166.359
31700 166.714
31800 166.999
31900 167.213
32000 166.923
32100 167.754
32200 167.456
32300 167.555
32400 168.662
32500 169.251
32600 169.843
32700 171.132
32800 170.567
32900 171.212
33000 171.896
33100 172.182
33200 173.667
33300 174.298
33400 174.627
33500 174.94
33600 175.122
33700 175.616
33800 176.572
33900 176.65
34000 177.456
34100 176.991
34200 176.784
34300 177.693
34400 177.582
34500 178.112
34600 179.209
34700 180.389
34800 181.229
34900 182.127
35000 183.316
35100 183.488
35200 183.743
35300 183.909
35400 183.737
35500 184.242
35600 184.104
35700 184.975
35800 185.584
35900 185.34
36000 186.89
36100 188.268
36200 187.661
36300 187.857
36400 188.213
36500 189.624
36600 189.485
36700 189.033
36800 190.255
36900 190.562
37000 191.264
37100 192.12
37200 192.551
37300 193.076
37400 193.456
37500 193.946
37600 194.192
37700 195.056
37800 195.318
37900 195.789
38000 195.8
38100 197.202
38200 199.061
38300 199.899
38400 200.002
38500 201.104
38600 202.323
38700 203.003
38800 203.447
38900 203.907
39000 204.919
39100 205.309
39200 206.323
39300 207.476
39400 207.642
39500 208.345
39600 208.187
39700 209.051
39800 209.003
39900 209.446
40000 210.098
40100 210.809
40200 211.028
40300 211.719
40400 212.462
40500 212.41
40600 213.189
40700 213.839
40800 214.916
40900 214.761
41000 215.516
41100 215.776
41200 216.231
41300 216.848
41400 218.119
41500 218.608
41600 219.233
41700 220.338
41800 220.198
41900 221.332
42000 222.391
42100 222.26
42200 222.897
42300 224.796
42400 224.833
42500 225.195
42600 225.972
42700 225.245
42800 226.244
42900 227.318
43000 227.831
43100 228.617
43200 229.119
43300 229.694
43400 230.502
43500 231.092
43600 231.341
43700 232.307
43800 232.935
43900 233.837
44000 234.33
44100 234.359
44200 235.807
44300 236.21
44400 235.894
44500 236.312
44600 237.114
44700 237.842
44800 238.537
44900 238.686
45000 238.276
45100 239.467
45200 239.735
45300 240.984
45400 241.336
45500 242.996
45600 242.621
45700 244.132
45800 244.811
45900 245.459
46000 245.752
46100 246.626
46200 247.738
46300 248.269
46400 248.481
46500 249.099
46600 249.57
46700 249.697
46800 250.796
46900 251.854
47000 252.646
47100 252.17
47200 253.435
47300 254.013
47400 254.149
47500 253.767
47600 254.986
47700 256.122
47800 256.498
47900 257.54
48000 258.19
48100 259.503
48200 259.799
48300 261.082
48400 261.932
48500 262.858
48600 263.048
48700 263.503
48800 264.809
48900 265.691
49000 266.853
49100 267.562
49200 268.58
49300 269.174
49400 270.989
49500 271.413
49600 272.785
49700 274.489
49800 274.835
49900 275.159
50000 276.2
50100 276.708
50200 276.126
50300 277.684
50400 276.588
50500 277.72
50600 279.285
50700 280.2
50800 280.203
50900 280.423
51000 281.897
51100 281.463
51200 282.728
51300 283.259
51400 283.187
51500 283.49
51600 284.296
51700 284.86
51800 285.052
51900 285.419
52000 286.154
52100 286.246
52200 287.446
52300 288.279
52400 288.439
52500 289.944
52600 290.798
52700 291.292
52800 290.689
52900 291.438
53000 292.587
53100 292.691
53200 292.569
53300 293.857
53400 293.702
53500 294.853
53600 295.151
53700 296.025
53800 297.149
53900 298.21
54000 297.952
54100 298.656
54200 299.246
54300 299.664
54400 300.775
54500 301.009
54600 301.28
54700 301.727
54800 302.283
54900 302.855
55000 303.332
55100 304.882
55200 305.31
55300 305.823
55400 306.881
55500 306.531
55600 306.673
55700 306.966
55800 307.025
55900 307.589
56000 308.338
56100 308.313
56200 308.017
56300 308.571
56400 308.485
56500 309.629
56600 310.139
56700 310.283
56800 311.42
56900 311.368
57000 311.359
57100 312.476
57200 312.307
57300 313.069
57400 313.588
57500 314.324
57600 315.18
57700 315.235
57800 316.522
57900 316.056
58000 317.199
58100 317.228
58200 318.69
58300 318.619
58400 319.609
58500 320.527
58600 321.234
58700 321.699
58800 322.556
58900 323.506
59000 323.903
59100 323.546
59200 324.019
59300 325.624
59400 327.862
59500 328.96
59600 329.592
59700 329.494
59800 331.237
59900 332.414
60000 332.225
60100 332.362
60200 332.798
60300 332.86
60400 333.765
60500 333.314
60600 332.672
60700 334.514
60800 335.085
60900 335.898
61000 336.589
61100 337.246
61200 337.892
61300 338.739
61400 338.602
61500 339.899
61600 340.794
61700 341.26
61800 342.596
61900 342.914
62000 343.146
62100 343.413
62200 344.239
62300 344.486
62400 344.698
62500 346.512
62600 347.004
62700 347.441
62800 347.808
62900 348.174
63000 348.129
63100 348.735
63200 348.769
63300 349.296
63400 350.005
63500 350.106
63600 349.984
63700 350.177
63800 350.582
63900 351.042
64000 351.444
64100 353.108
64200 353.806
64300 354.249
64400 353.959
64500 354.21
64600 354.321
64700 355.043
64800 355.38
64900 356.017
65000 356.641
65100 356.642
65200 357.34
65300 357.632
65400 358.684
65500 360.044
65600 360.536
65700 361.307
65800 360.471
65900 360.835
66000 361.802
66100 362.67
66200 363.481
66300 363.655
66400 364.194
66500 364.364
66600 365.868
66700 365.398
66800 366.4
66900 367.071
67000 367.261
67100 367.243
67200 367.619
67300 369.303
67400 369.479
67500 370.019
67600 370.908
67700 371.776
67800 372.131
67900 372.493
68000 372.678
68100 374.239
68200 374.299
68300 374.786
68400 375.42
68500 376.085
68600 375.471
68700 374.219
68800 376.125
68900 375.888
69000 377.144
69100 378.082
69200 378.315
69300 379.566
69400 379.357
69500 380.531
69600 381.999
69700 381.733
69800 381.28
69900 382.018
70000 381.789
70100 382.144
70200 383.641
70300 385.048
70400 385.724
70500 386.737
70600 386.362
70700 386.745
70800 385.93
70900 387.233
71000 388.451
71100 388.642
71200 389.408
71300 390.345
71400 389.4
71500 390.775
71600 390.473
71700 391.453
71800 392.342
71900 393.702
72000 393.378
72100 394.078
72200 394.383
72300 395.183
72400 396.554
72500 396.059
72600 396.285
72700 398.202
72800 398.01
72900 398.433
73000 398.463
73100 398.427
73200 399.537
73300 399.861
73400 400.172
73500 401.198
73600 401.475
73700 402.687
73800 402.708
73900 403.881
74000 403.72
74100 404.758
74200 405.039
74300 404.628
74400 406.773
74500 406.354
74600 406.513
74700 406.874
74800 406.197
74900 407.453
75000 408.097
75100 408.554
75200 409.099
75300 409.444
75400 407.76
75500 409.131
75600 410.197
75700 410.215
75800 410.625
75900 413.13
76000 411.985
76100 413.233
76200 414.308
76300 414.079
76400 415.262
76500 415.873
76600 416.499
76700 416.036
76800 416.839
76900 417.352
77000 417.715
77100 419.259
77200 420.183
77300 420.516
77400 422.137
77500 420.96
77600 421.611
77700 421.758
77800 422.962
77900 423.287
78000 423.479
78100 424.711
78200 425.404
78300 425.891
78400 427.031
78500 428.201
78600 428.34
78700 428.77
78800 429.121
78900 429.635
79000 431.038
79100 432.248
79200 433.164
79300 433.685
79400 433.791
79500 434.864
79600 434.922
79700 435.95
79800 435.19
79900 435.453
80000 435.931
80100 436.767
80200 436.045
80300 437.73
80400 438.33
80500 438.81
80600 440.149
80700 440.7
80800 441.062
80900 440.577
81000 442.538
81100 443.447
81200 443.544
81300 443.08
81400 443.695
81500 444.135
81600 443.828
81700 443.475
81800 444.367
81900 445.331
82000 445.442
82100 444.134
82200 446.748
82300 445.683
82400 446.027
82500 447.228
82600 448.777
82700 449.194
82800 449.599
82900 451.019
83000 450.816
83100 450.554
83200 452.594
83300 450.945
83400 451.401
83500 452.045
83600 453.531
83700 454.012
83800 453.829
83900 454.879
84000 455.558
84100 455.761
84200 456.63
84300 456.783
84400 456.798
84500 457.266
84600 456.758
84700 457.465
84800 457.362
84900 457.718
85000 457.901
85100 458.829
85200 458.967
85300 459.321
85400 460.456
85500 460.087
85600 460.869
85700 460.883
85800 462.929
85900 463.226
86000 463.664
86100 464.873
86200 465.676
86300 465.712
86400 465.982
86500 465.873
86600 465.731
86700 465.609
86800 466.264
86900 466.151
87000 467.912
87100 468.901
87200 468.416
87300 469.959
87400 470.461
87500 469.779
87600 470.456
87700 471.151
87800 471.253
87900 471.429
88000 473.236
88100 473.299
88200 472.998
88300 473.111
88400 473.111
88500 472.656
88600 473.474
88700 473.683
88800 472.595
88900 473.812
89000 475.505
89100 475.945
89200 475.981
89300 476.115
89400 477.196
89500 476.94
89600 478.017
89700 477.818
89800 478.692
89900 480.147
90000 480.4
90100 480.597
90200 480.452
90300 481.05
90400 480.618
90500 480.802
90600 481.748
90700 482.518
90800 482.594
90900 483.222
91000 484.011
91100 484.448
91200 485.405
91300 484.995
91400 487.321
91500 488.55
91600 489.072
91700 490.757
91800 491.843
91900 492.126
92000 491.736
92100 492.218
92200 491.836
92300 492.265
92400 493.396
92500 494.387
92600 494.655
92700 496.745
92800 495.055
92900 496.824
93000 497.525
93100 498.828
93200 498.983
93300 499.719
93400 499.529
93500 499.987
93600 500.248
93700 501.001
93800 500.619
93900 501.194
94000 501.76
94100 503.037
94200 502.717
94300 503.544
94400 504.226
94500 505.684
94600 505.607
94700 505.249
94800 506.196
94900 506.36
95000 508.15
95100 508.6
95200 508.968
95300 508.517
95400 509.277
95500 509.935
95600 511.018
95700 512.673
95800 511.955
95900 512.483
96000 513.656
96100 515.018
96200 514.6
96300 514.505
96400 515.426
96500 516.474
96600 515.756
96700 517.023
96800 515.468
96900 517.39
97000 517.807
97100 518.278
97200 518.919
97300 519.158
97400 519.644
97500 519.984
97600 520.354
97700 522.388
97800 522.45
97900 522.506
98000 523.268
98100 522.6
98200 523.305
98300 523.635
98400 523.71
98500 524.04
98600 525.046
98700 525.621
98800 526.923
98900 527.988
99000 528.503
99100 528.504
99200 529.317
99300 530.009
99400 531.475
99500 530.755
99600 532.275
99700 532.741
99800 533.143
99900 533.059
100000 534.389
100100 535.899
100200 536.182
100300 536.892
100400 537.339
100500 537.312
100600 537.873
100700 539.333
100800 538.932
100900 538.84
101000 538.347
101100 539.523
101200 540.2
101300 542.208
101400 542.096
101500 543.663
101600 542.995
101700 542.434
101800 543.508
101900 544.081
102000 543.769
102100 544.291
102200 544.704
102300 544.423
102400 544.619
102500 546.09
102600 546.747
102700 545.854
102800 547.323
102900 548.935
103000 549.254
103100 549.975
103200 549.701
103300 550.744
103400 551.546
103500 552.579
103600 553.947
103700 553.606
103800 555.145
103900 555.563
104000 556.418
104100 556.813
104200 556.739
104300 556.197
104400 556.544
104500 556.951
104600 557.111
104700 557.511
104800 556.804
104900 558.638
105000 561.177
105100 561.756
105200 563.189
105300 564.045
105400 564.995
105500 565.099
105600 564.604
105700 566.441
105800 565.579
105900 565.836
106000 566.31
106100 566.8
106200 567.72
106300 568.427
106400 569.764
106500 569.607
106600 571.47
106700 571.471
106800 571.789
106900 572.692
107000 574.344
107100 575.068
107200 575.904
107300 576.287
107400 576.785
107500 576.538
107600 576.966
107700 576.625
107800 578.783
107900 579.252
108000 579.969
108100 580.374
108200 580.731
108300 582.414
108400 582.946
108500 584.578
108600 585.714
108700 586.621
108800 586.181
108900 586.809
109000 586.582
109100 586.411
109200 585.996
109300 586.034
109400 587.574
109500 588.092
109600 587.851
109700 588.87
109800 589.887
109900 589.852
110000 589.338
110100 590.402
110200 591.153
110300 593.269
110400 592.481
110500 591.852
110600 593.302
110700 594.063
110800 594.688
110900 594.921
111000 594.433
111100 595.72
111200 596.196
111300 597.271
111400 597.865
111500 598.151
111600 597.895
111700 599.541
111800 600.045
111900 600.548
112000 601.032
112100 600.815
112200 601.243
112300 601.773
112400 603.362
112500 604.602
112600 605.644
112700 604.926
112800 605.508
112900 606.007
113000 606.268
113100 606.759
113200 607.839
113300 608.17
113400 608.392
113500 610.516
113600 610.151
113700 610.584
113800 609.195
113900 609.993
114000 610.194
114100 610.15
114200 610.515
114300 611.461
114400 612.175
114500 612.955
114600 613.025
114700 614.048
114800 614.014
114900 614.738
115000 614.732
115100 615.394
115200 615.258
115300 614.511
115400 614.535
115500 615.47
115600 616.73
115700 617.76
115800 619.284
115900 619.187
116000 620.22
116100 620.506
116200 621.135
116300 621.801
116400 622.603
116500 621.998
116600 621.163
116700 621.917
116800 622.237
116900 623.252
117000 623.286
117100 623.648
117200 624.524
117300 625.061
117400 625.312
117500 626.876
117600 627.23
117700 628.359
117800 629.771
117900 628.971
118000 630.144
118100 630.092
118200 631.989
118300 632.05
118400 631.665
118500 632.722
118600 633.425
118700 632.615
118800 633.506
118900 633.618
119000 634.195
119100 634.717
119200 635.746
119300 635.589
119400 637.532
119500 637.35
119600 638.491
119700 638.822
119800 640.047
119900 639.435
120000 642.077
120100 641.237
120200 640.928
120300 641.677
120400 641.679
120500 641.913
120600 642.367
120700 642.49
120800 641.075
120900 643.124
121000 642.449
121100 643.143
121200 642.728
121300 643.305
121400 642.083
121500 642.727
121600 642.908
121700 644.489
121800 644.879
121900 644.857
122000 645.805
122100 646.69
122200 647.209
122300 647.235
122400 647.835
122500 648.937
122600 649.927
122700 651.145
122800 651.878
122900 652.523
123000 653.105
123100 653.625
123200 656.355
123300 656.44
123400 656.411
123500 657.187
123600 657.264
123700 657.498
123800 658.449
123900 659.147
124000 659.678
124100 659.162
124200 658.729
124300 661.866
124400 662.278
124500 664.366
124600 665.055
124700 665.771
124800 665.458
124900 666.91
125000 665.434
125100 667.918
125200 667.891
125300 669.068
125400 670.491
125500 671.107
125600 671.478
125700 672.213
125800 672.403
125900 672.691
126000 674.661
126100 675.77
126200 674.791
126300 675.348
126400 675.843
126500 676.177
126600 675.799
126700 675.518
126800 676.464
126900 676.575
127000 676.694
127100 677.651
127200 678.734
127300 679.29
127400 680.291
127500 682.093
127600 681.17
127700 683.169
127800 682.792
127900 683.887
128000 684.508
128100 685.175
128200 686.072
128300 686.221
128400 686.114
128500 686.846
128600 687.4
128700 686.28
128800 686.846
128900 687.587
129000 688.56
129100 688.167
129200 688.148
129300 688.69
129400 689.715
129500 689.973
129600 691.752
129700 691.437
129800 692.715
129900 693.801
130000 695.195
130100 696.344
130200 696.709
130300 697.274
130400 697.31
130500 695.845
130600 695.817
130700 695.844
130800 698.154
130900 699.417
131000 699.525
131100 701.291
131200 700.916
131300 700.567
131400 700.936
131500 702.97
131600 703.396
131700 702.981
131800 703.026
131900 700.541
132000 701.984
132100 702.516
132200 702.832
132300 702.232
132400 703.187
132500 702.372
132600 703.602
132700 703.297
132800 703.158
132900 704.335
133000 703.801
133100 703.576
133200 704.566
133300 704.064
133400 704.521
133500 704.961
133600 705.582
133700 706.592
133800 707.676
133900 707.285
134000 707.204
134100 707.182
134200 708.04
134300 708.484
134400 707.973
134500 709.328
134600 710.81
134700 713.092
134800 713.79
134900 713.093
135000 713.304
135100 713.11
135200 713.503
135300 714.823
135400 714.638
135500 715.032
135600 716.509
135700 716.129
135800 715.799
135900 716.59
136000 717.946
136100 718.861
136200 719.471
136300 719.129
136400 720.633
136500 721.684
136600 721.421
136700 721.177
136800 721.53
136900 722.024
137000 723.75
137100 724.701
137200 725.355
137300 725.741
137400 726.64
137500 727.304
137600 726.193
137700 727.287
137800 727.783
137900 728.483
138000 729.821
138100 730.316
138200 730.656
138300 729.921
138400 730.477
138500 731.687
138600 733.108
138700 733.303
138800 733.613
138900 736.306
139000 738.26
139100 739.796
139200 740.849
139300 742.119
139400 742.833
139500 743.607
139600 743.68
139700 744.027
139800 744.29
139900 746.191
140000 744.637
140100 746.284
140200 746.8
140300 747.986
140400 747.571
140500 746.952
140600 746.821
140700 749.129
140800 750.428
140900 750.483
141000 751.648
141100 752.083
141200 753.376
141300 753.276
141400 753.647
141500 753.525
141600 754.058
141700 753.572
141800 754.418
141900 754.299
142000 754.505
142100 753.611
142200 755.949
142300 756.402
142400 755.79
142500 756.69
142600 757.235
142700 758.183
142800 759.516
142900 760.117
143000 762.496
143100 762.351
143200 762.037
143300 763.735
143400 763.295
143500 764.401
143600 764.712
143700 766.087
143800 767.048
143900 768.775
144000 768.643
144100 769.094
144200 770.745
144300 771.116
144400 771.092
144500 770.291
144600 772.685
144700 772.81
144800 773.343
144900 775.555
145000 776.397
145100 777.942
145200 778.335
145300 779.187
145400 779.455
145500 780.52
145600 780.923
145700 782.416
145800 783.421
145900 783.103
146000 784.05
146100 783.479
146200 783.4
146300 783.747
146400 783.344
146500 784.276
146600 786.076
146700 787.033
146800 788.271
146900 788.438
147000 790.339
147100 790.417
147200 790.223
147300 789.981
147400 789.929
147500 790.327
147600 790.394
147700 791.192
147800 791.599
147900 791.677
148000 791.874
148100 793.101
148200 791.981
148300 793.281
148400 794.087
148500 794.987
148600 796.29
148700 796.272
148800 795.786
148900 797.336
149000 798.214
149100 798.991
149200 800.155
149300 800.633
149400 801.286
149500 800.97
149600 801.419
149700 800.828
149800 800.156
149900 801.073
150000 802.578
150100 803.328
150200 801.979
150300 802.29
150400 802.789
150500 803.131
150600 804.42
150700 805.369
150800 804.946
150900 804.693
151000 805.662
151100 806.154
151200 806.75
151300 807.665
151400 809.047
151500 810.383
151600 809.34
151700 810.412
151800 810.735
151900 809.911
152000 810.558
152100 811.508
152200 811.468
152300 812.267
152400 814.074
152500 815.506
152600 816.635
152700 817.255
152800 816.447
152900 816.607
153000 816.39
153100 817.107
153200 818.11
153300 818.761
153400 819.682
153500 819.228
153600 818.06
153700 820.149
153800 821.493
153900 823.214
154000 823.447
154100 824.736
154200 826.183
154300 827.285
154400 827.778
154500 828.39
154600 828.417
154700 827.895
154800 828.216
154900 828.638
155000 828.857
155100 831.384
155200 831.926
155300 832.923
155400 833.29
155500 833.071
155600 835.461
155700 834.782
155800 837.449
155900 837.992
156000 836.634
156100 836.334
156200 836.746
156300 837.908
156400 838.26
156500 838.611
156600 839.112
156700 837.911
156800 838.253
156900 838.957
157000 840.078
157100 841.516
157200 842.125
157300 840.432
157400 839.38
157500 841.99
157600 842.574
157700 840.812
157800 843.664
157900 844.779
158000 843.373
158100 844.151
158200 845.378
158300 845.984
158400 846.592
158500 846.847
158600 847.429
158700 847.849
158800 849.139
158900 850.258
159000 849.817
159100 848.349
159200 848.723
159300 847.916
159400 846.779
159500 847.406
159600 848.033
159700 848.739
159800 850.23
159900 849.606
160000 850.012
160100 851.173
160200 851.432
160300 852.501
160400 853.012
160500 854.153
160600 853.726
160700 855.151
160800 855.052
160900 854.597
161000 856.006
161100 857.248
161200 856.396
161300 858.147
161400 856.293
161500 859.547
161600 859.845
161700 859.522
161800 860.9
161900 862.56
162000 861.847
162100 864.83
162200 863.274
162300 865.647
162400 866.3
162500 865.872
162600 866.623
162700 867.746
162800 867.326
162900 867.697
163000 868.338
163100 867.985
163200 868.374
163300 868.535
163400 870.046
163500 870.659
163600 870.747
163700 870.325
163800 870.623
163900 871.38
164000 873.46
164100 872.271
164200 872.268
164300 874.533
164400 873.95
164500 874.496
164600 875.368
164700 875.506
164800 875.38
164900 877.412
165000 877.531
165100 878.776
165200 878.349
165300 878.225
165400 879.243
165500 879.433
165600 879.495
165700 879.586
165800 881.012
165900 881.428
166000 881.705
166100 881.872
166200 881.716
166300 881.466
166400 882.482
166500 884.483
166600 883.981
166700 883.439
166800 883.594
166900 884.398
167000 885.014
167100 883.76
167200 883.282
167300 884.689
167400 885.333
167500 888.807
167600 888.51
167700 888.989
167800 891.155
167900 892.098
168000 894.083
168100 893.136
168200 895.363
168300 895.271
168400 897.928
168500 897.567
168600 897.125
168700 896.982
168800 898.73
168900 898.102
169000 900.292
169100 899.636
169200 900.063
169300 900.649
169400 900.363
169500 902.046
169600 902.58
169700 901.986
169800 902.439
169900 904.11
170000 903.663
170100 903.657
170200 904.066
170300 905.157
170400 904.774
170500 904.183
170600 904.666
170700 906.235
170800 907.782
170900 908.453
171000 907.409
171100 908.764
171200 907.529
171300 908.434
171400 908.699
171500 907.809
171600 909.438
171700 910.479
171800 911.118
171900 913.399
172000 912.913
172100 913.208
172200 914.24
172300 913.583
172400 914.027
172500 914.255
172600 914.018
172700 914.766
172800 915.694
172900 917.688
173000 918.584
173100 919.421
173200 919.387
173300 920.728
173400 919.704
173500 921.29
173600 919.883
173700 922.138
173800 920.348
173900 921.107
174000 921.745
174100 922.394
174200 922.515
174300 923.444
174400 922.018
174500 922.178
174600 923.085
174700 923.772
174800 923.276
174900 922.857
175000 923.177
175100 923.524
175200 923.066
175300 921.43
175400 922.579
175500 921.839
175600 922.989
175700 924.359
175800 922.504
175900 923.638
176000 923.708
176100 923.791
176200 926.141
176300 926.828
176400 927.376
176500 928.762
176600 928.614
176700 928.765
176800 927.287
176900 928.653
177000 928.623
177100 929.034
177200 929.297
177300 929.667
177400 929.579
177500 929.564
177600 931.036
177700 932.585
177800 934.083
177900 936.091
178000 935.037
178100 937.474
178200 937.915
178300 938.404
178400 937.566
178500 938.121
178600 938.556
178700 938.718
178800 939.989
178900 938.967
179000 938.386
179100 940.166
179200 940.956
179300 941.069
179400 942.116
179500 942.799
179600 943.718
179700 944.138
179800 944.536
179900 945.392
180000 945.364
180100 946.453
180200 946.284
180300 946.817
180400 946.348
180500 945.534
180600 945.548
180700 947.145
180800 947.908
180900 948.725
181000 949.255
181100 950.562
181200 949.616
181300 951.63
181400 950.9
181500 950.425
181600 951.508
181700 953.395
181800 955.329
181900 955.369
182000 955.926
182100 955.191
182200 955.415
182300 956.425
182400 957.504
182500 958.181
182600 959.98
182700 958.498
182800 958.208
182900 958.261
183000 959.859
183100 959.452
183200 960.507
183300 959.137
183400 959.427
183500 958.444
183600 960.909
183700 961.355
183800 960.07
183900 961.995
184000 962.587
184100 963.862
184200 964.829
184300 964.224
184400 965.803
184500 967.549
184600 966.931
184700 968.789
184800 968.563
184900 970.854
185000 969.446
185100 970.863
185200 972.163
185300 973.458
185400 973.327
185500 973.246
185600 973.391
185700 975.154
185800 976.118
185900 977.698
186000 976.181
186100 976.616
186200 976.942
186300 979.4
186400 978.978
186500 978.509
186600 980.232
186700 980.697
186800 981.839
186900 981.45
187000 981.053
187100 981.01
187200 982.964
187300 983.639
187400 983.862
187500 986.877
187600 985.712
187700 988.041
187800 987.15
187900 988.871
188000 987.669
188100 987.868
188200 987.254
188300 988.429
188400 990.041
188500 989.711
188600 991.178
188700 991.943
188800 993.144
188900 994.588
189000 995.06
189100 995.411
189200 995.693
189300 996.013
189400 997.074
189500 998.386
189600 998.275
189700 997.761
189800 998.519
189900 997.561
190000 999.768
190100 1000.3
190200 1002.19
190300 1000.86
190400 1002.61
190500 1003.88
190600 1004.09
190700 1003.99
190800 1004.46
190900 1006.49
191000 1007.23
191100 1008.06
191200 1008.19
191300 1008.74
191400 1009.62
191500 1010.07
191600 1010.58
191700 1011.66
191800 1011.98
191900 1012.89
192000 1015.45
192100 1015.73
192200 1015.68
192300 1016.52
192400 1016.42
192500 1016.62
192600 1018.89
192700 1018.83
192800 1019.69
192900 1019.65
193000 1019.49
193100 1018.86
193200 1019.08
193300 1019.97
193400 1020.49
193500 1021.92
193600 1020.25
193700 1021.09
193800 1020.62
193900 1023.48
194000 1021.74
194100 1023.08
194200 1024.51
194300 1023.42
194400 1025.7
194500 1027.11
194600 1026.94
194700 1028.17
194800 1026.78
194900 1027.84
195000 1029.54
195100 1031.06
195200 1030.84
195300 1031.1
195400 1030.49
195500 1031.08
195600 1030.67
195700 1032.58
195800 1032.46
195900 1032.24
196000 1032.93
196100 1033.96
196200 1034.19
196300 1033.74
196400 1036.59
196500 1037.56
196600 1036.47
196700 1036.92
196800 1036.62
196900 1037.56
197000 1039.54
197100 1039.13
197200 1039.6
197300 1038.99
197400 1039.56
197500 1039.5
197600 1040.34
197700 1040.43
197800 1040.83
197900 1039.63
198000 1041.48
198100 1041.13
198200 1042.49
198300 1043.56
198400 1043.18
198500 1043.52
198600 1044.11
198700 1044.1
198800 1044.87
198900 1044.04
199000 1044.43
199100 1043.71
199200 1044.57
199300 1044.47
199400 1044.17
199500 1044.93
199600 1046.8
199700 1046.26
199800 1048.69
199900 1049.07
200000 1048.8
200100 1050.17
200200 1049.05
200300 1050.08
200400 1051.03
200500 1050.95
200600 1053.67
200700 1054.26
200800 1053.23
200900 1055.08
201000 1056.34
201100 1055.86
201200 1055.51
201300 1055.85
201400 1056.95
201500 1059.39
201600 1060.85
201700 1060.3
201800 1061.77
201900 1063.34
202000 1061.74
202100 1062.34
202200 1063.98
202300 1062.41
202400 1062.42
202500 1063.3
202600 1062.47
202700 1063.12
202800 1063.3
202900 1062.3
203000 1063.23
203100 1063.64
203200 1064.44
203300 1064.02
203400 1064.29
203500 1064.34
203600 1067.28
203700 1068.82
203800 1067.84
203900 1069.84
204000 1070.79
204100 1069.64
204200 1069.1
204300 1071.12
204400 1071.82
204500 1070.63
204600 1071.97
204700 1073.57
204800 1074.56
204900 1073.54
205000 1077.12
205100 1077.12
205200 1079.07
205300 1079.85
205400 1079.53
205500 1081.81
205600 1082.03
205700 1082.37
205800 1082.52
205900 1082.19
206000 1083.73
206100 1083.06
206200 1085.15
206300 1085.45
206400 1087.79
206500 1088.65
206600 1088.61
206700 1086.85
206800 1089.09
206900 1088.19
207000 1089.11
207100 1091.35
207200 1092.09
207300 1093.41
207400 1094.06
207500 1096.01
207600 1096.24
207700 1093.35
207800 1092.73
207900 1093.8
208000 1096.43
208100 1096.78
208200 1096.33
208300 1097.17
208400 1097.08
208500 1095.89
208600 1097.72
208700 1098.99
208800 1097.51
208900 1099.72
209000 1098.52
209100 1100.03
209200 1100.51
209300 1100.95
209400 1100.72
209500 1100.52
209600 1099.37
209700 1099.81
209800 1100.03
209900 1099.69
210000 1100.12
210100 1101.6
210200 1100.76
210300 1101.67
210400 1104.42
210500 1106.39
210600 1108.05
210700 1105.32
210800 1105.86
210900 1108.98
211000 1107.79
211100 1108.62
211200 1109.36
211300 1110.22
211400 1111.41
211500 1111.74
211600 1111.64
211700 1112.62
211800 1114.61
211900 1115.18
212000 1117.36
212100 1117.95
212200 1118.03
212300 1118.96
212400 1119.43
212500 1122.79
212600 1120.69
212700 1120.9
212800 1118.98
212900 1120.58
213000 1121.66
213100 1121.82
213200 1123.71
213300 1124.1
213400 1125.44
213500 1126.33
213600 1127.48
213700 1125.88
213800 1128.18
213900 1129.09
214000 1128.15
214100 1129.58
214200 1127.81
214300 1130.4
214400 1129.74
214500 1131.65
214600 1132.27
214700 1131.65
214800 1132
214900 1130.89
215000 1133.38
215100 1132.98
215200 1134.66
215300 1135.46
215400 1137.2
215500 1137.68
215600 1137.38
215700 1138.01
215800 1137.35
215900 1138.16
216000 1138.21
216100 1138.77
216200 1138.83
216300 1140.54
216400 1140.24
216500 1140.62
216600 1140.45
216700 1141.27
216800 1141.8
216900 1142.72
217000 1142.32
217100 1141.66
217200 1141.09
217300 1144.68
217400 1145.45
217500 1146.85
217600 1148.23
217700 1147.31
217800 1147.25
217900 1147.43
218000 1148.33
218100 1149.46
218200 1149.04
218300 1149.49
218400 1150.03
218500 1150.78
218600 1151.41
218700 1150.94
218800 1151
218900 1151.18
219000 1154.09
219100 1155.46
219200 1157.2
219300 1158.27
219400 1159.03
219500 1161.08
219600 1161.24
219700 1159.98
219800 1161.93
219900 1160.63
220000 1160.92
220100 1161.83
220200 1161.28
220300 1161.04
220400 1162.39
220500 1161.83
220600 1163.69
220700 1163.43
220800 1163.44
220900 1165.12
221000 1162.87
221100 1165.58
221200 1166.17
221300 1165.33
221400 1165.74
221500 1166.32
221600 1166.83
221700 1167.5
221800 1168.6
221900 1168.42
222000 1166.9
222100 1169.12
222200 1169.11
222300 1170.88
222400 1170.22
222500 1170.68
222600 1172.06
222700 1171.03
222800 1171.91
222900 1172.94
223000 1171.91
223100 1175.23
223200 1176.32
223300 1176.94
223400 1178.06
223500 1179.87
223600 1179.32
223700 1179.34
223800 1180.33
223900 1178.7
224000 1180.74
224100 1183.57
224200 1181.7
224300 1184.08
224400 1185.24
224500 1184.51
224600 1185.62
224700 1186.01
224800 1187.1
224900 1186.65
225000 1188.88
225100 1187.4
225200 1189.44
225300 1189.96
225400 1191.55
225500 1191.21
225600 1190.55
225700 1191.25
225800 1191.87
225900 1193.83
226000 1196.22
226100 1197.54
226200 1198.77
226300 1196.87
226400 1197.62
226500 1196.13
226600 1197.75
226700 1199.09
226800 1198.15
226900 1200.79
227000 1199.14
227100 1200.4
227200 1200.17
227300 1202.48
227400 1203.37
227500 1203.12
227600 1203.86
227700 1204.7
227800 1202.99
227900 1204.01
228000 1202.83
228100 1204.87
228200 1202.57
228300 1204.28
228400 1203.72
228500 1205.18
228600 1205.16
228700 1204.83
228800 1203.66
228900 1205.53
229000 1206.38
229100 1208.43
229200 1211.29
229300 1210.08
229400 1209.54
229500 1211.32
229600 1212.97
229700 1213.5
229800 1213.83
229900 1216.2
230000 1217.13
230100 1217.87
230200 1217.04
230300 1216.77
230400 1217.02
230500 1220.51
230600 1219.86
230700 1218.92
230800 1219.47
230900 1220.16
231000 1220.05
231100 1219.92
231200 1221.16
231300 1222.44
231400 1221.72
231500 1223.12
231600 1224.07
231700 1224.97
231800 1224.7
231900 1223.88
232000 1225.98
232100 1227.87
232200 1229.56
232300 1228.53
232400 1228.88
232500 1231.09
232600 1229.9
232700 1229.14
232800 1231.58
232900 1229.89
233000 1231.44
233100 1231.85
233200 1231.85
233300 1232.78
233400 1232.8
233500 1234.77
233600 1232.34
233700 1232.9
233800 1233.31
233900 1233.5
234000 1233.6
234100 1233.09
234200 1234.32
234300 1233.82
234400 1233.51
234500 1235.46
234600 1234.9
234700 1237.48
234800 1238.87
234900 1238.35
235000 1237.38
235100 1237.86
235200 1239.84
235300 1239.33
235400 1239.61
235500 1238.07
235600 1240.17
235700 1240.65
235800 1241.28
235900 1239.98
236000 1240.78
236100 1242
236200 1242.03
236300 1242.54
236400 1241.64
236500 1241.99
236600 1243.58
236700 1244.19
236800 1246.82
236900 1248.09
237000 1246.62
237100 1248.21
237200 1248.96
237300 1248.25
237400 1247.49
237500 1247.14
237600 1249.1
237700 1250.71
237800 1251.87
237900 1252.99
238000 1251.96
238100 1253.5
238200 1253.32
238300 1255.65
238400 1257.97
238500 1258.14
238600 1258.93
238700 1258.15
238800 1258.88
238900 1258.5
239000 1260.3
239100 1260.4
239200 1260.47
239300 1260.94
239400 1261.32
239500 1265.61
239600 1263.46
239700 1262.6
239800 1262.64
239900 1263.44
240000 1264.65
240100 1265.78
240200 1268.34
240300 1268.74
240400 1269.41
240500 1268.84
240600 1267.94
240700 1269.05
240800 1270.63
240900 1271.59
241000 1271.69
241100 1273.62
241200 1274.15
241300 1272.61
241400 1274.04
241500 1274.05
241600 1273.9
241700 1274.05
241800 1274.11
241900 1274.63
242000 1273.86
242100 1273.95
242200 1276.1
242300 1277.05
242400 1276.04
242500 1277.09
242600 1277.89
242700 1278.68
242800 1279.51
242900 1280.26
243000 1280.27
243100 1280.72
243200 1281.7
243300 1282.78
243400 1282.51
243500 1283.41
243600 1282.78
243700 1283.31
243800 1284.25
243900 1284.15
244000 1283.47
244100 1281.7
244200 1285.79
244300 1286.98
244400 1284.67
244500 1283.85
244600 1285.47
244700 1287.25
244800 1287.65
244900 1287.83
245000 1287.61
245100 1285.9
245200 1287.82
245300 1288.79
245400 1291.03
245500 1291.68
245600 1292.37
245700 1293.59
245800 1294.94
245900 1293.56
246000 1294.28
246100 1296.6
246200 1296.32
246300 1298.58
246400 1298.35
246500 1299.08
246600 1298.4
246700 1299.97
246800 1300.86
246900 1301.03
247000 1300.26
247100 1300.37
247200 1300.83
247300 1300.96
247400 1301.63
247500 1300.15
247600 1300.73
247700 1302.23
247800 1302.36
247900 1302.08
248000 1302.83
248100 1304.07
248200 1304.16
248300 1302.7
248400 1304.34
248500 1305.23
248600 1305.85
248700 1304.95
248800 1304.59
248900 1306.45
249000 1309.14
249100 1309.53
249200 1310.87
249300 1312.54
249400 1312.38
249500 1312.84
249600 1313.16
249700 1313.3
249800 1313.61
249900 1313.4
250000 1313.61
250100 1316.56
250200 1315.33
250300 1317.49
250400 1318.6
250500 1318.56
250600 1318.53
250700 1319.93
250800 1319.23
250900 1321.14
251000 1318.85
251100 1320.51
251200 1322.03
251300 1323.77
251400 1322.18
251500 1324.46
251600 1324.35
251700 1323.01
251800 1325.6
251900 1325.53
252000 1325
252100 1326.74
252200 1326.33
252300 1326.93
252400 1325.15
252500 1325.2
252600 1325.4
252700 1326.17
252800 1328.35
252900 1328.45
253000 1328.46
253100 1327.76
253200 1330.26
253300 1326.25
253400 1328.49
253500 1329.12
253600 1330.55
253700 1331.85
253800 1333.03
253900 1332.9
254000 1333.22
254100 1334.1
254200 1334.47
254300 1334.77
254400 1335.93
254500 1337.52
254600 1338.01
254700 1340.31
254800 1338.24
254900 1339.23
255000 1338.74
255100 1341.26
255200 1341.16
255300 1342.24
255400 1340.83
255500 1340.78
255600 1340.05
255700 1341.98
255800 1340.28
255900 1341.89
256000 1343.88
256100 1345.5
256200 1345.12
256300 1344.34
256400 1345
256500 1343.39
256600 1343.8
256700 1346.71
256800 1345.36
256900 1347.3
257000 1347.92
257100 1347.2
257200 1347.91
257300 1348.27
257400 1348.91
257500 1349.06
257600 1349.54
257700 1351.83
257800 1353.91
257900 1357.12
258000 1357.39
258100 1357.37
258200 1357.83
258300 1359.72
258400 1360.84
258500 1362.86
258600 1361.47
258700 1364
258800 1365.91
258900 1366.48
259000 1368.47
259100 1366.99
259200 1366.5
259300 1369.37
259400 1369.16
259500 1372.16
259600 1372.51
259700 1373.26
259800 1375.35
259900 1375.17
260000 1375.07
260100 1375.08
260200 1375.07
260300 1375.55
260400 1374.37
260500 1375.79
260600 1377.92
260700 1377
260800 1378.4
260900 1378.01
261000 1378.28
261100 1376.92
261200 1379.02
261300 1376.4
261400 1377.13
261500 1378.05
261600 1377
261700 1379.91
261800 1379.45
261900 1381.34
262000 1379.86
262100 1378.21
262200 1380.74
262300 1381.26
262400 1383.07
262500 1382.45
262600 1384.6
262700 1384.89
262800 1384.9
262900 1386.2
263000 1386.62
263100 1387.7
263200 1388.22
263300 1388.87
263400 1388.95
263500 1390.53
263600 1390.87
263700 1391.41
263800 1389.27
263900 1390.4
264000 1391.94
264100 1390.71
264200 1389.82
264300 1390.65
264400 1391.63
264500 1391.94
264600 1391.6
264700 1391.76
264800 1392.61
264900 1394.21
265000 1394.99
265100 1396.26
265200 1396.96
265300 1397.96
265400 1400.25
265500 1401.01
265600 1401.48
265700 1401.03
265800 1403.58
265900 1401.46
266000 1404.18
266100 1402.7
266200 1403.31
266300 1404.21
266400 1405.2
266500 1406.49
266600 1406.61
266700 1406.72
266800 1408.35
266900 1409.25
267000 1411.5
267100 1411
267200 1411.44
267300 1411
267400 1412.91
267500 1412.17
267600 1410.99
267700 1411.71
267800 1412.42
267900 1415.32
268000 1413.86
268100 1414.79
268200 1417.46
268300 1417.04
268400 1417.71
268500 1419.68
268600 1421.79
268700 1421.5
268800 1418.52
268900 1419.45
269000 1420.49
269100 1421.39
269200 1421.99
269300 1423.74
269400 1422.84
269500 1424.95
269600 1424.46
269700 1425.49
269800 1426.18
269900 1425.92
270000 1426.23
270100 1428.1
270200 1428.52
270300 1429.16
270400 1429.26
270500 1428.52
270600 1429.83
270700 1428.5
270800 1429.13
270900 1430.77
271000 1431.33
271100 1431.97
271200 1432.39
271300 1434.24
271400 1435.67
271500 1436.31
271600 1433.74
271700 1435.57
271800 1432.36
271900 1433.71
272000 1436.22
272100 1435.39
272200 1437.51
272300 1437.28
272400 1436.64
272500 1439.13
272600 1438.67
272700 1438.25
272800 1439.05
272900 1440.73
273000 1439.25
273100 1441.39
273200 1441.14
273300 1442.78
273400 1445.56
273500 1446.76
273600 1445.96
273700 1445.56
273800 1447.52
273900 1446.95
274000 1447.96
274100 1446.21
274200 1446.03
274300 1446.55
274400 1446.48
274500 1444.91
274600 1445.57
274700 1447.27
274800 1446.57
274900 1449.21
275000 1448.93
275100 1448.87
275200 1449.77
275300 1451.49
275400 1451.32
275500 1450.8
275600 1451.14
275700 1452.78
275800 1451.27
275900 1447.96
276000 1448.02
276100 1447.68
276200 1448.48
276300 1449.25
276400 1447.61
276500 1446.84
276600 1447.8
276700 1447.73
276800 1448.21
276900 1447.26
277000 1447.96
277100 1447.25
277200 1449.95
277300 1451.15
277400 1452.06
277500 1452.59
277600 1451.73
277700 1452
277800 1450.72
277900 1448.68
278000 1450.93
278100 1451.12
278200 1452.5
278300 1452.42
278400 1454.1
278500 1452.07
278600 1455.07
278700 1455.01
278800 1455.38
278900 1456.17
279000 1456.03
279100 1456.72
279200 1458.2
279300 1456.63
279400 1455.85
279500 1458.51
279600 1458.89
279700 1460.99
279800 1459.94
279900 1461.86
280000 1461.07
280100 1461.49
280200 1462.05
280300 1464.41
280400 1465.11
280500 1465.79
280600 1466.91
280700 1468.61
280800 1469.21
280900 1467.96
281000 1469.88
281100 1471.25
281200 1471.55
281300 1470.08
281400 1473.03
281500 1473.7
281600 1473.55
281700 1474.57
281800 1473.74
281900 1475.01
282000 1474.55
282100 1473.85
282200 1476.28
282300 1476.65
282400 1477.62
282500 1479.13
282600 1479.15
282700 1479.31
282800 1480.63
282900 1481.04
283000 1481.85
283100 1481.83
283200 1481.89
283300 1478.96
283400 1483.68
283500 1484.66
283600 1484.61
283700 1483.18
283800 1482.36
283900 1483.69
284000 1482.5
284100 1480.52
284200 1483.19
284300 1483.77
284400 1484.3
284500 1482.85
284600 1483.27
284700 1484.14
284800 1483.69
284900 1481.36
285000 1483.43
285100 1483.3
285200 1485.54
285300 1483.43
285400 1484.35
285500 1485.77
285600 1486.66
285700 1486.95
285800 1487.45
285900 1489.68
286000 1489.68
286100 1490.51
286200 1492.7
286300 1492.86
286400 1493.43
286500 1494.07
286600 1496.25
286700 1497.94
286800 1498.19
286900 1498.5
287000 1500.5
287100 1500.44
287200 1500.49
287300 1499.94
287400 1501.3
287500 1502.98
287600 1501.15
287700 1502.9
287800 1502.63
287900 1501.51
288000 1504.57
288100 1503.93
288200 1504.71
288300 1504.33
288400 1504.17
288500 1505.29
288600 1505.24
288700 1507.52
288800 1507.92
288900 1506.39
289000 1507.95
289100 1506.94
289200 1509.55
289300 1511.28
289400 1511.03
289500 1509.22
289600 1510.45
289700 1508.26
289800 1509.35
289900 1507.92
290000 1510.63
290100 1512.23
290200 1513.04
290300 1513.21
290400 1514.19
290500 1512.92
290600 1513.29
290700 1514.76
290800 1515.48
290900 1515.46
291000 1518.29
291100 1517.78
291200 1518.35
291300 1518.9
291400 1520.11
291500 1519.34
291600 1519.29
291700 1521.4
291800 1519.8
291900 1523.1
292000 1525.39
292100 1525.86
292200 1526.86
292300 1525.91
292400 1525.7
292500 1522.66
292600 1523.78
292700 1524.48
292800 1527.29
292900 1527.19
293000 1530.37
293100 1532.09
293200 1531.64
293300 1530.72
293400 1528.79
293500 1531.35
293600 1530.43
293700 1531.08
293800 1530.6
293900 1531.35
294000 1531.85
294100 1533.42
294200 1535.14
294300 1535.29
294400 1535.65
294500 1534.09
294600 1531.87
294700 1533.57
294800 1534.94
294900 1535.77
295000 1534.05
295100 1533.75
295200 1535.81
295300 1534.77
295400 1534.55
295500 1535.95
295600 1534.83
295700 1536.22
295800 1536.69
295900 1536.4
296000 1536.62
296100 1536.38
296200 1536.63
296300 1538.1
296400 1541.31
296500 1541.9
296600 1541.64
296700 1539.94
296800 1543.61
296900 1541.49
297000 1542.8
297100 1543.79
297200 1547.33
297300 1546.32
297400 1547.79
297500 1550.11
297600 1550.95
297700 1550.62
297800 1550.65
297900 1550.63
298000 1553
298100 1552.97
298200 1552.21
298300 1552.26
298400 1552.92
298500 1554.37
298600 1554.43
298700 1555.25
298800 1554.08
298900 1555.43
299000 1556.44
299100 1557.26
299200 1557.99
299300 1559.55
299400 1560.67
299500 1557.98
299600 1559.44
299700 1558.65
299800 1561.44
299900 1562.76
300000 1560.68
300100 1560.09
300200 1558.85
300300 1559.77
300400 1560.62
300500 1560.41
300600 1561.39
300700 1560.39
300800 1560.62
300900 1560.01
301000 1560
301100 1560.47
301200 1561.42
301300 1561.61
301400 1562.44
301500 1561.43
301600 1562.47
301700 1563.3
301800 1562.23
301900 1565.38
302000 1565.66
302100 1566.52
302200 1568.44
302300 1568.48
302400 1567.45
302500 1566.97
302600 1568.71
302700 1569.92
302800 1569.81
302900 1571.43
303000 1569.87
303100 1568.96
303200 1570.79
303300 1573.36
303400 1575.42
303500 1573.39
303600 1574.12
303700 1572.37
303800 1573.84
303900 1574.67
304000 1573.19
304100 1573.98
304200 1577.29
304300 1576.24
304400 1575.32
304500 1575.28
304600 1576.4
304700 1577.89
304800 1576.28
304900 1577.54
305000 1578.64
305100 1579.68
305200 1579.9
305300 1580.56
305400 1580.17
305500 1579.92
305600 1579.1
305700 1580.42
305800 1582.32
305900 1583.38
306000 1582.79
306100 1584.64
306200 1584.13
306300 1585.58
306400 1584.6
306500 1586.13
306600 1585.78
306700 1586.26
306800 1584.89
306900 1585.62
307000 1588.35
307100 1586
307200 1587.61
307300 1590.36
307400 1590.58
307500 1592.95
307600 1594.03
307700 1593.46
307800 1598.44
307900 1597.36
308000 1597.65
308100 1598.8
308200 1597.49
308300 1599.11
308400 1599.96
308500 1602.04
308600 1604.07
308700 1601.88
308800 1605.41
308900 1603.36
309000 1603.88
309100 1603.25
309200 1604.99
309300 1606.51
309400 1607.86
309500 1606.51
309600 1604.53
309700 1607.9
309800 1606.51
309900 1609.43
310000 1609.51
310100 1611.96
310200 1610.55
310300 1610.64
310400 1611.89
310500 1610.17
310600 1612.6
310700 1615.61
310800 1615.19
310900 1615.66
311000 1616.54
311100 1618.19
311200 1619.22
311300 1618.57
311400 1619.88
311500 1621.22
311600 1622.47
311700 1622.25
311800 1622.81
311900 1620.89
312000 1622.05
312100 1624.76
312200 1624.22
312300 1626.91
312400 1628.41
312500 1626.99
312600 1628.16
312700 1629.65
312800 1629.6
312900 1629.38
313000 1630.93
313100 1632.79
313200 1634.55
313300 1636.17
313400 1636.81
313500 1636.48
313600 1633.43
313700 1634.72
313800 1637.25
313900 1636.54
314000 1638.19
314100 1637.27
314200 1640.3
314300 1638.51
314400 1637.75
314500 1638.52
314600 1639.21
314700 1637.06
314800 1639.44
314900 1638.76
315000 1638.21
315100 1639.57
315200 1639.29
315300 1639.44
315400 1642.41
315500 1642.2
315600 1643.73
315700 1644.79
315800 1647.48
315900 1646.85
316000 1647.96
316100 1649.13
316200 1650.18
316300 1650.66
316400 1650.4
316500 1650.07
316600 1649.64
316700 1651.05
316800 1651.97
316900 1652.49
317000 1651.87
317100 1652.83
317200 1653.15
317300 1652.03
317400 1653.93
317500 1654.86
317600 1655.58
317700 1655.47
317800 1658.23
317900 1659.13
318000 1658.31
318100 1658.33
318200 1657.49
318300 1660.33
318400 1661.62
318500 1661.28
318600 1662.31
318700 1660.66
318800 1661.87
318900 1662.69
319000 1663.74
319100 1663.68
319200 1663.01
319300 1664.1
319400 1666.14
319500 1668.11
319600 1668.96
319700 1669.07
319800 1670.84
319900 1670.36
320000 1670.24
320100 1671.67
320200 1672.07
320300 1671.2
320400 1671.64
320500 1674.05
320600 1673.62
320700 1676.23
320800 1674.14
320900 1675.11
321000 1676.57
321100 1675.46
321200 1674.57
321300 1674.67
321400 1674.39
321500 1674.71
321600 1675.18
321700 1675.14
321800 1675.62
321900 1677.14
322000 1678.04
322100 1675.09
322200 1678.29
322300 1680.69
322400 1682.44
322500 1682.15
322600 1680.98
322700 1681.02
322800 1681.2
322900 1681.54
323000 1682.24
323100 1682.06
323200 1684.07
323300 1685.65
323400 1686.24
323500 1687.88
323600 1687.31
323700 1690.6
323800 1689.31
323900 1690.57
324000 1691.85
324100 1692.67
324200 1694.65
324300 1696.26
324400 1696.81
324500 1695.99
324600 1696.09
324700 1698.65
324800 1698.01
324900 1697.55
325000 1699.74
325100 1699.89
325200 1700.59
325300 1701.12
325400 1702.39
325500 1700.39
325600 1702.14
325700 1704.62
325800 1700.95
325900 1704.26
326000 1704.09
326100 1707.02
326200 1705.75
326300 1705.8
326400 1705.73
326500 1706.85
326600 1706.3
326700 1707.21
326800 1708.76
326900 1707.94
327000 1705.85
327100 1706.28
327200 1704.88
327300 1707.75
327400 1705.36
327500 1705.26
327600 1706.65
327700 1707.04
327800 1708.41
327900 1707.88
328000 1708.33
328100 1709.83
328200 1710.61
328300 1711.16
328400 1711.55
328500 1711.87
328600 1712.17
328700 1710.19
328800 1711.11
328900 1712.54
329000 1712.44
329100 1710.86
329200 1711.96
329300 1713.26
329400 1714.44
329500 1714.18
329600 1716.19
329700 1715.49
329800 1717.06
329900 1717.3
330000 1718.8
330100 1718.02
330200 1719.53
330300 1721.59
330400 1721.35
330500 1721.94
330600 1724.23
330700 1725.72
330800 1725.77
330900 1727.6
331000 1729.95
331100 1727.48
331200 1726.69
331300 1727.23
331400 1727.59
331500 1728.37
331600 1728.71
331700 1730.22
331800 1729.38
331900 1733.18
332000 1732.37
332100 1733.21
332200 1734.13
332300 1734.22
332400 1736.91
332500 1736.59
332600 1737.82
332700 1739.15
332800 1738.67
332900 1740.84
333000 1740.23
333100 1741.01
333200 1743.88
333300 1742.24
333400 1742.85
333500 1742.04
333600 1742.28
333700 1743.43
333800 1745.84
333900 1744.95
334000 1744.62
334100 1743.88
334200 1745.73
334300 1745
334400 1745.41
334500 1746.02
334600 1748.22
334700 1749.35
334800 1746.81
334900 1746.73
335000 1748.25
335100 1746.91
335200 1748.87
335300 1749.53
335400 1753.02
335500 1755.48
335600 1753.63
335700 1755.98
335800 1754.63
335900 1757.82
336000 1754.58
336100 1756.65
336200 1756.59
336300 1758.39
336400 1762.1
336500 1758.45
336600 1759.5
336700 1760.1
336800 1761.05
336900 1762.03
337000 1764.15
337100 1763.59
337200 1765.45
337300 1764.36
337400 1763.93
337500 1764.7
337600 1765.86
337700 1766.37
337800 1766.96
337900 1769.06
338000 1769.11
338100 1767.68
338200 1768.9
338300 1768.58
338400 1771.58
338500 1770.09
338600 1773.16
338700 1772.82
338800 1774.65
338900 1775.6
339000 1773.78
339100 1774.57
339200 1774.98
339300 1776.95
339400 1774.77
339500 1774.89
339600 1775.34
339700 1777.15
339800 1776.99
339900 1778.65
340000 1777.84
340100 1778.89
340200 1777.04
340300 1776.95
340400 1777.35
340500 1781.08
340600 1781.44
340700 1780.79
340800 1782.96
340900 1782.59
341000 1783.69
341100 1784.04
341200 1785.46
341300 1785.7
341400 1788.91
341500 1791.35
341600 1791.58
341700 1789.75
341800 1791.89
341900 1791.12
342000 1792.4
342100 1793.03
342200 1794.78
342300 1794.68
342400 1793.82
342500 1796.89
342600 1795.62
342700 1797.33
342800 1799.29
342900 1800.25
343000 1801.19
343100 1800.25
343200 1800.68
343300 1800.79
343400 1802.21
343500 1802.19
343600 1801.92
343700 1804.3
343800 1804.2
343900 1804.05
344000 1805.3
344100 1806.83
344200 1803.19
344300 1805.19
344400 1805.09
344500 1803.9
344600 1806.2
344700 1806.51
344800 1806.93
344900 1807.28
345000 1807.9
345100 1807.99
345200 1808.23
345300 1808.7
345400 1809.82
345500 1810.65
345600 1808.4
345700 1810.34
345800 1810.93
345900 1811.84
346000 1811.05
346100 1810.5
346200 1811.62
346300 1809.09
346400 1809.8
346500 1810.33
346600 1812.02
346700 1811.38
346800 1812.33
346900 1813.81
347000 1812.07
347100 1811.36
347200 1812.55
347300 1812.19
347400 1814.22
347500 1812.95
347600 1813.45
347700 1815.43
347800 1813.32
347900 1814.17
348000 1815.49
348100 1816.32
348200 1817.1
348300 1818.64
348400 1817.7
348500 1817.22
348600 1819.32
348700 1819.37
348800 1820.11
348900 1818.23
349000 1818.36
349100 1821.8
349200 1822.58
349300 1823.47
349400 1823.66
349500 1821.85
349600 1821.95
349700 1822.66
349800 1823.1
349900 1824.15
350000 1825.62
