# Time-averaged data for fix all_msd
# TimeStep c_msd1[4]
0 2.04939e-29
100 0.34522
200 0.610923
300 0.882926
400 1.11559
500 1.38679
600 1.69598
700 2.0008
800 2.37009
900 2.74592
1000 3.0051
1100 3.3497
1200 3.66297
1300 3.94763
1400 4.22636
1500 4.64082
1600 4.99311
1700 5.28458
1800 5.45037
1900 5.60326
2000 5.95207
2100 6.30161
2200 6.66158
2300 6.99331
2400 7.26969
2500 7.60271
2600 7.72309
2700 7.98845
2800 8.0491
2900 8.3218
3000 8.639
3100 8.82439
3200 9.20617
3300 9.4271
3400 9.74438
3500 9.95395
3600 10.103
3700 10.4924
3800 10.6797
3900 10.8411
4000 11.018
4100 11.2651
4200 11.3256
4300 11.7256
4400 12.0522
4500 12.3186
4600 12.5414
4700 12.7461
4800 13.2406
4900 13.3633
5000 13.5248
5100 13.8392
5200 13.9572
5300 14.2818
5400 14.4726
5500 14.5938
5600 14.9979
5700 15.0526
5800 15.2826
5900 15.7221
6000 16.1048
6100 16.215
6200 16.2723
6300 16.6412
6400 16.7876
6500 16.976
6600 17.0722
6700 17.4922
6800 17.7863
6900 18.1757
7000 18.1383
7100 18.4998
7200 18.6325
7300 18.7898
7400 18.9667
7500 19.1146
7600 19.4088
7700 19.6117
7800 19.9977
7900 20.323
8000 20.4563
8100 20.7297
8200 20.6466
8300 20.8523
8400 21.1521
8500 21.495
8600 21.165
8700 21.6314
8800 21.7315
8900 21.8111
9000 21.9059
9100 22.1632
9200 22.5443
9300 22.6373
9400 22.8076
9500 23.091
9600 23.4315
9700 23.7
9800 24.0892
9900 24.2298
10000 24.3942
10100 24.6522
10200 24.7053
10300 25.2664
10400 24.9893
10500 25.2125
10600 25.4908
10700 25.5099
10800 25.934
10900 26.1516
11000 26.7664
11100 26.9429
11200 26.8317
11300 27.1749
11400 27.4263
11500 28.1077
11600 28.1835
11700 28.6152
11800 28.7397
11900 29.0217
12000 29.3964
12100 29.7506
12200 29.6559
12300 29.8458
12400 30.1733
12500 30.4984
12600 30.7061
12700 30.6818
12800 30.8672
12900 31.1409
13000 31.6462
13100 31.7324
13200 32.0993
13300 32.341
13400 32.6598
13500 32.4968
13600 32.3808
13700 32.662
13800 33.1163
13900 33.3247
14000 33.8289
14100 34.0074
14200 34.3204
14300 34.8135
14400 34.9869
14500 35.2208
14600 35.4702
14700 35.6939
14800 35.7622
14900 36.0428
15000 36.2089
15100 36.2394
15200 36.8256
15300 37.2861
15400 37.7398
15500 37.5741
15600 37.7671
15700 37.863
15800 38.2194
15900 38.3891
16000 38.3587
16100 38.6886
16200 38.8733
16300 39.0304
16400 39.202
16500 39.78
16600 39.6535
16700 40.1223
16800 40.6334
16900 40.8608
17000 41.1428
17100 41.4202
17200 41.4467
17300 41.7434
17400 42.0091
17500 42.2992
17600 42.2494
17700 42.6986
17800 42.6013
17900 43.04
18000 43.1977
18100 43.4562
18200 43.5417
18300 43.7453
18400 44.1632
18500 44.5717
18600 44.601
18700 45.0818
18800 45.3034
18900 45.5086
19000 46.0088
19100 46.3699
19200 46.635
19300 47.0706
19400 47.0484
19500 47.0337
19600 47.5595
19700 47.7931
19800 47.7943
19900 48.0346
20000 48.2448
20100 48.4874
20200 48.7202
20300 48.7714
20400 48.8958
20500 49.3356
20600 49.7044
20700 50.1282
20800 50.5515
20900 51.2106
21000 51.6986
21100 51.7448
21200 51.917
21300 51.7783
21400 51.9481
21500 52.2641
21600 52.0203
21700 52.3737
21800 52.3944
21900 52.5623
22000 52.8902
22100 52.8396
22200 53.1947
22300 53.4779
22400 53.4962
22500 53.5244
22600 53.8734
22700 54.0694
22800 54.4054
22900 54.5161
23000 54.8643
23100 55.023
23200 55.3064
23300 55.391
23400 55.7373
23500 56.5052
23600 56.8246
23700 56.8102
23800 57.3469
23900 57.2668
24000 57.7609
24100 57.783
24200 58.2376
24300 58.2184
24400 58.8114
24500 59.2383
24600 59.4103
24700 59.6929
24800 59.6548
24900 60.352
25000 60.4755
25100 61.1172
25200 60.8088
25300 60.8928
25400 61.4311
25500 61.4904
25600 61.5546
25700 62.5117
25800 62.5919
25900 62.5379
26000 63.0178
26100 63.1072
26200 63.3436
26300 63.1849
26400 63.5201
26500 63.8725
26600 63.908
26700 63.8539
26800 64.3715
26900 64.8548
27000 64.8609
27100 64.9066
27200 65.2434
27300 65.8064
27400 66.0711
27500 66.1035
27600 66.2257
27700 66.3581
27800 66.3896
27900 66.6358
28000 66.4708
28100 66.8248
28200 67.3996
28300 67.8586
28400 68.1495
28500 67.9807
28600 68.5387
28700 68.6872
28800 68.8981
28900 68.7043
29000 69.2599
29100 69.6154
29200 69.5641
29300 70.1215
29400 70.3868
29500 70.6282
29600 70.5453
29700 71.0755
29800 71.1762
29900 71.3629
30000 71.185
30100 71.5505
30200 72.0774
30300 72.2695
30400 72.0993
30500 72.445
30600 72.8431
30700 72.758
30800 73.1964
30900 73.1746
31000 73.2606
31100 73.5048
31200 73.5584
31300 73.7953
31400 74.0476
31500 73.9372
31600 74.3338
31700 74.6851
31800 74.91
31900 75.3705
32000 75.3496
32100 76.121
32200 75.8919
32300 75.9845
32400 75.8946
32500 76.4634
32600 76.5446
32700 76.5361
32800 76.891
32900 77.3095
33000 76.9385
33100 77.1895
33200 77.7066
33300 77.5175
33400 77.8536
33500 77.9317
33600 78.2135
33700 79.0324
33800 79.2052
33900 79.4679
34000 79.3811
34100 79.5161
34200 79.83
34300 79.9929
34400 80.0335
34500 80.3923
34600 80.8232
34700 81.4233
34800 81.4177
34900 81.6731
35000 81.9127
35100 81.8526
35200 82.4657
35300 82.9868
35400 82.8174
35500 82.7714
35600 83.2694
35700 83.5646
35800 83.5056
35900 84.3584
36000 84.0647
36100 85.3142
36200 85.0144
36300 85.7273
36400 86.159
36500 86.141
36600 86.0499
36700 86.6756
36800 86.7716
36900 87.2411
37000 87.3845
37100 87.3509
37200 87.5914
37300 87.8033
37400 87.8674
37500 88.5289
37600 88.6928
37700 88.9009
37800 89.4158
37900 89.6907
38000 90.7119
38100 90.4251
38200 90.6063
38300 91.0642
38400 91.3147
38500 91.6702
38600 91.7812
38700 91.4316
38800 91.5248
38900 91.3343
39000 91.6989
39100 92.2585
39200 92.507
39300 92.8736
39400 92.9346
39500 93.2354
39600 93.3052
39700 93.547
39800 94.1229
39900 94.5085
40000 95.1112
40100 95.1532
40200 95.8288
40300 95.7499
40400 96.1582
40500 96.2096
40600 96.6441
40700 96.8402
40800 96.2878
40900 96.7176
41000 96.9378
41100 97.3296
41200 97.4068
41300 97.0242
41400 97.0788
41500 97.6164
41600 98.1728
41700 97.9477
41800 98.1804
41900 98.1209
42000 98.4916
42100 98.8577
42200 98.9371
42300 99.1154
42400 99.5392
42500 99.9012
42600 99.8092
42700 100.281
42800 100.952
42900 101.435
43000 101.421
43100 101.102
43200 101.479
43300 101.717
43400 101.719
43500 101.795
43600 101.539
43700 102.031
43800 102.942
43900 103.316
44000 103.886
44100 103.736
44200 104.226
44300 104.42
44400 105.071
44500 105.203
44600 105.58
44700 105.508
44800 105.71
44900 105.823
45000 106.15
45100 106.344
45200 106.587
45300 106.412
45400 106.898
45500 107.414
45600 107.852
45700 107.801
45800 107.773
45900 107.729
46000 108.233
46100 108.712
46200 108.511
46300 108.228
46400 109.336
46500 109.314
46600 109.322
46700 109.076
46800 108.888
46900 109.288
47000 109.426
47100 110.148
47200 110.255
47300 110.267
47400 110.311
47500 110.302
47600 110.635
47700 110.693
47800 111.272
47900 111.339
48000 111.502
48100 111.718
48200 112.294
48300 111.854
48400 111.876
48500 112.081
48600 112.625
48700 112.962
48800 113.093
48900 113.282
49000 113.831
49100 114.297
49200 114.392
49300 114.669
49400 114.926
49500 115.018
49600 115.227
49700 115.342
49800 115.514
49900 116.385
50000 115.827
50100 115.99
50200 116.034
50300 116.048
50400 117
50500 117.447
50600 117.166
50700 117.535
50800 117.502
50900 117.7
51000 118.221
51100 118.316
51200 118.586
51300 118.588
51400 119.025
51500 119.328
51600 119.34
51700 119.257
51800 119.443
51900 119.696
52000 120.457
52100 120.496
52200 120.41
52300 120.284
52400 120.639
52500 120.721
52600 121.278
52700 122.096
52800 122.22
52900 122.012
53000 122.226
53100 122.246
53200 122.378
53300 122.61
53400 123.337
53500 123.83
53600 123.617
53700 123.893
53800 125.209
53900 125.625
54000 125.792
54100 125.838
54200 126.049
54300 125.9
54400 126.174
54500 126.713
54600 127.134
54700 127.551
54800 127.091
54900 127.41
55000 127.81
55100 127.902
55200 128.205
55300 128.147
55400 128.75
55500 129.009
55600 129.477
55700 129.479
55800 129.617
55900 129.561
56000 129.764
56100 129.535
56200 129.721
56300 130.33
56400 130.431
56500 130.765
56600 130.998
56700 131.829
56800 131.319
56900 131.884
57000 132.541
57100 132.622
57200 132.421
57300 132.237
57400 132.212
57500 133.113
57600 133.456
57700 133.432
57800 133.362
57900 133.688
58000 133.707
58100 133.505
58200 133.876
58300 134.392
58400 135.044
58500 135.102
58600 135.055
58700 135.194
58800 135.997
58900 136.596
59000 136.752
59100 136.708
59200 136.588
59300 136.368
59400 137.103
59500 137.079
59600 136.978
59700 136.932
59800 137.026
59900 137.278
60000 137.332
60100 137.945
60200 138.19
60300 138.313
60400 138.083
60500 138.487
60600 138.827
60700 138.728
60800 138.576
60900 138.914
61000 139.37
61100 140.461
61200 140.301
61300 140.552
61400 140.658
61500 141.368
61600 141.038
61700 141.751
61800 141.884
61900 142.695
62000 142.973
62100 143.391
62200 143.466
62300 143.461
62400 143.985
62500 144.272
62600 144.711
62700 145.132
62800 145.067
62900 144.657
63000 144.923
63100 144.955
63200 145.577
63300 145.037
63400 146.244
63500 147.254
63600 147.066
63700 147.231
63800 147.662
63900 147.258
64000 147.806
64100 148.053
64200 148.308
64300 147.933
64400 148.512
64500 148.787
64600 149.413
64700 148.739
64800 149.228
64900 149.586
65000 149.794
65100 150.066
65200 150.023
65300 149.742
65400 150.436
65500 150.025
65600 150.513
65700 151.151
65800 150.797
65900 151.125
66000 151.077
66100 150.673
66200 151.056
66300 152.011
66400 151.728
66500 151.739
66600 151.682
66700 152.824
66800 152.828
66900 152.262
67000 153.205
67100 153.087
67200 153.388
67300 153.226
67400 153.699
67500 154.033
67600 154.346
67700 154.27
67800 154.372
67900 154.051
68000 154.529
68100 154.527
68200 154.744
68300 155.063
68400 155.219
68500 155.535
68600 155.689
68700 156.173
68800 157.012
68900 157.436
69000 157.225
69100 157.73
69200 157.328
69300 157.483
69400 157.765
69500 158.053
69600 158.156
69700 158.799
69800 159.071
69900 159.925
70000 160.309
70100 160
70200 159.962
70300 160.246
70400 161.532
70500 161.469
70600 161.477
70700 161.46
70800 161.633
70900 161.771
71000 161.969
71100 162.068
71200 162.295
71300 162.169
71400 162.339
71500 163.237
71600 162.77
71700 163.542
71800 163.187
71900 163.811
72000 163.369
72100 163.917
72200 164.173
72300 164.547
72400 164.299
72500 164.984
72600 165.268
72700 165.435
72800 166.077
72900 166.042
73000 166.547
73100 166.839
73200 166.338
73300 166.483
73400 167.153
73500 167.227
73600 167.47
73700 167.737
73800 167.77
73900 167.767
74000 168.703
74100 169.156
74200 168.81
74300 169.289
74400 169.129
74500 169.888
74600 170.154
74700 170.165
74800 170.887
74900 171.243
75000 171.269
75100 171.182
75200 171.537
75300 170.974
75400 171.459
75500 171.679
75600 173.058
75700 172.723
75800 173.053
75900 173.017
76000 173.326
76100 173.488
76200 173.301
76300 173.337
76400 173.067
76500 174.051
76600 174.281
76700 174.45
76800 174.261
76900 174.602
77000 175.35
77100 175.417
77200 176.529
77300 176.324
77400 175.93
77500 176.582
77600 176.612
77700 176.871
77800 177.049
77900 177.213
78000 178.197
78100 177.904
78200 178.861
78300 179.011
78400 179.313
78500 179.361
78600 179.767
78700 180.538
78800 180.667
78900 180.683
79000 180.7
79100 180.691
79200 180.887
79300 180.183
79400 181.156
79500 181.209
79600 181.533
79700 181.658
79800 181.712
79900 182.268
80000 182.455
80100 182.243
80200 182.802
80300 183.008
80400 183.759
80500 183.785
80600 184.05
80700 184.591
80800 184.608
80900 184.154
81000 184.769
81100 184.811
81200 185.003
81300 185.306
81400 185.475
81500 185.668
81600 186.271
81700 186.119
81800 186.955
81900 186.566
82000 186.516
82100 186.608
82200 187.268
82300 187.278
82400 187.016
82500 187.592
82600 187.254
82700 188.158
82800 188.265
82900 188.423
83000 188.68
83100 188.876
83200 189.209
83300 189.855
83400 190.167
83500 190.265
83600 190.274
83700 190.732
83800 190.971
83900 191.209
84000 190.912
84100 190.834
84200 191.374
84300 192.075
84400 191.995
84500 191.947
84600 192.269
84700 192.879
84800 193.013
84900 193.127
85000 192.881
85100 193.458
85200 193.733
85300 194.086
85400 194.502
85500 194.587
85600 195.146
85700 195.991
85800 196.504
85900 196.655
86000 196.025
86100 197.303
86200 196.916
86300 197.514
86400 198.113
86500 197.947
86600 197.746
86700 198.959
86800 198.874
86900 198.625
87000 199.212
87100 199.552
87200 200.549
87300 200.445
87400 201.564
87500 201.804
87600 202.588
87700 202.813
87800 203.094
87900 202.935
88000 202.803
88100 202.918
88200 204.205
88300 204.149
88400 204.131
88500 204.579
88600 204.829
88700 205.063
88800 205.283
88900 205.507
89000 206.239
89100 206.171
89200 206.429
89300 205.872
89400 206.189
89500 206.864
89600 207.421
89700 207.271
89800 207.401
89900 207.561
90000 207.405
90100 208.041
90200 207.533
90300 207.882
90400 208.492
90500 208.68
90600 209.666
90700 209.721
90800 209.018
90900 209.67
91000 209.421
91100 210.378
91200 210.319
91300 210.875
91400 211.014
91500 211.548
91600 211.56
91700 211.167
91800 211.655
91900 210.774
92000 211.299
92100 212.068
92200 211.975
92300 212.537
92400 212.563
92500 212.114
92600 213.063
92700 213.241
92800 213.568
92900 213.232
93000 213.678
93100 213.582
93200 214.115
93300 214.094
93400 213.876
93500 214.365
93600 214.362
93700 215.161
93800 214.637
93900 215.654
94000 215.266
94100 215.692
94200 215.732
94300 215.278
94400 216.234
94500 216.428
94600 216.998
94700 216.846
94800 217.872
94900 218.725
95000 219.426
95100 218.76
95200 218.273
95300 218.616
95400 218.771
95500 218.857
95600 219.384
95700 219.624
95800 219.35
95900 220.129
96000 219.174
96100 220.419
96200 220.794
96300 220.642
96400 220.477
96500 221.153
96600 221.814
96700 221.757
96800 222.192
96900 222.669
97000 222.515
97100 222.528
97200 222.637
97300 223.679
97400 224.157
97500 224.771
97600 224.452
97700 225.021
97800 224.313
97900 225.88
98000 225.52
98100 226.65
98200 227.129
98300 227.538
98400 227.991
98500 228.571
98600 228.512
98700 228.153
98800 228.479
98900 228.359
99000 228.762
99100 228.645
99200 228.121
99300 228.929
99400 228.542
99500 228.955
99600 229.105
99700 229.659
99800 229.932
99900 230.559
100000 230.52
100100 230.047
100200 231.69
100300 231.909
100400 231.769
100500 231.94
100600 231.392
100700 233.074
100800 232.707
100900 233.828
101000 234.27
101100 234.716
101200 235.156
101300 235.05
101400 234.921
101500 235.828
101600 236.229
101700 235.647
101800 236.091
101900 236.281
102000 236.546
102100 236.777
102200 237.479
102300 237.903
102400 237.745
102500 238.297
102600 238.643
102700 238.741
102800 238.321
102900 239.515
103000 239.062
103100 238.845
103200 239.741
103300 239.073
103400 240.034
103500 239.939
103600 239.83
103700 239.938
103800 239.741
103900 240.283
104000 239.995
104100 241.133
104200 241.404
104300 241.202
104400 241.726
104500 241.728
104600 242.268
104700 242.178
104800 242.448
104900 242.174
105000 242.9
105100 243.342
105200 243.221
105300 244.71
105400 244.556
105500 244.446
105600 244.633
105700 244.392
105800 245.315
105900 245.654
106000 246.325
106100 247.02
106200 247.188
106300 247.291
106400 246.189
106500 247.801
106600 247.883
106700 247.618
106800 248.2
106900 249.028
107000 249.272
107100 249.786
107200 250.267
107300 251.003
107400 250.142
107500 250.4
107600 250.543
107700 250.917
107800 251.372
107900 251.338
108000 251.033
108100 251.033
108200 251.455
108300 251.601
108400 251.357
108500 252.792
108600 252.581
108700 253.115
108800 253.024
108900 253.469
109000 253.381
109100 254.146
109200 253.226
109300 253.699
109400 255.108
109500 255.37
109600 256.478
109700 256.195
109800 256.404
109900 255.943
110000 256.19
110100 255.487
110200 256.684
110300 256.259
110400 256.172
110500 256.428
110600 257.292
110700 257.372
110800 257.963
110900 257.691
111000 257.663
111100 258.599
111200 258.129
111300 259.114
111400 259.193
111500 259.568
111600 259.703
111700 259.838
111800 259.729
111900 259.915
112000 260.538
112100 259.778
112200 260.169
112300 260.552
112400 261.788
112500 261.478
112600 262.459
112700 262.42
112800 263.441
112900 262.641
113000 262.586
113100 262.869
113200 262.66
113300 263.325
113400 263.092
113500 263.907
113600 263.783
113700 264.713
113800 264.615
113900 264.982
114000 264.824
114100 265.802
114200 265.799
114300 266.204
114400 266.343
114500 266.743
114600 267.187
114700 267.344
114800 267.644
114900 267.306
115000 267.404
115100 268.421
115200 268.435
115300 268.193
115400 268.729
115500 269.01
115600 268.315
115700 269.116
115800 268.955
115900 269.36
116000 269.68
116100 270.395
116200 269.769
116300 270.064
116400 270.151
116500 270.333
116600 269.82
116700 271.843
116800 271.906
116900 272.666
117000 272.763
117100 272.527
117200 272.933
117300 273.42
117400 274.031
117500 273.879
117600 273.938
117700 273.555
117800 274.461
117900 275.798
118000 275.108
118100 275.356
118200 275.206
118300 275.663
118400 275.418
118500 276.181
118600 276.207
118700 276.267
118800 276.297
118900 276.124
119000 276.515
119100 277.09
119200 276.78
119300 277.478
119400 277.946
119500 279.111
119600 279.323
119700 279.349
119800 278.43
119900 279.258
120000 278.755
120100 279.606
120200 278.919
120300 279.056
120400 279.293
120500 280.36
120600 279.637
120700 280.75
120800 280.457
120900 280.147
121000 281.347
121100 280.858
121200 281.992
121300 282.137
121400 282.929
121500 282.374
121600 283.056
121700 283.49
121800 283.927
121900 284.655
122000 284.176
122100 284.783
122200 285
122300 284.792
122400 284.954
122500 285.195
122600 285.925
122700 285.666
122800 286.596
122900 286.516
123000 286.367
123100 286.592
123200 286.988
123300 286.519
123400 286.934
123500 287.703
123600 287.487
123700 287.621
123800 287.738
123900 287.31
124000 288.701
124100 288.124
124200 288.207
124300 288.393
124400 288.502
124500 288.321
124600 288.835
124700 289.117
124800 288.781
124900 289.591
125000 289.914
125100 289.757
125200 289.167
125300 289.291
125400 290.154
125500 289.569
125600 290.499
125700 290.759
125800 290.524
125900 290.894
126000 291.149
126100 292.324
126200 291.814
126300 291.719
126400 292.175
126500 292.046
126600 292.721
126700 292.758
126800 293.829
126900 293.208
127000 293.083
127100 294.195
127200 294.004
127300 294.685
127400 294.086
127500 294.783
127600 295.274
127700 295.427
127800 296.006
127900 296.727
128000 296.997
128100 297.757
128200 298.09
128300 298.294
128400 297.831
128500 299.264
128600 299.688
128700 299.418
128800 299.872
128900 299.316
129000 299.414
129100 299.99
129200 299.901
129300 300.8
129400 300.386
129500 300.764
129600 300.873
129700 301.987
129800 302.164
129900 301.667
130000 301.298
130100 302.302
130200 302.924
130300 303.313
130400 302.805
130500 302.505
130600 302.799
130700 303.31
130800 303.5
130900 303.004
131000 303.591
131100 303.195
131200 304.138
131300 304.609
131400 304.519
131500 304.636
131600 305.397
131700 305.772
131800 305.869
131900 305.954
132000 305.976
132100 306.401
132200 306.69
132300 306.242
132400 307.224
132500 307.369
132600 308.332
132700 308.554
132800 307.459
132900 308.1
133000 307.809
133100 308.105
133200 308.67
133300 308.467
133400 308.597
133500 308.339
133600 308.623
133700 309.271
133800 309.478
133900 309.478
134000 309.535
134100 310.369
134200 311.542
134300 311.409
134400 310.933
134500 311.07
134600 311.654
134700 310.929
134800 311.074
134900 312.387
135000 311.978
135100 312.538
135200 312.787
135300 313.263
135400 314.107
135500 314.364
135600 314.45
135700 314.687
135800 314.703
135900 315.203
136000 316.405
136100 316.373
136200 315.975
136300 315.402
136400 316.3
136500 316.938
136600 317.11
136700 317.433
136800 317.28
136900 317.871
137000 317.658
137100 318.592
137200 319.214
137300 318.921
137400 318.894
137500 319.426
137600 319.69
137700 320.371
137800 320.785
137900 320.552
138000 320.629
138100 320.922
138200 321.823
138300 321.722
138400 322.418
138500 322.678
138600 322.175
138700 322.247
138800 321.864
138900 322.206
139000 321.984
139100 322.59
139200 321.993
139300 322.735
139400 322.634
139500 323.781
139600 323.822
139700 324.283
139800 324.942
139900 324.936
140000 325.359
140100 325.702
140200 325.465
140300 326
140400 326.665
140500 326.807
140600 327.454
140700 327.781
140800 327.975
140900 328.6
141000 328.839
141100 329.705
141200 329.065
141300 329.36
141400 329.44
141500 330.192
141600 329.374
141700 329.849
141800 330.176
141900 330.754
142000 330.823
142100 330.66
142200 331.045
142300 331.015
142400 331.62
142500 332.164
142600 332.621
142700 332.675
142800 332.79
142900 332.769
143000 333.2
143100 332.56
143200 333.23
143300 333.804
143400 333.889
143500 334.201
143600 334.409
143700 334.395
143800 334.022
143900 334.601
144000 334.235
144100 334.346
144200 335.303
144300 335.851
144400 336.286
144500 336.388
144600 336.604
144700 336.944
144800 337.59
144900 337.635
145000 337.406
145100 337.005
145200 336.923
145300 337.287
145400 337.557
145500 338.506
145600 338.819
145700 339.084
145800 338.806
145900 339.507
146000 339.766
146100 339.658
146200 339.659
146300 340.382
146400 340.526
146500 341.394
146600 341.095
146700 342.464
146800 342.044
146900 343.135
147000 342.971
147100 342.482
147200 343.194
147300 343.362
147400 343.612
147500 343.565
147600 343.513
147700 343.69
147800 343.183
147900 343.596
148000 344.929
148100 344.183
148200 344.829
148300 343.503
148400 345.442
148500 345.419
148600 345.31
148700 345.401
148800 345.146
148900 346.542
149000 347.047
149100 346.862
149200 346.848
149300 347.26
149400 348.512
149500 349.327
149600 348.93
149700 349.454
149800 349.403
149900 349.343
150000 349.576
150100 348.208
150200 348.207
150300 348.595
150400 348.74
150500 348.867
150600 348.633
150700 349.847
150800 349.5
150900 349.949
151000 349.964
151100 350.306
151200 350.641
151300 350.52
151400 351.679
151500 351.805
151600 352.226
151700 353.26
151800 352.759
151900 353.704
152000 353.509
152100 353.416
152200 353.096
152300 353.391
152400 352.83
152500 353.694
152600 353.447
152700 353.165
152800 353.651
152900 354.022
153000 353.921
153100 354.499
153200 355.206
153300 354.642
153400 354.927
153500 355.302
153600 355
153700 354.521
153800 355.267
153900 355.258
154000 356.549
154100 355.796
154200 355.262
154300 355.91
154400 356.153
154500 357.277
154600 357.61
154700 356.762
154800 356.763
154900 358.011
155000 358.32
155100 357.468
155200 358.157
155300 358.391
155400 358.117
155500 358.424
155600 358.926
155700 359.25
155800 359.225
155900 359.741
156000 360.416
156100 359.489
156200 360.065
156300 360.308
156400 360.674
156500 360.581
156600 359.521
156700 360.347
156800 360.363
156900 360.196
157000 360.215
157100 359.814
157200 361.641
157300 361.738
157400 361.656
157500 362.25
157600 362.65
157700 362.984
157800 363.732
157900 363.952
158000 364.596
158100 365.2
158200 365.287
158300 365.849
158400 366.11
158500 366.114
158600 366.432
158700 366.591
158800 367.771
158900 368.337
159000 367.978
159100 368.082
159200 369.334
159300 369.324
159400 369.069
159500 369.216
159600 368.845
159700 368.797
159800 369.493
159900 369.349
160000 369.45
160100 370.711
160200 370.538
160300 370.75
160400 371.04
160500 371.463
160600 370.758
160700 371.484
160800 372.304
160900 372.913
161000 372.675
161100 375.2
161200 374.565
161300 374.66
161400 374.904
161500 374.697
161600 375.787
161700 376.196
161800 376.859
161900 377.249
162000 378.152
162100 378.748
162200 378.416
162300 378.799
162400 378.875
162500 379.318
162600 378.969
162700 379.791
162800 380.375
162900 380.291
163000 380.325
163100 380.385
163200 380.834
163300 380.579
163400 381.205
163500 380.468
163600 380.315
163700 379.921
163800 380.053
163900 380.992
164000 380.517
164100 381.106
164200 382.015
164300 382.249
164400 382.466
164500 381.951
164600 381.973
164700 382.484
164800 383.04
164900 382.882
165000 382.152
165100 382.174
165200 382.552
165300 383.526
165400 384.023
165500 383.954
165600 384.73
165700 384.504
165800 385.671
165900 384.862
166000 384.511
166100 384.568
166200 384.612
166300 385.475
166400 386.087
166500 386.784
166600 386.676
166700 386.875
166800 387.198
166900 387.24
167000 387.408
167100 388.247
167200 387.622
167300 387.75
167400 387.921
167500 388.3
167600 388.376
167700 388.909
167800 389.893
167900 388.978
168000 390.319
168100 390.096
168200 390.202
168300 390.364
168400 390.486
168500 390.862
168600 390.978
168700 389.698
168800 391.101
168900 391.018
169000 391.446
169100 391.888
169200 391.965
169300 392.422
169400 392.489
169500 393.144
169600 391.799
169700 392.318
169800 392.618
169900 393.057
170000 393.148
170100 393.306
170200 393.924
170300 393.318
170400 395.594
170500 395.024
170600 394.837
170700 396.014
170800 396.655
170900 394.709
171000 395.323
171100 395.559
171200 395.713
171300 396.511
171400 397.238
171500 397.447
171600 397.392
171700 396.775
171800 397.624
171900 397.758
172000 398.119
172100 398.641
172200 398.865
172300 398.292
172400 398.836
172500 399.09
172600 399.008
172700 398.347
172800 398.178
172900 398.236
173000 398.848
173100 398.809
173200 397.774
173300 397.552
173400 397.124
173500 397.878
173600 398.178
173700 399.516
173800 400.254
173900 400.408
174000 401.14
174100 401.194
174200 401.523
174300 401.021
174400 401.477
174500 400.513
174600 400.917
174700 401.866
174800 401.765
174900 402.003
175000 402.126
175100 402.438
175200 402.031
175300 402.261
175400 402.341
175500 402.657
175600 403.652
175700 403.075
175800 403.339
175900 403.692
176000 402.345
176100 402.802
176200 404.611
176300 404.496
176400 403.845
176500 403.882
176600 404.235
176700 404.881
176800 404.591
176900 405.472
177000 404.795
177100 406.383
177200 406.111
177300 406.865
177400 407.085
177500 407.677
177600 407.926
177700 407.988
177800 408.483
177900 409.054
178000 409.129
178100 408.623
178200 408.76
178300 408.48
178400 408.196
178500 409.297
178600 410.022
178700 409.502
178800 410.048
178900 410.632
179000 411.637
179100 412.04
179200 412.515
179300 412.334
179400 413.102
179500 412.855
179600 414.075
179700 414.374
179800 415.327
179900 413.995
180000 413.976
180100 415.058
180200 414.647
180300 415.558
180400 416.099
180500 416.708
180600 416.851
180700 416.923
180800 416.831
180900 417.107
181000 417.811
181100 418.117
181200 418.106
181300 418.988
181400 419.758
181500 419.742
181600 420.237
181700 419.104
181800 418.998
181900 418.955
182000 420.368
182100 421.104
182200 421.954
182300 421.85
182400 422.023
182500 422.289
182600 421.344
182700 421.476
182800 422.915
182900 422.546
183000 421.934
183100 421.637
183200 421.581
183300 421.616
183400 421.733
183500 422.784
183600 424.1
183700 423.844
183800 424.316
183900 424.604
184000 424.014
184100 423.978
184200 424.684
184300 425.799
184400 425.251
184500 425.165
184600 424.833
184700 425.472
184800 424.868
184900 424.811
185000 426.145
185100 426.636
185200 427.276
185300 427.154
185400 427
185500 427.411
185600 427.196
185700 427.548
185800 428.088
185900 428.705
186000 429.633
186100 429.14
186200 429.603
186300 429.806
186400 430.608
186500 429.953
186600 429.836
186700 430.986
186800 430.388
186900 430.628
187000 431.361
187100 431.02
187200 430.671
187300 432.046
187400 430.75
187500 431.632
187600 431.221
187700 432.275
187800 432.946
187900 431.83
188000 431.938
188100 432.411
188200 432.891
188300 432.593
188400 431.741
188500 432.394
188600 432.782
188700 432.783
188800 433.28
188900 434.654
189000 434.79
189100 436.035
189200 435.662
189300 435.953
189400 435.599
189500 435.729
189600 435.694
189700 435.934
189800 436.888
189900 438.024
190000 437.414
190100 438.529
190200 439.071
190300 438.73
190400 439.105
190500 438.543
190600 438.708
190700 438.484
190800 439.972
190900 439.81
191000 440.267
191100 440.625
191200 441.035
191300 441.523
191400 442.226
191500 442.008
191600 442.413
191700 442.456
191800 442.035
191900 441.867
192000 442.601
192100 442.973
192200 443.231
192300 443.318
192400 443.468
192500 444.31
192600 444.89
192700 445.571
192800 444.324
192900 443.902
193000 444.341
193100 443.835
193200 444.925
193300 445.384
193400 445.902
193500 446.417
193600 446.777
193700 446.804
193800 446.75
193900 446.918
194000 447.371
194100 447.852
194200 447.479
194300 447.661
194400 448.507
194500 448.549
194600 449.412
194700 448.741
194800 448.633
194900 449.893
195000 451.14
195100 451.137
195200 452.03
195300 452.567
195400 452.002
195500 452.138
195600 452.065
195700 452.648
195800 453.212
195900 452.626
196000 453.925
196100 453.689
196200 453.786
196300 454.525
196400 455.369
196500 455.85
196600 456.345
196700 455.816
196800 456.205
196900 456.359
197000 457.461
197100 457.008
197200 457.508
197300 457.239
197400 457.926
197500 458.333
197600 457.336
197700 457.484
197800 458.639
197900 458.912
198000 458.301
198100 458.58
198200 459.033
198300 460.03
198400 460.748
198500 460.747
198600 460.502
198700 460.1
198800 460.408
198900 460.528
199000 461.133
199100 461.016
199200 460.939
199300 460.721
199400 460.552
199500 460.323
199600 460.264
199700 460.656
199800 461.145
199900 461.315
200000 461.124
200100 460.748
200200 461.575
200300 461.542
200400 461.339
200500 460.864
200600 460.766
200700 461.932
200800 462.712
200900 462.914
201000 463.773
201100 463.662
201200 463.243
201300 463.964
201400 463.494
201500 463.988
201600 464.46
201700 464.029
201800 465.287
201900 466.259
202000 467.131
202100 466.205
202200 467.606
202300 467.993
202400 467.43
202500 467.705
202600 467.834
202700 468.461
202800 468.329
202900 468.674
203000 469.285
203100 468.276
203200 467.989
203300 468.499
203400 468.67
203500 468.127
203600 468.799
203700 468.512
203800 469.474
203900 469.275
204000 470.116
204100 470.59
204200 470.772
204300 470.529
204400 470.575
204500 470.538
204600 471.639
204700 471.575
204800 471.791
204900 472.385
205000 472.411
205100 472.434
205200 473.097
205300 473.449
205400 472.67
205500 472.075
205600 472.06
205700 473.045
205800 473.719
205900 474.369
206000 474.281
206100 476.398
206200 475.835
206300 476.503
206400 476.968
206500 477.263
206600 477
206700 477.113
206800 477.351
206900 478.28
207000 478.206
207100 479.452
207200 477.54
207300 478.178
207400 478.784
207500 478.884
207600 478.814
207700 479.591
207800 479.905
207900 479.544
208000 479.779
208100 481.039
208200 480.102
208300 481.924
208400 480.951
208500 481.606
208600 480.852
208700 482.133
208800 482.632
208900 482.82
209000 482.512
209100 481.99
209200 482.99
209300 483.091
209400 481.919
209500 482.81
209600 483.549
209700 483.91
209800 483.731
209900 484.045
210000 483.949
210100 484.927
210200 485.29
210300 485.966
210400 486.678
210500 486.4
210600 486.026
210700 486.6
210800 487.035
210900 486.862
211000 486.306
211100 486.967
211200 487.137
211300 488.003
211400 489.265
211500 489.038
211600 488.15
211700 489.351
211800 489.266
211900 489.9
212000 489.287
212100 489.033
212200 489.471
212300 488.844
212400 489.539
212500 489.308
212600 488.807
212700 488.959
212800 488.664
212900 488.594
213000 489.852
213100 490.152
213200 489.719
213300 490.587
213400 490.341
213500 491.74
213600 492.851
213700 492.398
213800 491.491
213900 492.266
214000 491.899
214100 491.667
214200 491.638
214300 491.529
214400 492.21
214500 491.718
214600 492.521
214700 492.313
214800 492.291
214900 492.09
215000 493.129
215100 493.376
215200 494.044
215300 493.95
215400 493.781
215500 493.501
215600 493.735
215700 494.744
215800 495.73
215900 495.702
216000 495.85
216100 495.635
216200 495.732
216300 495.245
216400 495.399
216500 495.841
216600 495.795
216700 496.714
216800 495.735
216900 495.295
217000 496.309
217100 495.919
217200 496.976
217300 497.1
217400 497.783
217500 497.18
217600 497.299
217700 497.248
217800 497.861
217900 498.145
218000 497.434
218100 498.765
218200 499.147
218300 498.933
218400 500.108
218500 500.608
218600 500.928
218700 500.151
218800 499.607
218900 500.478
219000 500.765
219100 500.59
219200 501.503
219300 501.839
219400 502.254
219500 501.947
219600 501.449
219700 502.465
219800 502.274
219900 502.031
220000 502.096
220100 503.784
220200 503.291
220300 504.085
220400 504.344
220500 504.647
220600 504.27
220700 504.789
220800 504.989
220900 504.834
221000 504.069
221100 504.39
221200 504.655
221300 504.586
221400 504.094
221500 503.809
221600 504.419
221700 504.582
221800 505.563
221900 504.797
222000 506.059
222100 505.498
222200 505.738
222300 506.27
222400 507.543
222500 507.194
222600 507.894
222700 508.002
222800 508.171
222900 508.351
223000 508.471
223100 509.279
223200 509.131
223300 508.981
223400 510.358
223500 510.191
223600 510.321
223700 509.214
223800 511.046
223900 511.316
224000 510.472
224100 511.093
224200 511.525
224300 511.978
224400 511.194
224500 511.351
224600 511.976
224700 512.059
224800 512.138
224900 511.846
225000 512.708
225100 513.924
225200 515.375
225300 514.101
225400 514.425
225500 514.558
225600 515.409
225700 515.879
225800 516.566
225900 515.667
226000 517.259
226100 516.043
226200 517.287
226300 515.936
226400 516.327
226500 517.561
226600 518.107
226700 518.17
226800 518.32
226900 518.243
227000 518.363
227100 518.59
227200 519.233
227300 520.135
227400 519.435
227500 520.367
227600 519.241
227700 519.169
227800 520.634
227900 521.266
228000 521.255
228100 521.487
228200 521.842
228300 522.008
228400 523.162
228500 523.367
228600 522.866
228700 523.509
228800 523.6
228900 523.565
229000 523.563
229100 522.835
229200 523.498
229300 523.191
229400 523.824
229500 523.863
229600 525.468
229700 524.822
229800 525.033
229900 526.084
230000 525.543
230100 525.617
230200 526.902
230300 527.004
230400 526.632
230500 526.63
230600 527.627
230700 527.692
230800 528.048
230900 528.728
231000 529.559
231100 529.002
231200 528.897
231300 529.062
231400 529.969
231500 529.992
231600 530.027
231700 531.078
231800 532.516
231900 531.772
232000 531.136
232100 531.071
232200 530.652
232300 531.746
232400 532.471
232500 531.841
232600 531.822
232700 532.322
232800 534.083
232900 533.622
233000 532.989
233100 532.91
233200 532.871
233300 534.337
233400 535.587
233500 535.34
233600 535.892
233700 536.21
233800 535.627
233900 536.289
234000 536.331
234100 535.837
234200 536.15
234300 536.337
234400 535.22
234500 535.879
234600 535.554
234700 536.589
234800 535.419
234900 536.158
235000 535.303
235100 536.596
235200 536.828
235300 537.457
235400 538.235
235500 538.055
235600 538.403
235700 538.722
235800 538.067
235900 538.528
236000 538.296
236100 539.524
236200 539.559
236300 539.077
236400 539.607
236500 540.558
236600 540.738
236700 539.666
236800 540.05
236900 540.182
237000 540.432
237100 541.451
237200 542.217
237300 542.07
237400 543.071
237500 543.436
237600 543.711
237700 542.473
237800 543.75
237900 544.116
238000 544.363
238100 543.83
238200 545.355
238300 544.63
238400 544.763
238500 545.164
238600 545.843
238700 547.05
238800 546.784
238900 545.902
239000 546.098
239100 545.75
239200 546.279
239300 546.695
239400 546.569
239500 547.104
239600 547.585
239700 548.495
239800 548.526
239900 549.074
240000 548.996
240100 549.69
240200 549.227
240300 549.503
240400 549.357
240500 549.2
240600 549.048
240700 550.514
240800 549.631
240900 550.491
241000 550.623
241100 550.323
241200 550.798
241300 550.366
241400 552.151
241500 551.16
241600 551.684
241700 552.461
241800 551.289
241900 551.951
242000 552.943
242100 552.074
242200 552.574
242300 552.72
242400 553.274
242500 554.698
242600 554.173
242700 554.897
242800 555.128
242900 555.192
243000 556.141
243100 557.841
243200 557.634
243300 559.117
243400 558.078
243500 557.905
243600 558.543
243700 558.64
243800 559.094
243900 558.755
244000 559.168
244100 561.06
244200 560.54
244300 559.906
244400 560.417
244500 561.223
244600 561.354
244700 562.48
244800 562.816
244900 563.514
245000 562.079
245100 563.019
245200 562.326
245300 563.339
245400 563.413
245500 564.522
245600 564.845
245700 566.442
245800 565.589
245900 565.198
246000 566.045
246100 565.685
246200 566.052
246300 565.743
246400 567.42
246500 567.346
246600 567.665
246700 567.406
246800 568.264
246900 567.825
247000 569.123
247100 569.292
247200 569.539
247300 569.735
247400 569.732
247500 569.828
247600 570.936
247700 571.122
247800 570.781
247900 572.658
248000 572.531
248100 572.077
248200 572.514
248300 572.733
248400 573.746
248500 574.385
248600 574.822
248700 574.532
248800 573.634
248900 574.86
249000 574.521
249100 574.456
249200 574.603
249300 575.153
249400 575.615
249500 575.253
249600 575.499
249700 576.686
249800 576.936
249900 577.636
250000 578.498
250100 579.066
250200 578.574
250300 577.337
250400 578.292
250500 579.611
250600 577.797
250700 580.11
250800 581.291
250900 580.91
251000 581.424
251100 581.102
251200 580.981
251300 582.248
251400 581.925
251500 581.871
251600 581.624
251700 582.047
251800 583.493
251900 583.643
252000 582.831
252100 582.572
252200 582.568
252300 583.03
252400 582.421
252500 583.251
252600 583.237
252700 583.332
252800 581.876
252900 583.213
253000 583.781
253100 584.13
253200 583.232
253300 583.126
253400 582.871
253500 583.621
253600 583.129
253700 584.155
253800 583.849
253900 584.274
254000 584.3
254100 584.569
254200 585.02
254300 586.038
254400 585.137
254500 585.537
254600 585.284
254700 587.1
254800 587.062
254900 585.248
255000 585.728
255100 586.089
255200 586.531
255300 585.982
255400 585.876
255500 585.202
255600 585.869
255700 587.07
255800 588.27
255900 589.47
256000 589.033
256100 588.904
256200 589.262
256300 588.648
256400 589.995
256500 590.791
256600 590.317
256700 590.819
256800 591.591
256900 590.797
257000 591.609
257100 592.939
257200 592.973
257300 592.574
257400 592.96
257500 593.424
257600 593.054
257700 593.719
257800 593.047
257900 593.477
258000 593.229
258100 593.646
258200 594.579
258300 594.539
258400 594.276
258500 595.259
258600 594.579
258700 593.369
258800 595.22
258900 596.664
259000 596.308
259100 595.285
259200 596.201
259300 595.836
259400 596.744
259500 596.403
259600 596.093
259700 596.339
259800 596.905
259900 596.874
260000 596.857
260100 596.875
260200 598.106
260300 598.221
260400 599.094
260500 598.246
260600 598.337
260700 598.388
260800 598.759
260900 598.994
261000 599.669
261100 600.082
261200 600.851
261300 601.35
261400 601.621
261500 602.683
261600 600.897
261700 602.215
261800 603.257
261900 603.109
262000 602.902
262100 603.345
262200 603.359
262300 603.004
262400 602.83
262500 602.59
262600 602.523
262700 603.492
262800 604.892
262900 605.27
263000 604.578
263100 605.142
263200 605.317
263300 605.723
263400 606.533
263500 606.816
263600 607.448
263700 607.809
263800 607.449
263900 607.579
264000 607.558
264100 608.063
264200 608.807
264300 609.132
264400 609.562
264500 609.477
264600 609.931
264700 609.638
264800 609.358
264900 609.78
265000 609.433
265100 608.959
265200 609.495
265300 610.458
265400 609.739
265500 610.805
265600 610.805
265700 611.861
265800 610.979
265900 611.519
266000 613.488
266100 613.03
266200 612.842
266300 612.962
266400 612.556
266500 612.979
266600 614.376
266700 614.974
266800 615.554
266900 614.952
267000 614.393
267100 615.633
267200 616.678
267300 617.401
267400 617.711
267500 618.246
267600 617.574
267700 618.606
267800 618.104
267900 618.85
268000 619.652
268100 621.336
268200 621.934
268300 621.796
268400 622.127
268500 622.775
268600 622.743
268700 621.777
268800 622.755
268900 623.121
269000 624.055
269100 622.572
269200 624.839
269300 624.139
269400 624.616
269500 624.618
269600 624.925
269700 624.245
269800 624.484
269900 625.345
270000 626.458
270100 626.096
270200 627.16
270300 628.143
270400 628.049
270500 628.568
270600 629.358
270700 629.335
270800 629.357
270900 630.111
271000 629.74
271100 630.491
271200 629.368
271300 630.1
271400 630.134
271500 630.932
271600 631.061
271700 631.794
271800 632.05
271900 631.981
272000 633.339
272100 632.173
272200 632.305
272300 633.949
272400 633.884
272500 631.683
272600 632.783
272700 634.071
272800 633.247
272900 632.769
273000 633.92
273100 634.585
273200 634.893
273300 633.889
273400 635.99
273500 636.026
273600 635.296
273700 635.647
273800 635.966
273900 636.708
274000 635.876
274100 636.339
274200 636.247
274300 636.501
274400 636.991
274500 636.683
274600 637.33
274700 637.002
274800 638.702
274900 638.826
275000 637.826
275100 637.637
275200 638.878
275300 639.689
275400 639.266
275500 641.544
275600 641.072
275700 641.541
275800 641.97
275900 641.917
276000 643.383
276100 644.342
276200 644.275
276300 645.121
276400 644.38
276500 643.377
276600 644.066
276700 644.763
276800 645.507
276900 645.613
277000 645.388
277100 646.646
277200 646.741
277300 646.704
277400 646.038
277500 647.106
277600 647.066
277700 647.574
277800 648.511
277900 649.053
278000 649.413
278100 648.611
278200 649.084
278300 648.301
278400 649.095
278500 650.354
278600 650.829
278700 652.096
278800 651.492
278900 652.109
279000 652.337
279100 652.049
279200 652.699
279300 653.612
279400 654.147
279500 654.197
279600 654.442
279700 654.661
279800 654.649
279900 654.198
280000 654.864
280100 654.879
280200 656.324
280300 655.856
280400 657.196
280500 657.712
280600 658.855
280700 659.113
280800 658.862
280900 658.307
281000 657.398
281100 656.564
281200 658.222
281300 658.478
281400 659.686
281500 659.283
281600 659.739
281700 658.714
281800 658.744
281900 659.031
282000 659.094
282100 659.79
282200 661.252
282300 661.587
282400 661.326
282500 662.676
282600 661.825
282700 661.191
282800 661.458
282900 661.792
283000 663.036
283100 663.471
283200 662.974
283300 663.872
283400 663.727
283500 664.171
283600 665.533
283700 665.386
283800 666.285
283900 665.747
284000 665.577
284100 665.551
284200 666.52
284300 667.149
284400 667.535
284500 668.295
284600 668.676
284700 667.646
284800 668.622
284900 668.865
285000 669.725
285100 669.406
285200 671.3
285300 671.776
285400 671.653
285500 673.17
285600 671.515
285700 672.285
285800 671.167
285900 672.503
286000 671.854
286100 671.956
286200 672.967
286300 672.581
286400 673.327
286500 673.824
286600 674.688
286700 673.452
286800 673.757
286900 675.447
287000 674.748
287100 674.251
287200 674.717
287300 674.844
287400 674.437
287500 675.492
287600 675.475
287700 676.232
287800 676.886
287900 676.646
288000 677.487
288100 676.804
288200 677.941
288300 677.668
288400 677.992
288500 678.25
288600 678.76
288700 678.051
288800 678.012
288900 677.585
289000 678.533
289100 676.994
289200 677.805
289300 678.476
289400 680.009
289500 679.923
289600 679.179
289700 679.588
289800 679.978
289900 679.965
290000 680.247
290100 679.365
290200 680.15
290300 680.882
290400 680.968
290500 681.716
290600 681.826
290700 681.642
290800 681.16
290900 681.072
291000 680.504
291100 681.052
291200 682.141
291300 681.491
291400 679.705
291500 681.627
291600 681.312
291700 681.783
291800 683.59
291900 683.596
292000 684.51
292100 684.31
292200 684.812
292300 684.355
292400 684.776
292500 685.301
292600 686.18
292700 685.479
292800 686.107
292900 687.201
293000 686.706
293100 687.471
293200 688.422
293300 688.121
293400 689.191
293500 689.21
293600 689.462
293700 689.555
293800 691.568
293900 690.997
294000 691.025
294100 691.386
294200 691.775
294300 691.898
294400 692.985
294500 692.089
294600 692.631
294700 693.187
294800 693.636
294900 693.649
295000 691.938
295100 691.555
295200 693.656
295300 693.041
295400 693.217
295500 693.183
295600 692.812
295700 693.536
295800 694.542
295900 693.084
296000 695.095
296100 695.367
296200 695.456
296300 694.182
296400 694.713
296500 694.727
296600 697.098
296700 698.377
296800 699.575
296900 697.353
297000 698.106
297100 698.479
297200 698.879
297300 699.022
297400 698.997
297500 699.487
297600 699.233
297700 697.942
297800 698.569
297900 697.694
298000 698.6
298100 698.028
298200 699.194
298300 699.737
298400 700.371
298500 701.102
298600 701.282
298700 701.31
298800 701.576
298900 700.901
299000 700.586
299100 700.936
299200 701.736
299300 701.745
299400 701.421
299500 702.215
299600 701.97
299700 703.693
299800 703.598
299900 703.675
300000 703.669
300100 704.565
300200 703.77
300300 703.037
300400 704.034
300500 705.132
300600 704.194
300700 705.56
300800 705.234
300900 705.496
301000 704.067
301100 705.41
301200 706.171
301300 705.856
301400 705.611
301500 704.752
301600 704.33
301700 704.172
301800 705.666
301900 705.032
302000 705.585
302100 705.633
302200 705.365
302300 705.547
302400 705.963
302500 706.946
302600 707.76
302700 706.153
302800 707.913
302900 708.544
303000 707.845
303100 707.655
303200 708.651
303300 707.773
303400 708.695
303500 708.587
303600 710.046
303700 709.622
303800 711.45
303900 711.65
304000 711.799
304100 711.09
304200 711.227
304300 710.624
304400 710.983
304500 713.027
304600 712.921
304700 713.431
304800 713.125
304900 713.364
305000 713.235
305100 713.825
305200 712.823
305300 714.037
305400 713.707
305500 714.086
305600 714.268
305700 713.682
305800 714.294
305900 714.264
306000 713.654
306100 713.417
306200 712.503
306300 713.435
306400 712.3
306500 713.385
306600 715.092
306700 715.226
306800 714.512
306900 714.71
307000 715.072
307100 716.188
307200 715.276
307300 717.168
307400 716.581
307500 716.096
307600 716.007
307700 718.064
307800 717.279
307900 717.078
308000 717.1
308100 717.051
308200 717.409
308300 718.589
308400 718.55
308500 719.961
308600 720.45
308700 720.221
308800 721.832
308900 721.389
309000 721.388
309100 721.457
309200 720.563
309300 721.426
309400 721.866
309500 722.628
309600 721.641
309700 721.272
309800 723.087
309900 722.862
310000 723.16
310100 722.93
310200 722.951
310300 724.01
310400 724.898
310500 723.96
310600 727.349
310700 726.188
310800 726.84
310900 727.549
311000 727.09
311100 727.351
311200 728.055
311300 728.206
311400 727.893
311500 728.938
311600 729.393
311700 729.415
311800 728.941
311900 730.615
312000 731.621
312100 730.728
312200 731.226
312300 731.726
312400 731.812
312500 732.979
312600 734.111
312700 734.336
312800 733.232
312900 733.321
313000 734.522
313100 734.926
313200 735.088
313300 734.474
313400 735.947
313500 734.773
313600 735.643
313700 735.836
313800 735.872
313900 735.357
314000 734.201
314100 732.942
314200 733.811
314300 734.42
314400 733.47
314500 734.589
314600 734.833
314700 734.626
314800 735.372
314900 734.608
315000 733.99
315100 734.255
315200 735.39
315300 734.751
315400 734.776
315500 734.784
315600 735.217
315700 736.012
315800 735.073
315900 736.783
316000 737.116
316100 737.979
316200 737.367
316300 736.425
316400 736.672
316500 737.508
316600 737.963
316700 737.497
316800 738.005
316900 738.905
317000 740.965
317100 739.979
317200 739.873
317300 739.411
317400 739.059
317500 738.43
317600 738.818
317700 740.513
317800 741.846
317900 740.678
318000 740.844
318100 741.607
318200 741.972
318300 740.947
318400 741.513
318500 741.212
318600 741.711
318700 742.584
318800 742.66
318900 744.14
319000 743.399
319100 743.446
319200 743.774
319300 743.206
319400 743.236
319500 743.745
319600 742.866
319700 743.869
319800 743.783
319900 744.222
320000 744.093
320100 745.153
320200 745.105
320300 745.713
320400 744.706
320500 746.666
320600 747.797
320700 748.724
320800 748.183
320900 747.729
321000 749.009
321100 748.478
321200 748.722
321300 748.96
321400 746.452
321500 747.552
321600 749.619
321700 749.892
321800 748.404
321900 749.789
322000 749.686
322100 749.284
322200 750.364
322300 750.96
322400 750.572
322500 751.421
322600 751.419
322700 751.39
322800 749.433
322900 750.135
323000 751.224
323100 752.112
323200 752.474
323300 751.911
323400 750.577
323500 750.626
323600 751.082
323700 751.225
323800 752.222
323900 752.978
324000 753.376
324100 754.268
324200 754.123
324300 755.205
324400 754.714
324500 754.954
324600 755.605
324700 755.745
324800 756.24
324900 757.1
325000 756.186
325100 757.232
325200 757.74
325300 756.994
325400 758.404
325500 758.128
325600 758.883
325700 759.552
325800 759.816
325900 759.515
326000 760.692
326100 761.326
326200 759.744
326300 761.039
326400 761.265
326500 760.74
326600 761.604
326700 761.427
326800 763.129
326900 762.854
327000 762.674
327100 763.042
327200 762.855
327300 763.682
327400 762.947
327500 762.928
327600 763.832
327700 764.119
327800 763.745
327900 763.815
328000 762.584
328100 763.265
328200 761.995
328300 763.174
328400 763.714
328500 764.339
328600 763.351
328700 764.92
328800 764.128
328900 764.505
329000 764.652
329100 765.343
329200 764.612
329300 765.851
329400 764.937
329500 765.643
329600 767.497
329700 766.993
329800 767.004
329900 766.859
330000 766.993
330100 767.021
330200 766.285
330300 767.852
330400 768.942
330500 768.388
330600 768.739
330700 771.059
330800 769.415
330900 769.335
331000 769.829
331100 770.037
331200 770.79
331300 771.89
331400 773.129
331500 772.692
331600 771.919
331700 772.183
331800 771.589
331900 771.912
332000 772.292
332100 771.904
332200 772.375
332300 772.586
332400 772.204
332500 771.949
332600 772.002
332700 773.33
332800 773.307
332900 773.898
333000 775.057
333100 775.024
333200 774.505
333300 775.75
333400 775.088
333500 774.865
333600 774.985
333700 775.794
333800 775.333
333900 774.604
334000 775.027
334100 775.676
334200 775.608
334300 776.411
334400 776.219
334500 777.071
334600 777.096
334700 776.002
334800 775.701
334900 775.652
335000 775.293
335100 777.76
335200 777.253
335300 778.162
335400 777.742
335500 779.782
335600 778.983
335700 780.439
335800 780.193
335900 779.929
336000 779.159
336100 778.861
336200 779.819
336300 779.512
336400 779.533
336500 779.2
336600 778.943
336700 780.375
336800 779.804
336900 780.5
337000 781.509
337100 781.994
337200 781.564
337300 780.769
337400 783.199
337500 782.624
337600 784.133
337700 784.684
337800 784.733
337900 784.755
338000 784.391
338100 784.929
338200 785.652
338300 787.269
338400 785.877
338500 786.167
338600 786.028
338700 787.094
338800 786.663
338900 787.972
339000 788.481
339100 788.665
339200 790.199
339300 791.038
339400 791.481
339500 791.838
339600 792.18
339700 790.795
339800 792.594
339900 794.166
340000 794.604
340100 794.181
340200 794.027
340300 796.274
340400 795.662
340500 796.317
340600 796.593
340700 797.187
340800 796.569
340900 798.587
341000 799.122
341100 796.648
341200 798.77
341300 799.728
341400 799.408
341500 799.513
341600 799.767
341700 800.401
341800 799.989
341900 800.173
342000 800.29
342100 800.563
342200 800.148
342300 799.86
342400 800.366
342500 800.017
342600 800.259
342700 799.436
342800 799.002
342900 800.373
343000 800.911
343100 801.277
343200 800.953
343300 799.637
343400 801.59
343500 801.094
343600 800.97
343700 801.811
343800 801.839
343900 801.598
344000 801.564
344100 802.441
344200 803.617
344300 802.016
344400 801.408
344500 800.839
344600 800.675
344700 801.346
344800 802.421
344900 802.374
345000 803.655
345100 803.581
345200 803.42
345300 803.336
345400 804.111
345500 804.8
345600 803.079
345700 803.7
345800 804.414
345900 804.249
346000 805.392
346100 805.592
346200 805.759
346300 806.073
346400 805.246
346500 806.944
346600 807.066
346700 806.411
346800 807.043
346900 807.845
347000 807.704
347100 807.947
347200 808.396
347300 808.455
347400 807.461
347500 806.888
347600 807.457
347700 808.21
347800 808.308
347900 808.449
348000 808.816
348100 809.405
348200 810.656
348300 810.565
348400 808.664
348500 810.758
348600 810.719
348700 810.08
348800 809.485
348900 809.201
349000 810.648
349100 809.562
349200 810.966
349300 809.156
349400 811.92
349500 812.396
349600 813.98
349700 813.657
349800 812.913
349900 814.22
350000 812.74
