# Time-averaged data for fix all_msd
# TimeStep c_msd1[4]
0 2.04939e-29
100 0.410344
200 0.68453
300 0.956086
400 1.25361
500 1.5658
600 2.00181
700 2.3847
800 2.73665
900 3.14371
1000 3.59503
1100 4.11692
1200 4.53733
1300 5.08095
1400 5.55298
1500 5.85862
1600 6.34268
1700 6.73603
1800 7.00377
1900 7.44349
2000 7.83091
2100 8.2196
2200 8.77518
2300 9.26561
2400 9.39277
2500 9.87406
2600 10.3315
2700 10.7945
2800 11.1858
2900 11.6561
3000 11.8695
3100 12.1839
3200 12.8799
3300 13.2552
3400 13.6114
3500 13.9629
3600 14.4252
3700 14.8993
3800 15.1982
3900 15.8059
4000 16.4194
4100 16.6924
4200 17.2279
4300 17.5194
4400 17.983
4500 18.3154
4600 18.6111
4700 18.9739
4800 19.3772
4900 19.9265
5000 20.0927
5100 20.4813
5200 21.0657
5300 21.1599
5400 21.4837
5500 21.8087
5600 22.2224
5700 22.6568
5800 23.0396
5900 23.3321
6000 23.9023
6100 24.0373
6200 24.605
6300 25.0872
6400 25.2263
6500 25.6682
6600 25.9958
6700 26.3387
6800 26.3852
6900 26.5612
7000 27.0176
7100 27.4408
7200 27.8932
7300 28.3869
7400 28.516
7500 29.3729
7600 29.6539
7700 30.2351
7800 30.7922
7900 31.1416
8000 31.6105
8100 31.999
8200 31.9972
8300 32.7138
8400 33.0648
8500 33.454
8600 34.057
8700 34.2091
8800 34.7342
8900 35.1014
9000 35.6431
9100 35.5606
9200 36.0068
9300 36.1486
9400 36.7768
9500 36.9217
9600 37.5598
9700 37.7235
9800 38.1718
9900 38.5825
10000 38.7604
10100 39.1552
10200 39.4059
10300 39.6985
10400 40.2087
10500 40.6108
10600 40.9912
10700 41.0439
10800 41.1359
10900 41.7839
11000 42.2097
11100 42.8197
11200 43.3218
11300 43.67
11400 44.033
11500 44.5862
11600 44.5904
11700 45.3045
11800 45.2352
11900 45.4217
12000 46.0212
12100 46.2271
12200 46.3335
12300 47.1748
12400 47.6193
12500 47.8468
12600 48.7075
12700 48.7272
12800 48.932
12900 49.0416
13000 49.9656
13100 50.3873
13200 50.8022
13300 51.6416
13400 51.7233
13500 51.7291
13600 52.1791
13700 52.4276
13800 52.749
13900 53.174
14000 53.6155
14100 54.0246
14200 54.2137
14300 54.7213
14400 55.056
14500 55.5353
14600 56.2795
14700 56.5978
14800 57.0685
14900 57.7222
15000 58.1826
15100 58.6627
15200 58.9262
15300 59.4517
15400 59.9247
15500 59.8485
15600 59.9978
15700 60.4336
15800 61.0254
15900 61.2234
16000 61.4183
16100 61.5513
16200 62.0138
16300 62.1967
16400 62.6182
16500 62.9512
16600 63.354
16700 63.4979
16800 63.8188
16900 64.0617
17000 64.0001
17100 64.7363
17200 65.0968
17300 65.1741
17400 65.6175
17500 65.7414
17600 65.8286
17700 66.0586
17800 66.4463
17900 66.6424
18000 66.7816
18100 66.959
18200 67.1584
18300 67.0903
18400 67.2053
18500 68.1082
18600 68.489
18700 68.6475
18800 69.4201
18900 69.5907
19000 70.2273
19100 70.5373
19200 71.1457
19300 71.3761
19400 71.5635
19500 72.2323
19600 72.815
19700 72.8881
19800 73.4255
19900 73.572
20000 74.2703
20100 74.4755
20200 75.1884
20300 75.8933
20400 75.8213
20500 76.2619
20600 76.8272
20700 76.6643
20800 77.3884
20900 77.9831
21000 78.3725
21100 78.5176
21200 79.1912
21300 79.2301
21400 79.4452
21500 80.0721
21600 80.3683
21700 80.9631
21800 81.3427
21900 81.5673
22000 81.8314
22100 82.377
22200 82.9466
22300 83.5189
22400 84.0765
22500 83.631
22600 84.0133
22700 84.7761
22800 85.0171
22900 84.9282
23000 85.1206
23100 85.1413
23200 85.4124
23300 85.4047
23400 85.1376
23500 85.7684
23600 86.0555
23700 86.552
23800 87.2527
23900 87.5855
24000 88.1485
24100 88.4575
24200 88.7393
24300 89.88
24400 90.0243
24500 90.2034
24600 90.5566
24700 91.4903
24800 91.5037
24900 91.313
25000 91.8084
25100 91.9922
25200 92.5597
25300 93.2853
25400 93.7123
25500 94.0451
25600 94.4862
25700 94.8209
25800 95.3119
25900 95.6339
26000 95.6886
26100 96.6456
26200 97.012
26300 97.5483
26400 97.5963
26500 98.021
26600 98.2384
26700 98.745
26800 99.4096
26900 99.8983
27000 100.544
27100 100.548
27200 100.936
27300 101.43
27400 101.624
27500 101.966
27600 102.045
27700 102.53
27800 102.644
27900 103.494
28000 103.721
28100 104.203
28200 103.623
28300 105.012
28400 105.607
28500 105.627
28600 106.013
28700 106.045
28800 106.929
28900 107.788
29000 107.969
29100 108.243
29200 108.544
29300 108.816
29400 109.239
29500 109.755
29600 110.4
29700 110.306
29800 110.786
29900 110.93
30000 111.34
30100 112.225
30200 112.612
30300 113.512
30400 114.21
30500 114.168
30600 114.769
30700 115.264
30800 115.028
30900 115.669
31000 115.941
31100 116.689
31200 117.064
31300 117.23
31400 118.296
31500 118.34
31600 118.742
31700 118.898
31800 119.558
31900 120.182
32000 121.118
32100 121.319
32200 120.848
32300 121.336
32400 121.423
32500 121.461
32600 121.649
32700 122.432
32800 123.03
32900 123.243
33000 124.604
33100 124.961
33200 125.176
33300 124.705
33400 125.247
33500 126.186
33600 126.37
33700 126.571
33800 127.207
33900 127.785
34000 127.847
34100 129.599
34200 128.902
34300 129.338
34400 129.682
34500 130.11
34600 130.473
34700 130.531
34800 131.075
34900 131.741
35000 132.22
35100 131.718
35200 131.75
35300 131.911
35400 132.279
35500 132.409
35600 133.061
35700 133.147
35800 133.373
35900 133.852
36000 134.156
36100 134.742
36200 134.763
36300 135.118
36400 135.41
36500 136.449
36600 137.262
36700 136.443
36800 137.438
36900 137.72
37000 138.671
37100 138.434
37200 139.085
37300 139.722
37400 140.251
37500 140.661
37600 140.408
37700 141.275
37800 141.617
37900 141.717
38000 142.121
38100 142.521
38200 143.192
38300 143.569
38400 143.883
38500 143.518
38600 144.014
38700 143.756
38800 143.848
38900 143.911
39000 143.865
39100 144.809
39200 145.209
39300 144.726
39400 145.636
39500 145.863
39600 146.392
39700 147.839
39800 148.415
39900 148.79
40000 149.272
40100 149.637
40200 150.12
40300 149.603
40400 149.419
40500 149.928
40600 150.363
40700 150.548
40800 150.683
40900 151.216
41000 151.995
41100 151.943
41200 152.827
41300 152.973
41400 152.755
41500 153.515
41600 154.602
41700 154.695
41800 155.018
41900 155.498
42000 155.547
42100 155.865
42200 155.634
42300 157.117
42400 156.883
42500 156.926
42600 158.203
42700 158.68
42800 158.819
42900 160.281
43000 159.859
43100 159.58
43200 159.879
43300 159.345
43400 159.439
43500 160.355
43600 161.035
43700 161.598
43800 162.512
43900 162.445
44000 163.207
44100 164.245
44200 164.261
44300 165.681
44400 166.116
44500 166.8
44600 167.295
44700 167.269
44800 167.405
44900 167.638
45000 168.131
45100 168.609
45200 169.134
45300 169.558
45400 169.879
45500 170.2
45600 170.769
45700 171.552
45800 172.125
45900 172.451
46000 173.392
46100 173.847
46200 173.425
46300 174.306
46400 174.63
46500 175.543
46600 176.029
46700 176.035
46800 176.878
46900 177.518
47000 177.652
47100 178.577
47200 178.74
47300 179.746
47400 180.333
47500 180.409
47600 181.407
47700 180.92
47800 181.114
47900 181.04
48000 181.649
48100 181.916
48200 181.67
48300 182.898
48400 183.55
48500 184.181
48600 184.364
48700 184.182
48800 184.756
48900 185.707
49000 184.852
49100 185.393
49200 185.949
49300 186.423
49400 186.498
49500 187.103
49600 187.8
49700 188.146
49800 188.267
49900 188.941
50000 189.185
50100 189.491
50200 189.696
50300 190.136
50400 190.302
50500 191.002
50600 191.814
50700 191.866
50800 191.431
50900 191.936
51000 192.627
51100 193.366
51200 193.172
51300 194.078
51400 194.549
51500 194.457
51600 194.502
51700 194.372
51800 194.775
51900 194.416
52000 194.58
52100 195.554
52200 195.659
52300 195.786
52400 195.29
52500 196.059
52600 196.382
52700 196.766
52800 196.609
52900 197.845
53000 198.076
53100 197.797
53200 198.986
53300 199.648
53400 199.072
53500 199.035
53600 199.955
53700 199.933
53800 200.71
53900 201.363
54000 202.264
54100 201.878
54200 202.551
54300 202.712
54400 203.432
54500 204.072
54600 204.268
54700 204.49
54800 204.734
54900 205.254
55000 206.416
55100 206.255
55200 206.451
55300 206.599
55400 207.355
55500 207.415
55600 207.838
55700 208.659
55800 209.02
55900 209.256
56000 209.471
56100 209.864
56200 211.083
56300 211.136
56400 212.075
56500 212.382
56600 212.992
56700 214.496
56800 214.686
56900 215.045
57000 215.321
57100 216.066
57200 216.308
57300 215.92
57400 217.46
57500 217.414
57600 217.395
57700 217.256
57800 217.193
57900 217.364
58000 217.082
58100 217.874
58200 218.579
58300 218.135
58400 218.558
58500 220.219
58600 220.913
58700 220.359
58800 221.157
58900 222.625
59000 222.435
59100 222.408
59200 222.919
59300 222.765
59400 223.136
59500 223.275
59600 223.262
59700 224.036
59800 224.139
59900 223.909
60000 224.642
60100 225.314
60200 225.459
60300 226.436
60400 226.885
60500 227.268
60600 226.809
60700 226.418
60800 226.925
60900 228.518
61000 228.624
61100 228.698
61200 229.629
61300 229.794
61400 230.248
61500 230.92
61600 231.18
61700 231.582
61800 231.689
61900 232.307
62000 232.599
62100 232.258
62200 233.436
62300 233.83
62400 234.432
62500 234.708
62600 235.704
62700 236.6
62800 236.373
62900 237.167
63000 237.661
63100 238.896
63200 238.657
63300 239.037
63400 239.464
63500 239.381
63600 239.658
63700 239.932
63800 239.45
63900 239.75
64000 239.597
64100 239.971
64200 240.268
64300 241.196
64400 241.622
64500 241.972
64600 242.103
64700 242.593
64800 242.962
64900 242.999
65000 244.273
65100 244.246
65200 243.255
65300 244.227
65400 243.95
65500 244.249
65600 245.189
65700 246.157
65800 246.156
65900 247.095
66000 247.742
66100 248.402
66200 247.697
66300 248.027
66400 249.117
66500 250.266
66600 250.377
66700 250.528
66800 250.541
66900 251.385
67000 251.503
67100 253.033
67200 252.752
67300 253.699
67400 253.843
67500 253.819
67600 253.905
67700 255.418
67800 255.686
67900 255.971
68000 256.577
68100 257.011
68200 256.154
68300 257.634
68400 257.952
68500 258.149
68600 259.052
68700 259.113
68800 259.372
68900 260.092
69000 260.512
69100 260.68
69200 260.058
69300 260.515
69400 260.623
69500 261.105
69600 260.813
69700 260.929
69800 261.853
69900 262.772
70000 262.955
70100 262.852
70200 263.608
70300 263.471
70400 263.739
70500 263.951
70600 263.984
70700 264.442
70800 264.466
70900 264.773
71000 265.505
71100 265.498
71200 265.978
71300 265.554
71400 267.07
71500 267.503
71600 268.211
71700 268.063
71800 268.436
71900 268.109
72000 268.148
72100 268.794
72200 269.228
72300 269.997
72400 269.762
72500 269.983
72600 270.18
72700 270.904
72800 270.113
72900 270.955
73000 270.933
73100 271.39
73200 271.062
73300 272.047
73400 273.013
73500 272.926
73600 273.133
73700 274.229
73800 275.046
73900 275.239
74000 275.615
74100 276.356
74200 275.895
74300 275.756
74400 275.83
74500 276.622
74600 276.523
74700 275.629
74800 276.468
74900 277.016
75000 276.589
75100 276.43
75200 276.413
75300 277.49
75400 277.583
75500 277.635
75600 278.473
75700 278.723
75800 279.673
75900 280.439
76000 280.818
76100 281.277
76200 282.338
76300 282.182
76400 283.007
76500 283.4
76600 283.788
76700 284.131
76800 284.518
76900 284.808
77000 285.629
77100 285.969
77200 285.844
77300 286.268
77400 286.322
77500 286.995
77600 287.628
77700 288.51
77800 288.984
77900 289.185
78000 289.22
78100 290.401
78200 290.855
78300 291.608
78400 291.675
78500 291.503
78600 291.867
78700 292.084
78800 291.805
78900 292.613
79000 292.086
79100 291.525
79200 291.981
79300 292.364
79400 293.265
79500 294.668
79600 293.992
79700 294.665
79800 295.139
79900 295.513
80000 296.187
80100 297.091
80200 297.394
80300 297.631
80400 298.121
80500 299.089
80600 298.936
80700 299.82
80800 300.508
80900 300.067
81000 300.843
81100 301.087
81200 301.602
81300 301.611
81400 301.582
81500 301.522
81600 302.148
81700 302.115
81800 302.443
81900 302.776
82000 302.709
82100 303.155
82200 303.784
82300 304.013
82400 303.952
82500 303.925
82600 304.294
82700 304.724
82800 305.262
82900 306.522
83000 306.522
83100 306.73
83200 307.967
83300 307.105
83400 307.587
83500 308.849
83600 308.274
83700 308.738
83800 308.84
83900 308.232
84000 308.41
84100 308.801
84200 310.051
84300 309.805
84400 311.171
84500 311.968
84600 312.309
84700 312.388
84800 312.263
84900 312.682
85000 312.189
85100 312.421
85200 311.981
85300 312.72
85400 313.53
85500 313.876
85600 313.383
85700 314.123
85800 314.656
85900 315.417
86000 315.21
86100 315.566
86200 315.748
86300 316.718
86400 316.576
86500 317.807
86600 316.942
86700 317.217
86800 317.204
86900 317.438
87000 318.203
87100 318.867
87200 319.052
87300 318.852
87400 319.537
87500 319.703
87600 321.036
87700 321.395
87800 323.196
87900 323.351
88000 322.658
88100 322.217
88200 323.55
88300 323.518
88400 324.444
88500 323.911
88600 323.573
88700 324.518
88800 325.088
88900 325.275
89000 325.931
89100 326.038
89200 326.019
89300 327.782
89400 328.251
89500 328.447
89600 328.658
89700 328.804
89800 329.02
89900 328.731
90000 329.493
90100 329.07
90200 329.869
90300 329.405
90400 331.127
90500 330.87
90600 330.438
90700 330.944
90800 331.202
90900 332.335
91000 333.027
91100 333.329
91200 334.177
91300 334.804
91400 334.64
91500 334.313
91600 333.912
91700 334.327
91800 335.8
91900 336.406
92000 336.701
92100 337.637
92200 337.861
92300 338.607
92400 339.419
92500 339.968
92600 339.979
92700 341.036
92800 340.47
92900 341.648
93000 342.109
93100 341.408
93200 343.124
93300 343.687
93400 343.726
93500 344.195
93600 345.154
93700 345.029
93800 345.854
93900 345.926
94000 345.552
94100 346.218
94200 347.809
94300 346.896
94400 346.961
94500 347.165
94600 346.739
94700 348.043
94800 347.72
94900 349.012
95000 349.23
95100 349.749
95200 349.751
95300 350.248
95400 350.63
95500 351.409
95600 351.002
95700 352.186
95800 351.797
95900 350.976
96000 352.452
96100 353.153
96200 353.745
96300 354.476
96400 354.358
96500 354.975
96600 354.618
96700 355.423
96800 356.128
96900 356.612
97000 357.639
97100 358.061
97200 357.134
97300 358.203
97400 357.726
97500 359.364
97600 359.704
97700 359.424
97800 360.313
97900 360.504
98000 360.769
98100 361.106
98200 362.203
98300 361.892
98400 362.028
98500 363.128
98600 364.031
98700 364.34
98800 364.137
98900 365.183
99000 365.876
99100 365.502
99200 365.998
99300 365.505
99400 367.184
99500 367.091
99600 367.127
99700 368.051
99800 369.338
99900 369.413
100000 369.783
100100 370.142
100200 371.379
100300 371.301
100400 372.104
100500 372.902
100600 373.255
100700 373.321
100800 373.122
100900 374.364
101000 375.248
101100 375.538
101200 375.938
101300 376.723
101400 377.15
101500 377.853
101600 378.153
101700 378.572
101800 378.614
101900 378.604
102000 379.097
102100 379.515
102200 378.453
102300 379.651
102400 381.123
102500 381.018
102600 381.091
102700 382.448
102800 383.264
102900 383.159
103000 385.036
103100 384.956
103200 385.718
103300 385.679
103400 386.331
103500 387.642
103600 388.507
103700 389.09
103800 390.246
103900 389.533
104000 390.003
104100 389.562
104200 390.635
104300 391.055
104400 391.271
104500 391.388
104600 391.494
104700 391.393
104800 391.804
104900 392.835
105000 393.652
105100 394.342
105200 395.473
105300 396.176
105400 396.591
105500 397.005
105600 396.375
105700 396.009
105800 397.028
105900 396.732
106000 397.32
106100 398.305
106200 398.199
106300 398.479
106400 398.635
106500 398.637
106600 399.115
106700 400.034
106800 400.849
106900 401.326
107000 402.886
107100 403.773
107200 404.371
107300 403.087
107400 403.988
107500 402.978
107600 404.156
107700 404.095
107800 404.375
107900 404.839
108000 405.744
108100 405.52
108200 405.296
108300 407.425
108400 407.726
108500 407.834
108600 408.211
108700 409.293
108800 410.506
108900 411.402
109000 411.703
109100 412.199
109200 412.138
109300 412.397
109400 413.202
109500 412.692
109600 412.745
109700 412.719
109800 413.382
109900 413.94
110000 414.89
110100 414.451
110200 414.978
110300 415.724
110400 416.136
110500 416.858
110600 418.243
110700 417.653
110800 417.507
110900 418.125
111000 418.348
111100 417.591
111200 418.66
111300 419.13
111400 419.221
111500 418.855
111600 419.058
111700 418.901
111800 418.794
111900 419.35
112000 419.662
112100 420.069
112200 420.631
112300 421.509
112400 421.727
112500 421.783
112600 422.481
112700 423.587
112800 423.586
112900 423.905
113000 424.356
113100 424.682
113200 425.136
113300 425.482
113400 425.636
113500 426.361
113600 427.678
113700 426.99
113800 426.278
113900 426.514
114000 428.133
114100 428.37
114200 429.004
114300 429.48
114400 428.971
114500 429.095
114600 429.159
114700 428.764
114800 428.599
114900 428.989
115000 429.776
115100 429.888
115200 430.293
115300 430.427
115400 429.597
115500 430.398
115600 429.615
115700 431.446
115800 432.204
115900 431.23
116000 430.618
116100 431.268
116200 430.345
116300 430.959
116400 432.782
116500 432.426
116600 432.117
116700 433.803
116800 434.524
116900 435.182
117000 435.631
117100 436.062
117200 436.344
117300 436.832
117400 437.214
117500 438.597
117600 439.591
117700 440.709
117800 441.321
117900 440.357
118000 440.824
118100 440.026
118200 439.876
118300 441.605
118400 442.686
118500 443.577
118600 443.99
118700 445.002
118800 444.402
118900 445.273
119000 446.22
119100 446.695
119200 446.908
119300 447.397
119400 446.706
119500 446.849
119600 447.324
119700 447.126
119800 448.71
119900 449.236
120000 449.433
120100 449.437
120200 448.879
120300 449.39
120400 449.436
120500 451.286
120600 451.541
120700 451.016
120800 451.058
120900 451.663
121000 451.882
121100 451.379
121200 452.195
121300 452.945
121400 453.305
121500 453.057
121600 453.151
121700 453.709
121800 455.342
121900 455.61
122000 455.954
122100 454.873
122200 456.744
122300 455.406
122400 456.228
122500 456.258
122600 457.291
122700 457.322
122800 457.63
122900 457.231
123000 458.832
123100 459.225
123200 458.75
123300 459.17
123400 458.993
123500 460.112
123600 461.65
123700 461.682
123800 462.881
123900 462.292
124000 462.753
124100 463.62
124200 464.287
124300 463.576
124400 463.482
124500 464.802
124600 463.989
124700 464.354
124800 464.568
124900 464.042
125000 465.505
125100 466.628
125200 465.95
125300 466.638
125400 467.247
125500 467.386
125600 468.255
125700 468.82
125800 469.255
125900 469.744
126000 471.253
126100 470.973
126200 470.978
126300 471.013
126400 470.842
126500 471.688
126600 471.363
126700 471.156
126800 472.008
126900 471.877
127000 473.733
127100 474.577
127200 474.588
127300 475.341
127400 476.037
127500 476.106
127600 477.793
127700 477.781
127800 477.587
127900 477.424
128000 476.934
128100 478.131
128200 477.41
128300 478.729
128400 479.787
128500 479.814
128600 480.259
128700 480.386
128800 480.375
128900 480.832
129000 481.497
129100 482.013
129200 482.222
129300 482.704
129400 482.877
129500 483.141
129600 483.266
129700 482.71
129800 483.713
129900 484.11
130000 484.326
130100 484.258
130200 484.35
130300 485.239
130400 485.574
130500 484.581
130600 486.879
130700 486.315
130800 487.1
130900 486.757
131000 487.662
131100 487.455
131200 486.974
131300 486.722
131400 487.266
131500 487.993
131600 488.371
131700 490.078
131800 490.273
131900 490.997
132000 491.184
132100 490.147
132200 491.34
132300 492.197
132400 492.61
132500 492.53
132600 493.19
132700 495.249
132800 495.758
132900 495.032
133000 495.757
133100 496.978
133200 496.492
133300 497.533
133400 497.902
133500 497.651
133600 498.421
133700 499.315
133800 499.81
133900 500.721
134000 500.164
134100 499.444
134200 500.674
134300 502.343
134400 502.108
134500 501.979
134600 503.194
134700 503.05
134800 504.011
134900 505.591
135000 506.131
135100 506.53
135200 505.707
135300 506.294
135400 507.075
135500 507.384
135600 507.784
135700 509.162
135800 509.605
135900 509.67
136000 510.367
136100 510.977
136200 512.029
136300 512.946
136400 513.556
136500 513.637
136600 512.339
136700 512.319
136800 513.193
136900 513.623
137000 513.711
137100 514.43
137200 514.184
137300 515.737
137400 514.878
137500 514.451
137600 515.964
137700 516.701
137800 517.497
137900 517.801
138000 518.286
138100 519.655
138200 519.764
138300 520.937
138400 519.414
138500 520.415
138600 521.032
138700 520.782
138800 521.793
138900 521.284
139000 523.196
139100 523.245
139200 524.066
139300 523.638
139400 524.033
139500 523.804
139600 524.105
139700 524.607
139800 524.833
139900 526.533
140000 526.416
140100 527.191
140200 527.689
140300 528.515
140400 527.371
140500 528.43
140600 529.07
140700 529.647
140800 531.55
140900 531.315
141000 531.164
141100 532.298
141200 531.955
141300 532.943
141400 533.119
141500 534.821
141600 535.392
141700 534.797
141800 535.608
141900 535.49
142000 537.303
142100 538.072
142200 537.321
142300 537.927
142400 539.357
142500 540.277
142600 540.101
142700 541.939
142800 543.01
142900 542.765
143000 542.269
143100 544.161
143200 544.52
143300 545.052
143400 544.634
143500 546.512
143600 545.946
143700 546.724
143800 545.796
143900 545.75
144000 546.714
144100 547.223
144200 548.173
144300 548.483
144400 549.766
144500 549.383
144600 549.932
144700 550.928
144800 550.47
144900 552.349
145000 552.298
145100 552.944
145200 551.669
145300 552.667
145400 553.141
145500 554.214
145600 554.35
145700 554.351
145800 555.767
145900 555.487
146000 556.812
146100 556.622
146200 557.039
146300 556.913
146400 556.342
146500 557.749
146600 557.802
146700 558.681
146800 558.017
146900 558.75
147000 558.984
147100 559.175
147200 558.612
147300 558.535
147400 559.468
147500 559.547
147600 559.877
147700 559.66
147800 560.527
147900 561.198
148000 561.609
148100 561.176
148200 562.029
148300 562.667
148400 561.909
148500 561.985
148600 562.109
148700 562.684
148800 561.875
148900 561.847
149000 563.679
149100 563.751
149200 564.047
149300 565.647
149400 566.138
149500 566.722
149600 566.289
149700 567.278
149800 567.233
149900 567.303
150000 567.145
150100 567.721
150200 567.29
150300 569.021
150400 569.437
150500 569.885
150600 571.416
150700 571.707
150800 571.524
150900 571.353
151000 572.582
151100 571.696
151200 572.066
151300 571.892
151400 572.404
151500 573.347
151600 574.569
151700 575.473
151800 575.087
151900 576.684
152000 576.931
152100 576.43
152200 577.587
152300 578.246
152400 578.09
152500 578.013
152600 578.098
152700 579.011
152800 579.605
152900 579.072
153000 580.705
153100 580.292
153200 580.924
153300 582.254
153400 581.108
153500 581.289
153600 582.227
153700 581.781
153800 584.285
153900 584.311
154000 584.673
154100 585.321
154200 584.44
154300 585.828
154400 586.545
154500 587.264
154600 588.377
154700 589.383
154800 590.055
154900 588.963
155000 589.698
155100 589.402
155200 590.358
155300 590.055
155400 591.521
155500 591.553
155600 590.156
155700 591.356
155800 592.376
155900 591.393
156000 592.328
156100 591.769
156200 591.284
156300 592.181
156400 592.826
156500 593.077
156600 593.673
156700 593.093
156800 594.087
156900 594.864
157000 594.193
157100 594.407
157200 594.346
157300 595.784
157400 596.071
157500 596.383
157600 597.141
157700 597.047
157800 597.332
157900 598.045
158000 597.797
158100 599.196
158200 599.731
158300 599.588
158400 599.612
158500 598.147
158600 598.287
158700 598.73
158800 598.545
158900 598.783
159000 599.87
159100 600.747
159200 601.342
159300 602.061
159400 601.74
159500 602.195
159600 601.279
159700 602.069
159800 601.191
159900 603.287
160000 602.933
160100 603.663
160200 602.867
160300 603.788
160400 604.624
160500 605.658
160600 606.51
160700 606.119
160800 608.261
160900 608.406
161000 609.513
161100 608.985
161200 609.648
161300 609.035
161400 609.193
161500 610.123
161600 609.085
161700 609.805
161800 610.098
161900 610.634
162000 612.868
162100 612.376
162200 611.96
162300 612.592
162400 614.112
162500 613.68
162600 613.986
162700 614.73
162800 614.596
162900 614.547
163000 613.864
163100 615.154
163200 616.757
163300 616.209
163400 616.655
163500 618.305
163600 617.466
163700 618.43
163800 618.961
163900 618.932
164000 620.686
164100 620.879
164200 620.597
164300 622.322
164400 623.283
164500 622.117
164600 620.737
164700 620.727
164800 622.004
164900 621.873
165000 623.277
165100 624.127
165200 623.805
165300 622.413
165400 623.095
165500 623.121
165600 622.579
165700 623.741
165800 624.989
165900 624.45
166000 626.267
166100 626.133
166200 627.498
166300 626.887
166400 628.365
166500 630.163
166600 629.478
166700 629.107
166800 629.796
166900 631.821
167000 632.492
167100 633.73
167200 635.328
167300 635.224
167400 635.239
167500 634.198
167600 636.045
167700 636.373
167800 638.088
167900 637.554
168000 638.282
168100 638.623
168200 639.118
168300 639.442
168400 641.369
168500 641.295
168600 640.457
168700 641.555
168800 640.693
168900 642.794
169000 642.624
169100 642.171
169200 642.677
169300 643.489
169400 643.333
169500 643.665
169600 644.658
169700 644.293
169800 644.853
169900 644.963
170000 644.58
170100 645.292
170200 647.024
170300 647.435
170400 646.909
170500 646.741
170600 648.593
170700 649.539
170800 650.023
170900 649.889
171000 649.435
171100 649.638
171200 649.3
171300 651.348
171400 652.399
171500 651.67
171600 651.964
171700 653.807
171800 654.676
171900 654.354
172000 654.994
172100 655.051
172200 655.993
172300 657.025
172400 657.322
172500 657.955
172600 658.287
172700 658.88
172800 660.272
172900 659.031
173000 660.02
173100 661.118
173200 661.532
173300 663.332
173400 662.917
173500 663.691
173600 663.567
173700 663.938
173800 664.944
173900 663.959
174000 664.908
174100 664.871
174200 664.228
174300 665.762
174400 665.4
174500 665.108
174600 665.848
174700 665.025
174800 667.099
174900 667.401
175000 668.174
175100 668.498
175200 669.663
175300 670.367
175400 669.798
175500 670.038
175600 670.48
175700 670.695
175800 670.545
175900 672.164
176000 671.068
176100 670.484
176200 671.61
176300 672.189
176400 672.364
176500 671.627
176600 673.575
176700 673.852
176800 672.532
176900 672.396
177000 674.076
177100 672.763
177200 673.467
177300 674.858
177400 676.258
177500 676.031
177600 676.009
177700 676.356
177800 677.474
177900 677.894
178000 679.253
178100 678.205
178200 678.182
178300 678.093
178400 678.646
178500 679.638
178600 679.441
178700 679.934
178800 680.336
178900 681.065
179000 681.597
179100 680.406
179200 681.873
179300 681.102
179400 682.36
179500 683.295
179600 684.434
179700 684.008
179800 683.961
179900 684.382
180000 683.348
180100 685.391
180200 684.878
180300 685.798
180400 686.129
180500 686.983
180600 686.675
180700 687.879
180800 687.829
180900 687.661
181000 687.839
181100 687.315
181200 687.434
181300 688.766
181400 689.457
181500 690.737
181600 690.022
181700 689.677
181800 690.065
181900 689.672
182000 689.876
182100 689.714
182200 690.064
182300 690.586
182400 690.772
182500 690.948
182600 691.062
182700 691.988
182800 691.268
182900 691.926
183000 692.915
183100 693.575
183200 695.042
183300 694.469
183400 694.819
183500 694.649
183600 695.875
183700 694.88
183800 695.206
183900 697.175
184000 697.592
184100 696.461
184200 698.597
184300 698.935
184400 699.625
184500 699.733
184600 699.392
184700 699.233
184800 700.144
184900 700.622
185000 702.089
185100 702.281
185200 702.916
185300 704.297
185400 703.736
185500 704.007
185600 705.002
185700 704.206
185800 704.441
185900 704.239
186000 705.117
186100 704.918
186200 705.391
186300 704.942
186400 705.015
186500 705.906
186600 706.412
186700 706.103
186800 707.689
186900 707.85
187000 708.175
187100 707.68
187200 709.12
187300 709.877
187400 709.426
187500 711.682
187600 712.426
187700 713.2
187800 713.027
187900 713.562
188000 715.215
188100 715.448
188200 715.444
188300 716.658
188400 716.963
188500 717.008
188600 718.147
188700 717.671
188800 718.095
188900 719.573
189000 719.952
189100 720.476
189200 721.898
189300 720.463
189400 720.924
189500 721.544
189600 722.388
189700 723.868
189800 723.407
189900 725.202
190000 724.935
190100 725.162
190200 724.437
190300 724.696
190400 724.904
190500 724.717
190600 725.391
190700 726.253
190800 727.566
190900 727.513
191000 727.652
191100 728.336
191200 728.875
191300 730.507
191400 730.482
191500 731.029
191600 731.696
191700 731.225
191800 732.224
191900 731.799
192000 730.435
192100 731.909
192200 732.077
192300 732.32
192400 732.266
192500 731.205
192600 732.789
192700 734.002
192800 734.504
192900 735.606
193000 736.325
193100 737.029
193200 737.58
193300 738.093
193400 739.372
193500 738.841
193600 739.517
193700 740.55
193800 740.566
193900 741.82
194000 742.302
194100 741.976
194200 740.771
194300 742.524
194400 743.028
194500 742.832
194600 742.364
194700 743.98
194800 745.464
194900 746.976
195000 747.422
195100 747.5
195200 746.461
195300 748.027
195400 747.677
195500 750.654
195600 750.103
195700 750.697
195800 750.227
195900 750.558
196000 750.362
196100 752.18
196200 752.397
196300 752.666
196400 752.735
196500 752.547
196600 751.982
196700 752.566
196800 754.391
196900 754.107
197000 754.747
197100 755.917
197200 756.933
197300 756.272
197400 755.53
197500 755.49
197600 756.387
197700 755.886
197800 757.886
197900 756.987
198000 757.691
198100 757.206
198200 756.499
198300 757.954
198400 758.568
198500 759.435
198600 760.667
198700 761.276
198800 762.659
198900 764.003
199000 762.845
199100 763.093
199200 763.867
199300 764.285
199400 765.295
199500 766.357
199600 767.505
199700 767.745
199800 767.742
199900 768.897
200000 768.568
200100 768.176
200200 767.568
200300 768.526
200400 767.259
200500 768.692
200600 769.244
200700 769.673
200800 769.416
200900 770.325
201000 770.936
201100 773.09
201200 771.945
201300 771.671
201400 772.907
201500 772.773
201600 773.061
201700 772.257
201800 772.883
201900 772.269
202000 772.518
202100 774.44
202200 773.898
202300 775.971
202400 775.705
202500 776.557
202600 777.936
202700 776.907
202800 778.131
202900 778.293
203000 777.394
203100 778.749
203200 778.955
203300 778.67
203400 779.451
203500 779.191
203600 779.266
203700 780.771
203800 780.645
203900 782.039
204000 779.636
204100 780.931
204200 780.912
204300 782.697
204400 783.357
204500 783.502
204600 784.513
204700 784.436
204800 782.848
204900 785.372
205000 784.311
205100 784.826
205200 785.096
205300 785.561
205400 787.164
205500 787.881
205600 788.919
205700 789.676
205800 789.164
205900 790.343
206000 789.789
206100 788.782
206200 789.479
206300 789.069
206400 789.922
206500 790.01
206600 789.63
206700 789.802
206800 790.409
206900 790.65
207000 791.097
207100 791.133
207200 790.64
207300 792.411
207400 792.43
207500 792.682
207600 792.468
207700 791.894
207800 792.949
207900 793.205
208000 793.359
208100 793.211
208200 793.136
208300 792.798
208400 792.93
208500 793.87
208600 794.768
208700 794.796
208800 794.895
208900 794.608
209000 795.13
209100 795.615
209200 797.452
209300 797.074
209400 798.225
209500 798.051
209600 799.767
209700 799.8
209800 801.337
209900 800.37
210000 801.175
210100 801.698
210200 800.856
210300 800.971
210400 801.014
210500 801.213
210600 802.013
210700 802.121
210800 802.511
210900 802.644
211000 802.68
211100 802.573
211200 802.785
211300 802.865
211400 802.655
211500 804.36
211600 804.724
211700 804.754
211800 805.861
211900 805.37
212000 805.531
212100 805.13
212200 806.157
212300 807.014
212400 809.585
212500 808.987
212600 807.794
212700 810.171
212800 808.498
212900 808.848
213000 810.457
213100 810.482
213200 812.115
213300 812.55
213400 812.796
213500 812.001
213600 811.993
213700 812.178
213800 812.666
213900 813.139
214000 812.112
214100 813.483
214200 814.053
214300 814.66
214400 814.406
214500 814.957
214600 815.118
214700 816.406
214800 817.11
214900 815.754
215000 817.656
215100 817.772
215200 818.452
215300 818.551
215400 818.937
215500 821.106
215600 820.185
215700 822.351
215800 822.642
215900 822.276
216000 822.32
216100 824.926
216200 825.435
216300 827.51
216400 828.004
216500 827.978
216600 826.989
216700 828.629
216800 828.181
216900 828.318
217000 827.34
217100 828.923
217200 829.348
217300 829.799
217400 828.643
217500 828.836
217600 829.546
217700 830.406
217800 830.055
217900 832.471
218000 831.94
218100 830.79
218200 832.139
218300 833.392
218400 833.993
218500 835.051
218600 834.899
218700 835.382
218800 836.391
218900 837.078
219000 838.87
219100 839.152
219200 839.265
219300 837.73
219400 838.871
219500 838.44
219600 838.909
219700 840.939
219800 840.301
219900 840.652
220000 840.107
220100 840.692
220200 841.393
220300 841.412
220400 843.304
220500 843.94
220600 844.531
220700 845.876
220800 845.572
220900 843.972
221000 845.903
221100 848.249
221200 847.551
221300 847.674
221400 848.782
221500 849.355
221600 850.007
221700 850.823
221800 849.557
221900 849.918
222000 849.856
222100 850.233
222200 849.754
222300 851.18
222400 849.303
222500 850.91
222600 852.099
222700 853.167
222800 853.251
222900 853.064
223000 852.985
223100 853.206
223200 854.218
223300 852.39
223400 852.964
223500 853.498
223600 853.961
223700 852.779
223800 854.056
223900 854.581
224000 854.5
224100 853.228
224200 854.139
224300 854.657
224400 855.147
224500 856.054
224600 855.665
224700 855.566
224800 856.374
224900 856.942
225000 857.146
225100 856.254
225200 857.734
225300 858.493
225400 858.656
225500 857.789
225600 858.752
225700 860.283
225800 860.908
225900 861.656
226000 860.917
226100 861.474
226200 862.424
226300 860.323
226400 860.232
226500 859.782
226600 861.129
226700 861.918
226800 862.956
226900 863.429
227000 863.764
227100 865.603
227200 865.872
227300 865.931
227400 865.359
227500 866.037
227600 866.315
227700 867.019
227800 867.348
227900 869.204
228000 869.866
228100 868.188
228200 868.141
228300 870.557
228400 868.818
228500 869.188
228600 868.683
228700 870.031
228800 868.537
228900 871.301
229000 869.392
229100 869.775
229200 872.382
229300 871.923
229400 870.453
229500 869.808
229600 871.98
229700 870.737
229800 873.34
229900 873.47
230000 872.902
230100 874.825
230200 874.407
230300 874.023
230400 874.032
230500 875.696
230600 877.607
230700 878.028
230800 878.349
230900 877.484
231000 878.189
231100 878.05
231200 879.337
231300 878.875
231400 878.966
231500 878.989
231600 880.017
231700 880.676
231800 880.649
231900 879.411
232000 880.069
232100 881.876
232200 881.465
232300 882.163
232400 881.092
232500 883.118
232600 883.367
232700 883.425
232800 884.525
232900 886.161
233000 885.296
233100 884.951
233200 885.806
233300 884.397
233400 885.064
233500 885.469
233600 885.795
233700 885.697
233800 886.95
233900 886.46
234000 886.595
234100 887.199
234200 887.347
234300 888.61
234400 888.068
234500 888.167
234600 887.959
234700 887.833
234800 889.656
234900 889.244
235000 890.934
235100 891.426
235200 889.15
235300 889.313
235400 889.907
235500 890.627
235600 891.959
235700 893.706
235800 893.789
235900 894.128
236000 894.421
236100 894.804
236200 896.589
236300 899.059
236400 896.967
236500 897.452
236600 897.416
236700 897.175
236800 897.914
236900 899.028
237000 898.929
237100 899.904
237200 900.658
237300 899.734
237400 899.271
237500 901.638
237600 900.632
237700 900.292
237800 899.589
237900 900.457
238000 901.747
238100 902.277
238200 902.278
238300 902.866
238400 904.011
238500 902.82
238600 903.376
238700 904.558
238800 904.472
238900 903.756
239000 904.09
239100 906.221
239200 905.818
239300 907.236
239400 907.238
239500 907.661
239600 907.116
239700 907.545
239800 907.8
239900 909.522
240000 909.828
240100 910.69
240200 909.565
240300 909.948
240400 909.45
240500 910.261
240600 911.513
240700 910.115
240800 911.581
240900 912.447
241000 912.454
241100 911.93
241200 913.019
241300 912.697
241400 912.437
241500 913.013
241600 914.548
241700 914.333
241800 914.628
241900 915.029
242000 915.306
242100 917.07
242200 916.063
242300 916.501
242400 915.794
242500 915.889
242600 915.282
242700 914.51
242800 914.572
242900 915.594
243000 916.693
243100 916.876
243200 917.038
243300 919.113
243400 918.26
243500 918.704
243600 919.331
243700 920.439
243800 921.036
243900 920.959
244000 919.784
244100 920.891
244200 920.865
244300 921.299
244400 921.763
244500 921.039
244600 922.097
244700 920.596
244800 919.918
244900 920.759
245000 923.052
245100 922.888
245200 923.266
245300 925.143
245400 925.131
245500 926.9
245600 927.899
245700 927.468
245800 927.715
245900 927.712
246000 926.552
246100 928.036
246200 929.097
246300 929.781
246400 929.529
246500 928.599
246600 928.628
246700 929.907
246800 930.362
246900 929.226
247000 928.346
247100 932.046
247200 929.662
247300 931.589
247400 932.593
247500 934.626
247600 934.818
247700 936.373
247800 935.894
247900 935.857
248000 936.517
248100 936.423
248200 935.585
248300 936.535
248400 937.415
248500 938.737
248600 940.866
248700 939.751
248800 939.481
248900 941.087
249000 939.965
249100 941.135
249200 940.95
249300 942.627
249400 940.915
249500 942.126
249600 943.153
249700 942.482
249800 944.98
249900 945.381
250000 946.26
250100 948.982
250200 946.97
250300 947.944
250400 948.245
250500 948.908
250600 947.649
250700 949.315
250800 951.002
250900 951.677
251000 953.009
251100 952.562
251200 953.276
251300 954.491
251400 953.569
251500 953.454
251600 955.124
251700 953.11
251800 956.121
251900 955.331
252000 955.027
252100 956.919
252200 957.797
252300 959.163
252400 960.33
252500 959.346
252600 959.421
252700 960.449
252800 962.015
252900 962.833
253000 963.594
253100 962.938
253200 963.138
253300 964.533
253400 966.435
253500 966.42
253600 966.027
253700 965.512
253800 967.256
253900 968.83
254000 969.412
254100 970.54
254200 968.655
254300 968.601
254400 968.733
254500 970.405
254600 970.663
254700 971.46
254800 972.609
254900 974.619
255000 973.499
255100 974.935
255200 972.624
255300 973.449
255400 973.777
255500 974.841
255600 973.947
255700 974.25
255800 973.069
255900 973.452
256000 974.342
256100 975.346
256200 976.96
256300 976.212
256400 977.651
256500 977.502
256600 977.21
256700 977.431
256800 977.926
256900 980.795
257000 980.813
257100 981.581
257200 981.41
257300 983.366
257400 982.95
257500 982.768
257600 984.216
257700 985.429
257800 983.822
257900 986.224
258000 987.136
258100 987.859
258200 986.371
258300 985.898
258400 986.935
258500 987.495
258600 987.579
258700 987.964
258800 988.382
258900 987.142
259000 989.069
259100 989.723
259200 988.82
259300 989.279
259400 988.806
259500 988.273
259600 989.236
259700 988.268
259800 988.944
259900 990.303
260000 990.797
260100 991.35
260200 992.33
260300 992.64
260400 994.74
260500 994.732
260600 993.616
260700 995.913
260800 995.546
260900 995.627
261000 996.152
261100 994.657
261200 994.717
261300 995.418
261400 995.89
261500 995.682
261600 996.285
261700 996.654
261800 996.883
261900 998.048
262000 998.469
262100 998.658
262200 997.821
262300 999.706
262400 998.342
262500 1000.01
262600 999.222
262700 1000.63
262800 999.278
262900 999.558
263000 1000.66
263100 1001.63
263200 1002.84
263300 1003.05
263400 1002.98
263500 1003.01
263600 1003.43
263700 1002.99
263800 1004.47
263900 1004.56
264000 1004.24
264100 1005.6
264200 1007.32
264300 1007.54
264400 1007.78
264500 1006.55
264600 1006.44
264700 1008.54
264800 1008.13
264900 1008.05
265000 1008.55
265100 1009.18
265200 1008.22
265300 1009.92
265400 1011.27
265500 1011.03
265600 1012.32
265700 1013.43
265800 1012.94
265900 1014.29
266000 1012.84
266100 1013.31
266200 1014.08
266300 1014.17
266400 1013.42
266500 1013.91
266600 1013.24
266700 1014.87
266800 1015.28
266900 1016.02
267000 1017.41
267100 1016.01
267200 1015.97
267300 1016.15
267400 1017.31
267500 1017.29
267600 1017.35
267700 1015.44
267800 1017.42
267900 1017.45
268000 1018.38
268100 1019.45
268200 1018.92
268300 1020.34
268400 1020.57
268500 1020.97
268600 1021.68
268700 1021.23
268800 1022.48
268900 1022.04
269000 1021.28
269100 1021.31
269200 1019.96
269300 1021.25
269400 1022.03
269500 1022.71
269600 1023.62
269700 1024.3
269800 1023.46
269900 1023.45
270000 1023.84
270100 1024.34
270200 1024.05
270300 1023.93
270400 1024.86
270500 1026.37
270600 1023.82
270700 1024.59
270800 1024.73
270900 1024.51
271000 1025.68
271100 1026.27
271200 1027.29
271300 1027.34
271400 1028.15
271500 1029.3
271600 1028.93
271700 1028.91
271800 1028.51
271900 1030.02
272000 1029.52
272100 1029.47
272200 1031.82
272300 1031.48
272400 1030.03
272500 1032.09
272600 1033.38
272700 1032.89
272800 1033.59
272900 1034.48
273000 1032.5
273100 1033.96
273200 1034.22
273300 1035.94
273400 1036.62
273500 1035.98
273600 1036.59
273700 1035.73
273800 1035.6
273900 1037.51
274000 1037.76
274100 1035.86
274200 1034.94
274300 1033.94
274400 1034.9
274500 1035.82
274600 1035.8
274700 1036.26
274800 1036.9
274900 1036.29
275000 1036.24
275100 1036.05
275200 1036.27
275300 1036.99
275400 1038.97
275500 1038.42
275600 1038.42
275700 1039.65
275800 1037.81
275900 1039
276000 1038.04
276100 1038.38
276200 1039.24
276300 1040.19
276400 1040.18
276500 1041.07
276600 1041.53
276700 1041.08
276800 1041.05
276900 1042.15
277000 1040.86
277100 1040.71
277200 1041.71
277300 1040.46
277400 1041.99
277500 1042.27
277600 1043.65
277700 1042.76
277800 1043.71
277900 1043.41
278000 1044.63
278100 1045.05
278200 1044.22
278300 1044.68
278400 1045.04
278500 1045.54
278600 1046.32
278700 1046.11
278800 1045.54
278900 1045.17
279000 1045.27
279100 1047.18
279200 1047.37
279300 1047.24
279400 1047.17
279500 1047.14
279600 1047.83
279700 1047.84
279800 1048.66
279900 1050.07
280000 1049.45
280100 1049.59
280200 1048.66
280300 1050.53
280400 1049.75
280500 1050.44
280600 1051.67
280700 1051.6
280800 1053.18
280900 1054.98
281000 1054.34
281100 1056.28
281200 1057.36
281300 1055.19
281400 1056.85
281500 1055.44
281600 1055.99
281700 1055.66
281800 1057.08
281900 1057.9
282000 1057.97
282100 1060.56
282200 1060.76
282300 1060.68
282400 1060.12
282500 1059.59
282600 1061.82
282700 1063.1
282800 1061.98
282900 1061.27
283000 1061.65
283100 1060.99
283200 1061.28
283300 1063.31
283400 1062.13
283500 1063.15
283600 1062.52
283700 1063.73
283800 1063.93
283900 1063.21
284000 1063.49
284100 1064.76
284200 1066.13
284300 1064.92
284400 1065.84
284500 1067.47
284600 1068.42
284700 1067.89
284800 1068.23
284900 1069.67
285000 1069.4
285100 1071.36
285200 1071.14
285300 1072.06
285400 1071.67
285500 1070.92
285600 1071.27
285700 1069.54
285800 1071.4
285900 1073.08
286000 1073.89
286100 1074.23
286200 1074.97
286300 1075.74
286400 1077.24
286500 1076.35
286600 1075.69
286700 1076.28
286800 1080.59
286900 1078.17
287000 1077.6
287100 1079.58
287200 1080.88
287300 1079.18
287400 1079.39
287500 1079.93
287600 1080.48
287700 1081.07
287800 1082.15
287900 1080.76
288000 1081.75
288100 1082.68
288200 1083.24
288300 1082.48
288400 1085.03
288500 1085.9
288600 1084.55
288700 1084.08
288800 1086.46
288900 1086.46
289000 1086.84
289100 1087.6
289200 1086.94
289300 1087.15
289400 1086.73
289500 1086.95
289600 1087.16
289700 1088.49
289800 1088.77
289900 1087.64
290000 1088.64
290100 1087.77
290200 1087.25
290300 1089.65
290400 1089.61
290500 1090.71
290600 1090.17
290700 1090.44
290800 1091.78
290900 1092.42
291000 1091.1
291100 1090.69
291200 1089.2
291300 1088.34
291400 1092.11
291500 1093.73
291600 1093.44
291700 1096.03
291800 1095.08
291900 1094.76
292000 1096.85
292100 1097.86
292200 1097.33
292300 1097.33
292400 1097.97
292500 1096.72
292600 1096.7
292700 1097.58
292800 1097.83
292900 1097.68
293000 1097.22
293100 1099.46
293200 1098.97
293300 1100.29
293400 1102.25
293500 1103
293600 1102.05
293700 1103.35
293800 1103.2
293900 1104.42
294000 1106.01
294100 1104.93
294200 1104.03
294300 1105.48
294400 1105.95
294500 1107.12
294600 1107.95
294700 1108.51
294800 1110.66
294900 1109.7
295000 1110.39
295100 1110.94
295200 1111.81
295300 1110.54
295400 1111.29
295500 1111.82
295600 1111.81
295700 1114.29
295800 1114.52
295900 1114.49
296000 1113.93
296100 1113.66
296200 1111.5
296300 1112.02
296400 1113.88
296500 1114.71
296600 1115.71
296700 1117.65
296800 1116.31
296900 1115.74
297000 1118.05
297100 1117.88
297200 1119.3
297300 1120.17
297400 1119.39
297500 1119.73
297600 1120.5
297700 1118.73
297800 1118.22
297900 1118.48
298000 1118.27
298100 1118.57
298200 1117.63
298300 1117.48
298400 1117.61
298500 1118.72
298600 1119.44
298700 1118.7
298800 1119.81
298900 1119.65
299000 1122.42
299100 1122.6
299200 1124.19
299300 1123.07
299400 1122.76
299500 1123.42
299600 1122.32
299700 1122.69
299800 1123.44
299900 1123.66
300000 1124.57
300100 1124.78
300200 1124.58
300300 1125.5
300400 1127.44
300500 1127.1
300600 1128.58
300700 1129.32
300800 1128.58
300900 1129.4
301000 1131.98
301100 1131.15
301200 1131.66
301300 1132.02
301400 1131.41
301500 1132.12
301600 1130.84
301700 1133.68
301800 1133.86
301900 1132.62
302000 1132.21
302100 1133.74
302200 1134.94
302300 1135.01
302400 1134.81
302500 1134.28
302600 1133.49
302700 1135.02
302800 1134.73
302900 1135.52
303000 1137.64
303100 1137.52
303200 1138
303300 1139.31
303400 1139.12
303500 1138.94
303600 1140.11
303700 1140.91
303800 1140.55
303900 1139.23
304000 1140.64
304100 1142.13
304200 1141.48
304300 1143.46
304400 1144.06
304500 1143.96
304600 1143.41
304700 1143.48
304800 1143.88
304900 1142.57
305000 1145.32
305100 1146.38
305200 1146.7
305300 1145.61
305400 1146
305500 1144.8
305600 1146.12
305700 1145.25
305800 1147.56
305900 1147.85
306000 1147.18
306100 1147.61
306200 1146
306300 1148.76
306400 1148.36
306500 1148.67
306600 1148.74
306700 1149.57
306800 1151.35
306900 1150.75
307000 1150.53
307100 1150.16
307200 1150.64
307300 1150.36
307400 1151.48
307500 1152.77
307600 1150.8
307700 1151.62
307800 1153.34
307900 1155.22
308000 1155.55
308100 1155.44
308200 1157.39
308300 1156.91
308400 1156.87
308500 1155.98
308600 1157.22
308700 1158.89
308800 1159.24
308900 1156.84
309000 1157.13
309100 1157.66
309200 1156.89
309300 1157.99
309400 1157.01
309500 1156.93
309600 1158.03
309700 1158.81
309800 1158.47
309900 1159.87
310000 1159.41
310100 1159.39
310200 1160.33
310300 1160.6
310400 1160.33
310500 1160.64
310600 1160.84
310700 1162.68
310800 1164.76
310900 1166.82
311000 1165.64
311100 1166.49
311200 1164.65
311300 1164.63
311400 1164.29
311500 1163.43
311600 1164.83
311700 1166.56
311800 1163.39
311900 1163.88
312000 1164.69
312100 1165.91
312200 1167.02
312300 1166.55
312400 1166.92
312500 1165.91
312600 1166.2
312700 1167.64
312800 1168.63
312900 1169.34
313000 1170.29
313100 1169.97
313200 1171.06
313300 1168.9
313400 1169.95
313500 1170.95
313600 1171.23
313700 1169.77
313800 1171.64
313900 1171.2
314000 1172.83
314100 1175.25
314200 1174.1
314300 1172.7
314400 1173.3
314500 1173.58
314600 1173.03
314700 1175.29
314800 1173.15
314900 1172.57
315000 1172.94
315100 1173.15
315200 1175.85
315300 1175.07
315400 1176.77
315500 1177.98
315600 1178.65
315700 1178.39
315800 1179.96
315900 1178.13
316000 1179.72
316100 1179.8
316200 1180.58
316300 1179.88
316400 1179.05
316500 1179.11
316600 1179.12
316700 1180.17
316800 1180.67
316900 1178.33
317000 1179.83
317100 1180.12
317200 1179.93
317300 1180.86
317400 1181.79
317500 1182.89
317600 1184.32
317700 1183.11
317800 1183.78
317900 1184.36
318000 1183.82
318100 1184.45
318200 1183.33
318300 1182.7
318400 1181.24
318500 1181.76
318600 1180.89
318700 1181.56
318800 1183.49
318900 1182.15
319000 1182.87
319100 1182.42
319200 1183.7
319300 1183.25
319400 1186.07
319500 1185.08
319600 1184.82
319700 1186.96
319800 1188.53
319900 1188.53
320000 1187.79
320100 1187.27
320200 1188.73
320300 1189.94
320400 1190.25
320500 1191.4
320600 1190.86
320700 1189.7
320800 1191.02
320900 1192.44
321000 1193.92
321100 1194.66
321200 1194.94
321300 1194.02
321400 1195.74
321500 1196.26
321600 1195.8
321700 1195.82
321800 1196.64
321900 1195.72
322000 1193.26
322100 1193.82
322200 1195.61
322300 1194.14
322400 1195.08
322500 1193.43
322600 1194.06
322700 1195.35
322800 1194.59
322900 1194.92
323000 1196.86
323100 1195.41
323200 1196.43
323300 1198.27
323400 1198.3
323500 1200.78
323600 1200.22
323700 1201.54
323800 1203.16
323900 1202.22
324000 1203.44
324100 1203.86
324200 1205.87
324300 1206.54
324400 1207.92
324500 1207.57
324600 1208.11
324700 1209.48
324800 1209.08
324900 1210.11
325000 1210.9
325100 1212.52
325200 1213.16
325300 1211.64
325400 1213.27
325500 1214.24
325600 1215.95
325700 1214.88
325800 1212.81
325900 1215.42
326000 1213.5
326100 1212.94
326200 1214.05
326300 1215.07
326400 1215.31
326500 1216.42
326600 1215.77
326700 1217.37
326800 1216.86
326900 1215.86
327000 1217.55
327100 1219.03
327200 1219.11
327300 1219.3
327400 1221.94
327500 1221.14
327600 1221.11
327700 1221.63
327800 1222.57
327900 1223.2
328000 1224.16
328100 1223.74
328200 1224.21
328300 1223.94
328400 1225.48
328500 1226.93
328600 1227.93
328700 1228.52
328800 1227.99
328900 1228.92
329000 1227.92
329100 1228.14
329200 1229.08
329300 1229.18
329400 1229.7
329500 1230.33
329600 1229.14
329700 1229.33
329800 1230.72
329900 1231.94
330000 1230.21
330100 1230.98
330200 1231.7
330300 1232.28
330400 1234.77
330500 1232.64
330600 1232.71
330700 1232.32
330800 1231.78
330900 1233.72
331000 1234.93
331100 1234.57
331200 1233.3
331300 1231.55
331400 1233.17
331500 1235.05
331600 1232.55
331700 1233.7
331800 1235.28
331900 1236.7
332000 1236.32
332100 1235.76
332200 1236.54
332300 1236.52
332400 1236.51
332500 1236.87
332600 1238.03
332700 1236.6
332800 1237.59
332900 1239.98
333000 1239.85
333100 1239.46
333200 1240.41
333300 1238.61
333400 1239.22
333500 1240.83
333600 1238.48
333700 1239.86
333800 1240.7
333900 1240.54
334000 1240.44
334100 1242.83
334200 1242.49
334300 1244.96
334400 1245.09
334500 1245.24
334600 1243.72
334700 1242.26
334800 1242.5
334900 1243.17
335000 1242.22
335100 1241.6
335200 1241.3
335300 1243.29
335400 1243.04
335500 1243.6
335600 1244.33
335700 1246.14
335800 1245.96
335900 1247.85
336000 1247.25
336100 1247.56
336200 1246.95
336300 1248.08
336400 1247.4
336500 1248.34
336600 1250.25
336700 1251.16
336800 1252.88
336900 1252.82
337000 1253.96
337100 1254.02
337200 1255.37
337300 1256.04
337400 1255.94
337500 1254.21
337600 1254.8
337700 1255.44
337800 1256.7
337900 1258
338000 1257.86
338100 1259.12
338200 1259.87
338300 1258.74
338400 1257.59
338500 1259.29
338600 1260.04
338700 1259.8
338800 1262.11
338900 1260.97
339000 1262.16
339100 1260.58
339200 1259.01
339300 1258.35
339400 1258.77
339500 1260.28
339600 1261.91
339700 1262.26
339800 1261.55
339900 1262.41
340000 1261.79
340100 1262.37
340200 1262.3
340300 1262.5
340400 1261.4
340500 1261.59
340600 1261.78
340700 1262.64
340800 1264.32
340900 1263.52
341000 1263.73
341100 1264.92
341200 1266.96
341300 1268.52
341400 1268.99
341500 1267.73
341600 1267.32
341700 1268.65
341800 1269.07
341900 1267.37
342000 1267.59
342100 1267.44
342200 1268.28
342300 1267.95
342400 1267.68
342500 1269.41
342600 1271.59
342700 1269.14
342800 1268.52
342900 1270.31
343000 1270.05
343100 1272.23
343200 1271.5
343300 1272.19
343400 1273.84
343500 1273.7
343600 1273.02
343700 1272.98
343800 1273.99
343900 1274.31
344000 1275.01
344100 1275.52
344200 1274.04
344300 1276.17
344400 1274.91
344500 1275.96
344600 1275.02
344700 1275.86
344800 1276.97
344900 1277.84
345000 1278.89
345100 1279.28
345200 1279.42
345300 1278.93
345400 1279.7
345500 1280.13
345600 1278.1
345700 1278.2
345800 1280.6
345900 1280.25
346000 1278.56
346100 1278.53
346200 1278.68
346300 1281.06
346400 1282.07
346500 1281
346600 1281.52
346700 1281.08
346800 1282.48
346900 1282.4
347000 1281.67
347100 1283.38
347200 1284.48
347300 1285.79
347400 1284.35
347500 1284.43
347600 1282.83
347700 1283.18
347800 1283.4
347900 1284.33
348000 1283.9
348100 1286.23
348200 1286.06
348300 1286.22
348400 1287.86
348500 1288.37
348600 1289.47
348700 1289.86
348800 1290.24
348900 1290.43
349000 1291.47
349100 1291.76
349200 1291.55
349300 1291.79
349400 1292.52
349500 1292.34
349600 1291.95
349700 1291.96
349800 1293.11
349900 1294.48
350000 1296.11
