# Time-averaged data for fix all_msd
# TimeStep c_msd1[4]
0 2.04939e-29
100 0.537347
200 0.890138
300 1.23358
400 1.5755
500 2.03151
600 2.41693
700 2.93074
800 3.38073
900 3.86966
1000 4.39163
1100 5.00914
1200 5.48127
1300 5.99976
1400 6.64597
1500 7.23635
1600 8.02948
1700 8.43383
1800 8.91813
1900 9.50623
2000 9.98348
2100 10.3223
2200 10.8916
2300 11.189
2400 11.8193
2500 12.1145
2600 12.563
2700 12.882
2800 13.6313
2900 14.1827
3000 14.6771
3100 15.2006
3200 15.8044
3300 16.3051
3400 16.6677
3500 17.0456
3600 17.6124
3700 17.9256
3800 18.5339
3900 19.0262
4000 19.5685
4100 19.7317
4200 20.2774
4300 21.126
4400 21.4121
4500 22.2327
4600 22.7322
4700 23.582
4800 24.041
4900 24.5143
5000 24.9379
5100 25.5361
5200 25.6945
5300 26.1554
5400 26.6551
5500 27.1146
5600 27.332
5700 28.1979
5800 28.6082
5900 29.4075
6000 29.9888
6100 30.6143
6200 31.0971
6300 31.5315
6400 31.9469
6500 32.4629
6600 33.2946
6700 33.8303
6800 34.3622
6900 35.2099
7000 35.8889
7100 36.3481
7200 36.6718
7300 37.1537
7400 37.7282
7500 38.9014
7600 39.6472
7700 40.1697
7800 40.4276
7900 40.9006
8000 41.5983
8100 41.74
8200 42.201
8300 42.7077
8400 43.5134
8500 43.9875
8600 44.9003
8700 45.2178
8800 45.2965
8900 45.8238
9000 46.2656
9100 46.8626
9200 47.3898
9300 48.2061
9400 48.5508
9500 49.2459
9600 49.9286
9700 50.1403
9800 50.8897
9900 51.9336
10000 52.8717
10100 53.3361
10200 53.8669
10300 55.092
10400 55.5753
10500 56.4288
10600 57.1874
10700 57.5029
10800 58.0404
10900 58.6104
11000 59.4957
11100 60.412
11200 61.0343
11300 61.584
11400 62.3527
11500 62.7303
11600 63.0007
11700 63.2277
11800 63.9561
11900 65.1568
12000 65.5574
12100 65.9209
12200 66.2271
12300 67.1743
12400 67.7936
12500 68.6493
12600 69.5378
12700 70.2884
12800 70.7458
12900 71.2947
13000 71.7566
13100 72.4757
13200 73.5257
13300 74.0656
13400 74.9727
13500 75.2149
13600 75.9732
13700 76.0942
13800 77.0899
13900 77.4057
14000 78.169
14100 78.8704
14200 79.6601
14300 80.1114
14400 80.2677
14500 81.041
14600 81.6072
14700 82.1249
14800 82.9048
14900 83.3489
15000 83.7019
15100 84.3544
15200 85.1241
15300 85.6103
15400 86.73
15500 86.3745
15600 86.8181
15700 87.8262
15800 88.6188
15900 88.6544
16000 88.8843
16100 90.0714
16200 90.1882
16300 90.3711
16400 90.7126
16500 91.5777
16600 91.9775
16700 92.1778
16800 92.4799
16900 93.0632
17000 93.6436
17100 94.418
17200 95.4556
17300 96.4053
17400 96.5016
17500 96.9072
17600 97.0401
17700 97.5655
17800 98.7101
17900 99.2391
18000 100.255
18100 100.504
18200 100.385
18300 101.105
18400 101.38
18500 102.371
18600 102.618
18700 103.361
18800 103.963
18900 104.554
19000 105.372
19100 105.18
19200 105.899
19300 106.762
19400 107.396
19500 108.415
19600 108.551
19700 108.635
19800 109.376
19900 109.155
20000 110.043
20100 110.09
20200 110.559
20300 110.545
20400 111.3
20500 111.516
20600 111.902
20700 112.601
20800 112.779
20900 113.271
21000 113.757
21100 114.204
21200 114.833
21300 115.363
21400 116.087
21500 116.494
21600 117.319
21700 118.277
21800 118.12
21900 118.634
22000 118.329
22100 119.071
22200 119.807
22300 120.115
22400 120.58
22500 121.186
22600 121.575
22700 122.146
22800 122.776
22900 122.993
23000 123.903
23100 124.703
23200 125.019
23300 124.818
23400 125.518
23500 125.699
23600 126.564
23700 127.274
23800 128.025
23900 128.915
24000 129.179
24100 129.735
24200 129.545
24300 130.426
24400 130.309
24500 130.643
24600 131.194
24700 131.436
24800 131.799
24900 132.22
25000 132.517
25100 133.628
25200 133.601
25300 133.645
25400 135.231
25500 135.581
25600 136.07
25700 136.734
25800 137.002
25900 137.78
26000 138.084
26100 138.949
26200 139.603
26300 139.514
26400 140.063
26500 140.532
26600 140.924
26700 140.648
26800 140.651
26900 142.025
27000 141.666
27100 142.303
27200 143.314
27300 143.616
27400 144.739
27500 144.76
27600 145.58
27700 146.243
27800 145.959
27900 146.212
28000 147.064
28100 147.512
28200 148.081
28300 148.898
28400 149.426
28500 150.334
28600 151.829
28700 152.26
28800 152.666
28900 152.713
29000 153.255
29100 154.191
29200 154.731
29300 155.127
29400 155.838
29500 156.311
29600 156.394
29700 157.331
29800 157.651
29900 157.191
30000 158.42
30100 159.288
30200 159.327
30300 159.816
30400 160.173
30500 160.067
30600 161.337
30700 161.989
30800 162.516
30900 162.268
31000 162.445
31100 162.908
31200 164.004
31300 164.069
31400 164.635
31500 164.539
31600 165.533
31700 165.843
31800 166.566
31900 166.426
32000 167.269
32100 166.967
32200 167.911
32300 168.63
32400 168.454
32500 169.217
32600 169.696
32700 170.284
32800 171.283
32900 171.483
33000 172.577
33100 172.644
33200 173.807
33300 173.7
33400 174.183
33500 174.429
33600 175.947
33700 176.038
33800 176.835
33900 177.443
34000 177.358
34100 177.605
34200 177.712
34300 178.669
34400 178.379
34500 179.136
34600 179.92
34700 180.769
34800 180.564
34900 181.298
35000 181.869
35100 182.703
35200 182.634
35300 182.724
35400 182.85
35500 183.353
35600 183.961
35700 184.29
35800 184.217
35900 185.139
36000 185.295
36100 185.616
36200 185.804
36300 186.404
36400 186.76
36500 187.124
36600 187.728
36700 188.148
36800 189.06
36900 190.084
37000 190.482
37100 190.669
37200 191.386
37300 192.49
37400 193.594
37500 193.478
37600 193.577
37700 194.312
37800 194.998
37900 194.923
38000 196.071
38100 196.922
38200 197.964
38300 197.048
38400 198.572
38500 199.067
38600 199.479
38700 199.716
38800 200.1
38900 200.51
39000 201.249
39100 201.888
39200 202.571
39300 202.56
39400 203.723
39500 204.711
39600 204.847
39700 206.875
39800 207.365
39900 207.461
40000 207.51
40100 207.976
40200 208.848
40300 209.793
40400 209.517
40500 210.106
40600 211.171
40700 210.969
40800 211.813
40900 212.509
41000 212.472
41100 212.819
41200 212.858
41300 213.772
41400 214.783
41500 215.294
41600 215.689
41700 216.415
41800 217.42
41900 218.401
42000 219.576
42100 220.488
42200 220.696
42300 221.382
42400 221.537
42500 221.92
42600 222.472
42700 223.014
42800 223.312
42900 224.393
43000 224.543
43100 224.924
43200 225.425
43300 225.263
43400 225.588
43500 225.879
43600 226.235
43700 226.58
43800 226.115
43900 226.346
44000 227.677
44100 228.138
44200 228.27
44300 228.054
44400 228.784
44500 229.312
44600 230.309
44700 231.243
44800 231.694
44900 232.036
45000 232.44
45100 233.151
45200 233.59
45300 233.897
45400 234.033
45500 234.501
45600 234.988
45700 236.936
45800 237.67
45900 238.324
46000 238.607
46100 239.236
46200 240.46
46300 240.61
46400 240.532
46500 241.329
46600 241.941
46700 242.726
46800 244.01
46900 244.219
47000 246.011
47100 245.899
47200 246.603
47300 246.613
47400 247.391
47500 248.364
47600 248.4
47700 249.84
47800 250.677
47900 251.861
48000 252.277
48100 252.228
48200 252.671
48300 253.55
48400 254.127
48500 254.98
48600 255.866
48700 256.182
48800 256.132
48900 256.203
49000 257.765
49100 258.154
49200 257.735
49300 259.218
49400 260.478
49500 259.64
49600 261.469
49700 263.08
49800 264.314
49900 265.013
50000 265.73
50100 265.418
50200 265.825
50300 265.976
50400 265.664
50500 266.765
50600 267.775
50700 268.451
50800 268.319
50900 268.998
51000 269.808
51100 270.646
51200 271.527
51300 271.706
51400 272.247
51500 272.305
51600 272.944
51700 273.529
51800 274.528
51900 274.826
52000 275.713
52100 276.315
52200 276.883
52300 276.617
52400 277.239
52500 277.897
52600 278.577
52700 279.243
52800 280.228
52900 282.051
53000 282.036
53100 282.162
53200 282.719
53300 282.802
53400 282.867
53500 284.171
53600 284.813
53700 284.889
53800 285.577
53900 286.501
54000 286.734
54100 288.792
54200 288.516
54300 288.463
54400 289.075
54500 290.627
54600 290.621
54700 291.365
54800 292.696
54900 293.461
55000 293.678
55100 294.274
55200 295.023
55300 297.179
55400 297.581
55500 297.858
55600 298.234
55700 299.345
55800 299.695
55900 301.624
56000 301.363
56100 302.214
56200 302.609
56300 303.449
56400 304.188
56500 304.657
56600 305.948
56700 307.003
56800 307.003
56900 307.002
57000 308.468
57100 309.265
57200 309.301
57300 309.49
57400 309.896
57500 310.496
57600 310.554
57700 311.316
57800 312.091
57900 313.3
58000 314.117
58100 315.485
58200 315.767
58300 315.567
58400 316.458
58500 317.098
58600 317.75
58700 318.628
58800 318.701
58900 319.262
59000 319.371
59100 320.904
59200 320.72
59300 321.758
59400 322.701
59500 322.896
59600 324.17
59700 324.867
59800 325.867
59900 326.911
60000 328.732
60100 328.786
60200 329.503
60300 330.283
60400 331.229
60500 332.252
60600 333.257
60700 334.61
60800 334.545
60900 334.204
61000 336.021
61100 336.065
61200 336.894
61300 337.373
61400 338.056
61500 339.775
61600 339.793
61700 339.461
61800 340.663
61900 340.942
62000 342.001
62100 342.347
62200 342.407
62300 342.725
62400 343.013
62500 342.914
62600 344.636
62700 344.608
62800 345.617
62900 346.589
63000 346.888
63100 347.111
63200 347.339
63300 347.653
63400 346.84
63500 347.394
63600 347.751
63700 347.527
63800 347.372
63900 347.97
64000 347.982
64100 348.319
64200 349.078
64300 348.541
64400 349.506
64500 350.615
64600 351.733
64700 352.943
64800 352.564
64900 352.33
65000 353.567
65100 354.137
65200 355.518
65300 355.273
65400 355.934
65500 356.286
65600 356.88
65700 357.344
65800 357.769
65900 358.673
66000 359.226
66100 360.308
66200 361.24
66300 361.631
66400 361.817
66500 361.963
66600 363.015
66700 362.914
66800 364.031
66900 363.69
67000 364.214
67100 364.895
67200 364.477
67300 364.815
67400 366.774
67500 367.254
67600 367.743
67700 368.127
67800 368.368
67900 369.042
68000 370.427
68100 370.66
68200 372.714
68300 371.804
68400 373.044
68500 374.364
68600 373.982
68700 373.942
68800 375.054
68900 375.24
69000 375.204
69100 376.932
69200 377.285
69300 377.728
69400 377.703
69500 378.125
69600 378.14
69700 377.297
69800 379.134
69900 379.54
70000 380.911
70100 381.016
70200 380.739
70300 381.154
70400 381.143
70500 382.191
70600 382.871
70700 382.94
70800 383.689
70900 384.4
71000 383.509
71100 383.306
71200 384.126
71300 385.004
71400 384.659
71500 385.296
71600 385.78
71700 387.576
71800 387.703
71900 388.464
72000 389.145
72100 388.8
72200 390.772
72300 391.546
72400 391.823
72500 391.707
72600 391.522
72700 391.868
72800 392.152
72900 393.484
73000 393.322
73100 394.497
73200 394.381
73300 394.69
73400 396.276
73500 396.758
73600 397.887
73700 399.158
73800 399.072
73900 399.462
74000 400.153
74100 400.4
74200 400.241
74300 400.869
74400 401.152
74500 400.956
74600 401.942
74700 402.579
74800 402.338
74900 403.69
75000 402.714
75100 403.341
75200 403.236
75300 404.319
75400 404.558
75500 404.656
75600 404.033
75700 404.319
75800 406.05
75900 405.989
76000 406.632
76100 406.597
76200 406.11
76300 406.702
76400 406.119
76500 407.442
76600 406.257
76700 406.873
76800 408.121
76900 408.335
77000 409.213
77100 409.102
77200 410.036
77300 409.582
77400 409.511
77500 409.332
77600 409.406
77700 409.266
77800 411.106
77900 411.102
78000 411.213
78100 411.739
78200 412.617
78300 413.06
78400 412.435
78500 412.393
78600 413.44
78700 413.733
78800 414.371
78900 415.519
79000 416.517
79100 416.998
79200 416.935
79300 417.633
79400 417.165
79500 417.087
79600 418.325
79700 418.339
79800 420.056
79900 420.625
80000 420.224
80100 420.494
80200 420.503
80300 420.254
80400 420.061
80500 420.709
80600 421.613
80700 420.473
80800 422.512
80900 423.001
81000 423.584
81100 424.952
81200 426.127
81300 427.174
81400 427.58
81500 429.26
81600 429.986
81700 429.987
81800 430.052
81900 430.106
82000 430.998
82100 432.39
82200 431.709
82300 431.721
82400 432.839
82500 433.688
82600 433.045
82700 433.685
82800 435.894
82900 436.438
83000 436.941
83100 438.242
83200 438.983
83300 438.535
83400 437.848
83500 436.396
83600 437.82
83700 439.32
83800 440.757
83900 440.886
84000 441.762
84100 441.606
84200 441.573
84300 443.429
84400 444.056
84500 444.486
84600 446.039
84700 446.211
84800 446.345
84900 446.358
85000 447.434
85100 447.126
85200 447.496
85300 448.757
85400 450.638
85500 450.815
85600 450.317
85700 451.235
85800 450.736
85900 451.861
86000 452.628
86100 451.799
86200 452.312
86300 452.686
86400 452.666
86500 453.75
86600 453.018
86700 455.027
86800 454.819
86900 455.065
87000 454.845
87100 455.979
87200 456.192
87300 456.843
87400 457.251
87500 458.724
87600 458.727
87700 457.923
87800 459.274
87900 459.222
88000 458.94
88100 459.985
88200 461.712
88300 462.98
88400 463.005
88500 463.998
88600 464.595
88700 464.875
88800 464.792
88900 466.065
89000 467.306
89100 468.024
89200 468.077
89300 468.135
89400 469.229
89500 469.178
89600 468.563
89700 468.61
89800 469.234
89900 470.167
90000 471.657
90100 472.328
90200 472.886
90300 474.311
90400 475.585
90500 475.833
90600 475.778
90700 476.715
90800 476.981
90900 477.015
91000 476.748
91100 477.21
91200 478.353
91300 478.363
91400 479.239
91500 479.985
91600 480.321
91700 481.702
91800 482.648
91900 483.105
92000 482.416
92100 484.409
92200 486.662
92300 486.774
92400 488.618
92500 487.993
92600 488.1
92700 487.999
92800 488.761
92900 490.016
93000 490.242
93100 489.582
93200 489.901
93300 489.2
93400 490.009
93500 490.708
93600 491.146
93700 491.657
93800 491.557
93900 492.663
94000 493.14
94100 494.299
94200 494.413
94300 494.889
94400 496.056
94500 496.211
94600 499.462
94700 499.496
94800 500.769
94900 500.997
95000 500.627
95100 502.139
95200 502.066
95300 502.148
95400 503.441
95500 504.549
95600 505.778
95700 504.663
95800 506.414
95900 506.344
96000 507.298
96100 508.765
96200 509.631
96300 508.86
96400 508.381
96500 510.77
96600 511.32
96700 511.721
96800 511.639
96900 512.277
97000 513.88
97100 514.798
97200 515.749
97300 515.408
97400 516.763
97500 517.848
97600 518.154
97700 518.158
97800 517.349
97900 517.477
98000 518.563
98100 518.97
98200 518.39
98300 520.251
98400 520.431
98500 520.518
98600 520.988
98700 522.576
98800 524.064
98900 522.935
99000 522.77
99100 523.42
99200 523.723
99300 524.549
99400 526.106
99500 526.153
99600 526.804
99700 527.859
99800 526.982
99900 528.096
100000 527.826
100100 528.975
100200 530.448
100300 529.565
100400 529.876
100500 530.096
100600 530.697
100700 531.095
100800 531.423
100900 532.335
101000 532.415
101100 532.991
101200 533.292
101300 534.391
101400 533.555
101500 533.268
101600 534.567
101700 534.961
101800 534.433
101900 535.456
102000 535.049
102100 534.295
102200 535.509
102300 536.24
102400 536.125
102500 536.356
102600 536.42
102700 537.507
102800 537.553
102900 537.7
103000 538.362
103100 538.299
103200 538.524
103300 539.559
103400 540.431
103500 540.699
103600 540.709
103700 542.447
103800 542.039
103900 543.035
104000 543.611
104100 542.45
104200 543.076
104300 543.151
104400 543.494
104500 545.386
104600 546.354
104700 548.34
104800 548.523
104900 548.279
105000 548.662
105100 549.664
105200 549.984
105300 549.275
105400 550.028
105500 551.621
105600 552.303
105700 553.634
105800 555.338
105900 555.255
106000 554.639
106100 555.582
106200 556.329
106300 557.341
106400 557.896
106500 558.442
106600 558.442
106700 558.403
106800 558.812
106900 557.974
107000 559.599
107100 559.707
107200 560.948
107300 561.411
107400 561.986
107500 562.897
107600 563.686
107700 563.906
107800 564.785
107900 563.869
108000 563.586
108100 564.372
108200 564.45
108300 565.257
108400 564.6
108500 565.192
108600 565.969
108700 566.389
108800 566.953
108900 568.115
109000 569.33
109100 569.893
109200 569.244
109300 571.261
109400 571.094
109500 572.33
109600 572.606
109700 572.976
109800 573.595
109900 574.613
110000 575.063
110100 575.263
110200 575.537
110300 576.958
110400 576.949
110500 578.03
110600 579.623
110700 579.413
110800 580.067
110900 581.445
111000 581.088
111100 581.944
111200 582.149
111300 583.257
111400 584.321
111500 584.275
111600 584.971
111700 586.061
111800 585.694
111900 587.046
112000 587.585
112100 585.66
112200 587.706
112300 589.344
112400 590.144
112500 590.571
112600 590.797
112700 591.517
112800 592.169
112900 593.069
113000 593.442
113100 593.666
113200 594.588
113300 594.012
113400 593.163
113500 594.176
113600 595.308
113700 595.613
113800 596.459
113900 595.826
114000 596.043
114100 595.426
114200 596.219
114300 599.079
114400 598.935
114500 598.568
114600 599.592
114700 599.712
114800 601.08
114900 602.334
115000 603.29
115100 601.346
115200 602.525
115300 603.962
115400 604.476
115500 604.796
115600 605.728
115700 605.349
115800 605.579
115900 607.035
116000 607.32
116100 606.572
116200 606.695
116300 607.393
116400 607.958
116500 610.131
116600 610.114
116700 611.865
116800 612.527
116900 612.928
117000 611.968
117100 612.563
117200 613.231
117300 614.173
117400 612.767
117500 614.439
117600 614.719
117700 614.866
117800 616.073
117900 617.005
118000 615.522
118100 618.271
118200 618.145
118300 620.011
118400 620.536
118500 621.076
118600 622.528
118700 621.74
118800 622.629
118900 623.859
119000 624.261
119100 625.617
119200 625.059
119300 626.333
119400 627.544
119500 628.326
119600 629.022
119700 628.564
119800 629.794
119900 631.449
120000 629.329
120100 630.224
120200 630.589
120300 632.234
120400 632.736
120500 633.158
120600 633.537
120700 633.446
120800 633.785
120900 633.588
121000 634.844
121100 634.61
121200 636.7
121300 637.548
121400 639.155
121500 638.895
121600 639.362
121700 640.344
121800 640.185
121900 641.144
122000 641.443
122100 644.215
122200 645.128
122300 645.588
122400 647.023
122500 647.984
122600 649.659
122700 651.029
122800 650.53
122900 652.085
123000 652.326
123100 652.821
123200 654.653
123300 654.824
123400 656.678
123500 656.519
123600 657.488
123700 657.977
123800 658.21
123900 657.866
124000 658.036
124100 659.157
124200 658.399
124300 659.215
124400 659.007
124500 659.03
124600 659.417
124700 661.277
124800 661.657
124900 661.898
125000 663.752
125100 664.868
125200 664.702
125300 664.18
125400 664.948
125500 665.186
125600 666.752
125700 666.938
125800 667.513
125900 667.829
126000 669.355
126100 669.404
126200 669.973
126300 669.743
126400 670.539
126500 670.619
126600 671.647
126700 672.453
126800 673.452
126900 672.52
127000 671.369
127100 672.91
127200 674.572
127300 675.962
127400 676.759
127500 677.096
127600 678.259
127700 678.496
127800 679.54
127900 678.202
128000 679.32
128100 678.744
128200 679.488
128300 678.949
128400 679.36
128500 678.972
128600 680.021
128700 681.306
128800 680.326
128900 680.16
129000 679.983
129100 681.325
129200 682.114
129300 682.636
129400 683.545
129500 684.427
129600 685.758
129700 685.249
129800 685.83
129900 686.631
130000 688.32
130100 688.421
130200 687.028
130300 688.081
130400 688.645
130500 690.103
130600 690.043
130700 689.142
130800 689.707
130900 690.272
131000 688.027
131100 689.171
131200 689.755
131300 689.528
131400 690.705
131500 691.441
131600 690.394
131700 693.373
131800 693.284
131900 694.183
132000 692.07
132100 693.552
132200 694.935
132300 696.843
132400 697.073
132500 697.111
132600 698.158
132700 697.8
132800 697.484
132900 697.381
133000 697.257
133100 697.021
133200 697.368
133300 697.132
133400 697.768
133500 698.809
133600 699.063
133700 700.12
133800 699.191
133900 699.712
134000 700.202
134100 702.664
134200 701.721
134300 702.008
134400 703.123
134500 703.501
134600 705.191
134700 705.435
134800 706.881
134900 707.324
135000 707.321
135100 708.999
135200 709.87
135300 708.646
135400 709.692
135500 710.033
135600 710.622
135700 708.794
135800 709.072
135900 709.535
136000 707.944
136100 708.975
136200 709.396
136300 710.907
136400 712.292
136500 711.618
136600 712.383
136700 713.988
136800 714.455
136900 714.777
137000 715.991
137100 715.173
137200 715.813
137300 716.474
137400 716.354
137500 718.164
137600 718.111
137700 718.743
137800 720.351
137900 721.988
138000 720.389
138100 721.188
138200 722.107
138300 723.503
138400 723.814
138500 723.662
138600 724.007
138700 726.366
138800 725.528
138900 727.478
139000 727.867
139100 729.454
139200 729.066
139300 729.566
139400 730.335
139500 731.559
139600 732.28
139700 733.939
139800 733.985
139900 734.892
140000 733.808
140100 733.605
140200 734.423
140300 734.506
140400 735.231
140500 736.151
140600 735.973
140700 735.707
140800 737.31
140900 737.224
141000 737.41
141100 738.086
141200 739.588
141300 739.847
141400 740.562
141500 740.57
141600 741.979
141700 742.31
141800 741.526
141900 741.54
142000 741.364
142100 740.789
142200 742.261
142300 745.417
142400 745.806
142500 747.527
142600 745.319
142700 747.239
142800 747.456
142900 747.837
143000 749.784
143100 750.489
143200 748.982
143300 750.379
143400 750.417
143500 752.181
143600 751.238
143700 750.609
143800 750.689
143900 752.461
144000 753.788
144100 753.758
144200 753.668
144300 753.344
144400 754.278
144500 755.676
144600 756.154
144700 756.118
144800 756.744
144900 757.879
145000 755.824
145100 756.556
145200 758.344
145300 758.872
145400 760.154
145500 761.951
145600 760.668
145700 761.257
145800 761.456
145900 761.679
146000 762.372
146100 763.441
146200 764.01
146300 765.179
146400 766.274
146500 765.645
146600 768.12
146700 766.839
146800 767.723
146900 769.54
147000 769.718
147100 768.921
147200 769.531
147300 769.988
147400 771.686
147500 771.534
147600 771.782
147700 772.706
147800 772.928
147900 773.271
148000 776.286
148100 775.011
148200 776.877
148300 777.68
148400 778.255
148500 778.11
148600 779.86
148700 778.726
148800 778.402
148900 779.16
149000 780.238
149100 781.894
149200 782.373
149300 782.304
149400 780.961
149500 782.276
149600 782.791
149700 783.226
149800 783.923
149900 784.041
150000 785.257
150100 786.894
150200 786.436
150300 786.764
150400 787.772
150500 788.477
150600 788.926
150700 789.798
150800 790.12
150900 789.571
151000 790.949
151100 790.955
151200 790.549
151300 792.676
151400 792.197
151500 792.379
151600 791.738
151700 793.428
151800 794.255
151900 796.366
152000 796.507
152100 795.53
152200 796.846
152300 798.068
152400 799.894
152500 801.576
152600 803.528
152700 803.698
152800 804.032
152900 805.481
153000 804.88
153100 806.809
153200 806.511
153300 806.341
153400 808.008
153500 807.314
153600 808.465
153700 809.626
153800 809.337
153900 810.637
154000 811.429
154100 812.807
154200 815.309
154300 815.938
154400 816.317
154500 815.539
154600 816.473
154700 816.982
154800 816.894
154900 817.877
155000 818.381
155100 817.496
155200 819.031
155300 817.943
155400 819.988
155500 820.191
155600 821.468
155700 821.222
155800 820.837
155900 821.72
156000 823.869
156100 823.507
156200 824.007
156300 824.041
156400 824.529
156500 823.847
156600 824.012
156700 825.083
156800 825.621
156900 825.618
157000 826.123
157100 826.355
157200 826.987
157300 827.853
157400 827.085
157500 828.146
157600 828.743
157700 829.261
157800 828.891
157900 830.368
158000 831.648
158100 832.86
158200 833.383
158300 833.631
158400 834.672
158500 836.16
158600 837.582
158700 837.667
158800 839.744
158900 840.877
159000 840.546
159100 841.064
159200 840.324
159300 841.856
159400 842.377
159500 842.093
159600 841.091
159700 841.459
159800 842.385
159900 842.812
160000 843.968
160100 845.24
160200 844.007
160300 845.785
160400 845.396
160500 846.925
160600 848.717
160700 847.924
160800 847.968
160900 849.215
161000 849.835
161100 849.926
161200 851.236
161300 852.037
161400 852.04
161500 851.436
161600 853.702
161700 854.904
161800 853.729
161900 852.705
162000 854.794
162100 855.633
162200 857.108
162300 857.448
162400 858.487
162500 859.565
162600 858.077
162700 858.7
162800 861.587
162900 863.055
163000 861.436
163100 862.61
163200 864.6
163300 865.93
163400 864.77
163500 865.646
163600 864.528
163700 865.21
163800 864.137
163900 865.472
164000 865.446
164100 865.513
164200 867.679
164300 868.921
164400 868.264
164500 868.06
164600 869.077
164700 868.855
164800 870.395
164900 870.9
165000 870.225
165100 872.504
165200 871.782
165300 872.281
165400 872.404
165500 872.891
165600 874.264
165700 873.748
165800 873.8
165900 874.036
166000 875.932
166100 876.633
166200 878.267
166300 879.261
166400 877.769
166500 877.612
166600 878.071
166700 878.93
166800 879.634
166900 879.736
167000 880.912
167100 880.384
167200 880.136
167300 879.984
167400 882.171
167500 883.96
167600 881.679
167700 882.826
167800 883.534
167900 882.887
168000 884.046
168100 884.834
168200 884.244
168300 886.44
168400 887.001
168500 886.399
168600 887.674
168700 888.273
168800 888.16
168900 889.916
169000 890.653
169100 892.506
169200 895.21
169300 897.288
169400 894.76
169500 895.001
169600 895.794
169700 895.11
169800 895.246
169900 895.476
170000 896.873
170100 896.687
170200 897.975
170300 898.123
170400 896.938
170500 897.896
170600 899.864
170700 898.726
170800 898.017
170900 897.03
171000 897.004
171100 898.352
171200 898.367
171300 898.187
171400 899.139
171500 899.355
171600 899.459
171700 900.306
171800 899.607
171900 900.394
172000 901.3
172100 902.148
172200 903.739
172300 906.139
172400 906.074
172500 906.279
172600 908.722
172700 907.027
172800 909.582
172900 910.021
173000 912.19
173100 912.179
173200 912.501
173300 913.282
173400 915.028
173500 913.639
173600 914.917
173700 915.648
173800 916.621
173900 917.383
174000 917.601
174100 918.687
174200 919.14
174300 920.75
174400 923.75
174500 924.202
174600 924.496
174700 923.096
174800 924.734
174900 923.915
175000 925.287
175100 923.989
175200 924.266
175300 925.448
175400 925.649
175500 928.602
175600 927.212
175700 927.381
175800 928.523
175900 929.404
176000 930.409
176100 930.395
176200 932.538
176300 933.779
176400 935.18
176500 934.396
176600 935.107
176700 933.539
176800 934.357
176900 935.803
177000 936.067
177100 936.728
177200 936.326
177300 935.882
177400 935.978
177500 938.014
177600 939.901
177700 940.622
177800 941.184
177900 941.059
178000 942.106
178100 942.647
178200 943.073
178300 944.285
178400 945.988
178500 946.549
178600 948.81
178700 950.018
178800 949.118
178900 949.857
179000 951.051
179100 952.892
179200 953.326
179300 951.966
179400 952.727
179500 951.214
179600 952.543
179700 953.087
179800 953.761
179900 954.18
180000 956.43
180100 956.661
180200 956.904
180300 957.93
180400 958.253
180500 957.989
180600 959.438
180700 960.662
180800 962.946
180900 964.42
181000 963.072
181100 964.924
181200 966.176
181300 966.596
181400 967.107
181500 967.277
181600 968.652
181700 969.955
181800 970.805
181900 971.245
182000 970.522
182100 969.521
182200 970.948
182300 970.976
182400 973.313
182500 972.191
182600 973.394
182700 973.328
182800 973.952
182900 974.083
183000 975.415
183100 974.69
183200 975.318
183300 976.782
183400 976.339
183500 980.259
183600 979.593
183700 979.204
183800 980.164
183900 980.542
184000 980.833
184100 979.881
184200 980.548
184300 981.81
184400 983.23
184500 983.671
184600 981.839
184700 981.649
184800 981.548
184900 983.324
185000 984.304
185100 984.926
185200 985.307
185300 986.58
185400 987.551
185500 989.474
185600 990.742
185700 988.636
185800 989.229
185900 989.814
186000 989.187
186100 991.179
186200 994.577
186300 995.4
186400 995.67
186500 993.832
186600 995.951
186700 995.824
186800 998.022
186900 1000.1
187000 1000.25
187100 1000.76
187200 1000.18
187300 999.815
187400 999.944
187500 1002.12
187600 1002.8
187700 1003.31
187800 1002.87
187900 1003.13
188000 1003.99
188100 1003.51
188200 1003.04
188300 1002.53
188400 1004.78
188500 1004.2
188600 1006.06
188700 1006.18
188800 1006.01
188900 1007.02
189000 1008.01
189100 1008.14
189200 1007.69
189300 1008.45
189400 1010.41
189500 1011.06
189600 1011.65
189700 1010.84
189800 1013.29
189900 1013.12
190000 1014.83
190100 1015.64
190200 1016.13
190300 1016.35
190400 1015.17
190500 1017.05
190600 1016.08
190700 1018.14
190800 1018.62
190900 1019.63
191000 1019.41
191100 1020.29
191200 1021.42
191300 1023.83
191400 1024.26
191500 1025.4
191600 1025.69
191700 1026.43
191800 1028.47
191900 1027.99
192000 1028.4
192100 1030.09
192200 1027.79
192300 1030.52
192400 1031.2
192500 1032.18
192600 1033.53
192700 1034.62
192800 1034.66
192900 1035.54
193000 1034.35
193100 1031.71
193200 1032.98
193300 1033.12
193400 1032.45
193500 1033.03
193600 1034.04
193700 1034.39
193800 1035.29
193900 1035.94
194000 1037.01
194100 1036.29
194200 1035.17
194300 1036.94
194400 1037.67
194500 1038.84
194600 1037.83
194700 1036.5
194800 1037.85
194900 1039.13
195000 1040.17
195100 1038.34
195200 1038.27
195300 1039.91
195400 1040.56
195500 1041.27
195600 1041.86
195700 1042.97
195800 1042.98
195900 1044.42
196000 1044.57
196100 1045.45
196200 1045.82
196300 1047.68
196400 1047.05
196500 1046.25
196600 1048.57
196700 1049.98
196800 1052.19
196900 1053.31
197000 1055.42
197100 1055.98
197200 1056.98
197300 1057.33
197400 1058.49
197500 1060.82
197600 1058.67
197700 1058.95
197800 1059.11
197900 1061.13
198000 1063.06
198100 1062.89
198200 1065.07
198300 1064.89
198400 1066.87
198500 1065.32
198600 1063.69
198700 1064.63
198800 1066.38
198900 1065.79
199000 1066.91
199100 1067.73
199200 1068.11
199300 1068.23
199400 1069.62
199500 1070.57
199600 1071.52
199700 1069.55
199800 1069.93
199900 1071.39
200000 1071.19
200100 1073.8
200200 1072.73
200300 1071.94
200400 1073.07
200500 1074.51
200600 1075.19
200700 1076.9
200800 1077.56
200900 1078.36
201000 1078.15
201100 1079.79
201200 1080.75
201300 1080.86
201400 1083.81
201500 1083.31
201600 1082.6
201700 1084.44
201800 1084.75
201900 1085.48
202000 1086.25
202100 1087.12
202200 1086.27
202300 1085.58
202400 1085.8
202500 1087.23
202600 1088.1
202700 1088.52
202800 1088.71
202900 1090.23
203000 1089.18
203100 1088.22
203200 1088.81
203300 1090.57
203400 1091.17
203500 1093.02
203600 1092.63
203700 1092.93
203800 1095.43
203900 1095.19
204000 1096.14
204100 1096.61
204200 1097.84
204300 1101
204400 1099.5
204500 1099.28
204600 1099.68
204700 1100.09
204800 1100.21
204900 1100.37
205000 1100.57
205100 1100.7
205200 1101.14
205300 1099.43
205400 1098.9
205500 1098.88
205600 1098.3
205700 1100.24
205800 1099.1
205900 1101.02
206000 1100.99
206100 1099.93
206200 1101.49
206300 1103.84
206400 1104.1
206500 1105.51
206600 1103.87
206700 1105.18
206800 1104.62
206900 1104.1
207000 1104.82
207100 1106.47
207200 1106.07
207300 1107.06
207400 1108.29
207500 1110.3
207600 1110.77
207700 1110.33
207800 1110.51
207900 1111.83
208000 1113.46
208100 1113.8
208200 1114.63
208300 1114.05
208400 1113.79
208500 1112.99
208600 1113.8
208700 1114.25
208800 1115.46
208900 1116.77
209000 1116.42
209100 1118.76
209200 1118.83
209300 1118.25
209400 1118.48
209500 1117.99
209600 1119.22
209700 1120.63
209800 1120.82
209900 1121.79
210000 1122.78
210100 1125.33
210200 1126.14
210300 1125.96
210400 1125.43
210500 1125.63
210600 1128.2
210700 1128.03
210800 1129.64
210900 1129.3
211000 1129.11
211100 1131.98
211200 1133.41
211300 1132.74
211400 1132.81
211500 1134.47
211600 1134.22
211700 1134.86
211800 1135.41
211900 1134.9
212000 1135.18
212100 1137.25
212200 1138.72
212300 1139.61
212400 1141.31
212500 1140.97
212600 1142.02
212700 1140.58
212800 1141.48
212900 1141.38
213000 1141
213100 1141.59
213200 1144.46
213300 1144.37
213400 1145.77
213500 1144.16
213600 1144.88
213700 1145.46
213800 1146.29
213900 1146.7
214000 1147.77
214100 1146.7
214200 1148.19
214300 1148.82
214400 1151.84
214500 1154.08
214600 1154.4
214700 1154.66
214800 1153.29
214900 1152.11
215000 1153.17
215100 1153.72
215200 1152.81
215300 1153.24
215400 1154.05
215500 1153.3
215600 1153.83
215700 1156.99
215800 1156.56
215900 1157.67
216000 1158.44
216100 1157.67
216200 1158.92
216300 1161.18
216400 1158.94
216500 1161.83
216600 1163.27
216700 1162.58
216800 1164.76
216900 1164.36
217000 1164.88
217100 1165.32
217200 1165.34
217300 1166.99
217400 1168.77
217500 1169.15
217600 1168.38
217700 1168.14
217800 1168.46
217900 1168.92
218000 1168.96
218100 1170.13
218200 1173.13
218300 1172.49
218400 1172.34
218500 1173.19
218600 1173.37
218700 1172.03
218800 1173.55
218900 1175.81
219000 1175.75
219100 1175.47
219200 1176.6
219300 1178.23
219400 1177.54
219500 1178.71
219600 1180.45
219700 1181.26
219800 1182.85
219900 1183.09
220000 1185.43
220100 1185.72
220200 1186.23
220300 1186.83
220400 1187.78
220500 1188.89
220600 1190.22
220700 1188.96
220800 1189.08
220900 1191.45
221000 1189.96
221100 1190.51
221200 1194.19
221300 1194.16
221400 1194.65
221500 1194.8
221600 1193.97
221700 1195.1
221800 1196.86
221900 1195.42
222000 1194.85
222100 1194.37
222200 1195.81
222300 1197.17
222400 1198.49
222500 1200.04
222600 1198.33
222700 1199.67
222800 1198.61
222900 1198.42
223000 1199.64
223100 1200.68
223200 1202.22
223300 1201.02
223400 1199.8
223500 1202.22
223600 1204.63
223700 1203.46
223800 1204.01
223900 1203.5
224000 1203.91
224100 1205.2
224200 1206.79
224300 1207.95
224400 1206.76
224500 1205.4
224600 1205.1
224700 1205.23
224800 1205.47
224900 1205.01
225000 1205.82
225100 1206.65
225200 1206.71
225300 1207.43
225400 1208.65
225500 1208.35
225600 1206.75
225700 1207.49
225800 1208.12
225900 1209.4
226000 1209.7
226100 1210.1
226200 1212.6
226300 1212.23
226400 1211.98
226500 1212.75
226600 1212.53
226700 1212.97
226800 1214.42
226900 1216.44
227000 1216.92
227100 1218.93
227200 1220.44
227300 1221.55
227400 1221.25
227500 1221.08
227600 1220.56
227700 1220.7
227800 1222.91
227900 1224.66
228000 1224.39
228100 1224.32
228200 1225.84
228300 1225.69
228400 1224.48
228500 1225.33
228600 1227.51
228700 1227.8
228800 1226.67
228900 1228.13
229000 1229.56
229100 1228.95
229200 1230.44
229300 1230.67
229400 1229.02
229500 1230.68
229600 1231.36
229700 1231.25
229800 1231.35
229900 1231.78
230000 1231.37
230100 1232.35
230200 1233.18
230300 1232.33
230400 1231.82
230500 1233.53
230600 1232.35
230700 1233.83
230800 1232.2
230900 1233.9
231000 1236.51
231100 1235.44
231200 1236.49
231300 1235.65
231400 1233.17
231500 1235.29
231600 1237.5
231700 1236.35
231800 1236.74
231900 1238.88
232000 1238.37
232100 1238.75
232200 1239.51
232300 1240.58
232400 1240.2
232500 1240.83
232600 1241.57
232700 1241.39
232800 1242.02
232900 1242.41
233000 1243.43
233100 1244.21
233200 1243.94
233300 1245.35
233400 1247.14
233500 1246.67
233600 1248.69
233700 1246.77
233800 1249.32
233900 1247.93
234000 1249.02
234100 1251.37
234200 1252.49
234300 1251.24
234400 1252.87
234500 1253.52
234600 1252.69
234700 1251.58
234800 1252.97
234900 1254.74
235000 1256.43
235100 1256.68
235200 1257.98
235300 1257.86
235400 1258.6
235500 1259.76
235600 1260.31
235700 1259.33
235800 1259.38
235900 1258.8
236000 1261.06
236100 1263.84
236200 1264.81
236300 1264.43
236400 1264.7
236500 1265.25
236600 1267.72
236700 1267.44
236800 1268.63
236900 1271.09
237000 1269.69
237100 1272.23
237200 1273.2
237300 1272.61
237400 1275.03
237500 1275.1
237600 1275.87
237700 1278.39
237800 1278.83
237900 1278.44
238000 1278.53
238100 1279.78
238200 1279.34
238300 1281.69
238400 1282.48
238500 1283.41
238600 1283.53
238700 1282.08
238800 1283.02
238900 1283.89
239000 1283.08
239100 1283.92
239200 1283.65
239300 1285.32
239400 1286.23
239500 1287.24
239600 1285.51
239700 1286.88
239800 1289.49
239900 1289.19
240000 1288.19
240100 1289.87
240200 1291.66
240300 1289.98
240400 1291.4
240500 1292.7
240600 1292.35
240700 1294.45
240800 1292.2
240900 1296.22
241000 1298.27
241100 1298.19
241200 1300.58
241300 1301.79
241400 1303.54
241500 1303.37
241600 1302.46
241700 1303.89
241800 1303.22
241900 1304.18
242000 1304.68
242100 1307.52
242200 1308.81
242300 1310.06
242400 1309.9
242500 1311.21
242600 1312.83
242700 1314.85
242800 1312.81
242900 1312.15
243000 1313.58
243100 1313.56
243200 1315.79
243300 1315.06
243400 1315.93
243500 1315.94
243600 1317.82
243700 1317.19
243800 1319.62
243900 1319.25
244000 1318.86
244100 1321.04
244200 1319.11
244300 1320.71
244400 1321.15
244500 1322.15
244600 1323.22
244700 1322.39
244800 1323.51
244900 1324.35
245000 1324.88
245100 1326.02
245200 1325.34
245300 1324.23
245400 1325.5
245500 1327.47
245600 1326.67
245700 1327.01
245800 1328
245900 1329.75
246000 1329.82
246100 1332.33
246200 1332.08
246300 1333.78
246400 1334.07
246500 1334.19
246600 1336.64
246700 1336.56
246800 1337.66
246900 1341.07
247000 1340.65
247100 1340.44
247200 1340.05
247300 1338.78
247400 1339.99
247500 1339.72
247600 1340.96
247700 1340.62
247800 1339.51
247900 1340.92
248000 1340.71
248100 1341.26
248200 1341.59
248300 1340.23
248400 1340.75
248500 1341.67
248600 1342.28
248700 1342.47
248800 1343.63
248900 1345.18
249000 1346
249100 1349.2
249200 1348
249300 1349.09
249400 1349.54
249500 1350.18
249600 1352.64
249700 1353.72
249800 1352.66
249900 1353.94
250000 1354.86
250100 1355.85
250200 1354.7
250300 1355.88
250400 1358.49
250500 1360.36
250600 1362.23
250700 1360.97
250800 1359.14
250900 1360.18
251000 1361.93
251100 1363.03
251200 1362.97
251300 1364.3
251400 1364
251500 1365.94
251600 1365.39
251700 1364.29
251800 1368.29
251900 1369.21
252000 1366.58
252100 1370.49
252200 1370.57
252300 1373.05
252400 1373.95
252500 1373.44
252600 1374.74
252700 1374.58
252800 1378.53
252900 1378.61
253000 1377.44
253100 1377.88
253200 1376.88
253300 1376.91
253400 1376.06
253500 1377.64
253600 1379.57
253700 1377.49
253800 1379.24
253900 1380.59
254000 1380.79
254100 1381.94
254200 1380.56
254300 1383.13
254400 1382.56
254500 1383.95
254600 1385.18
254700 1384.66
254800 1384.56
254900 1383.97
255000 1384.87
255100 1386.35
255200 1386.89
255300 1385.57
255400 1388.21
255500 1387.43
255600 1389.17
255700 1388.52
255800 1390.84
255900 1389.97
256000 1390.93
256100 1390.7
256200 1390.36
256300 1390.77
256400 1390.23
256500 1391.11
256600 1392.69
256700 1390.21
256800 1393.12
256900 1394.16
257000 1393.99
257100 1396.21
257200 1397.06
257300 1400
257400 1401.98
257500 1401.94
257600 1401.12
257700 1402.54
257800 1401.53
257900 1402.84
258000 1405.06
258100 1406.75
258200 1406.31
258300 1407
258400 1407.16
258500 1408.5
258600 1408.16
258700 1407.99
258800 1408.48
258900 1410.34
259000 1412.24
259100 1410.42
259200 1410.96
259300 1411.04
259400 1410.8
259500 1413.47
259600 1416.21
259700 1416.49
259800 1416.01
259900 1416.09
260000 1419.07
260100 1416.68
260200 1418.98
260300 1421.02
260400 1420.69
260500 1422.85
260600 1423.71
260700 1423.64
260800 1423.16
260900 1425.55
261000 1425.1
261100 1426.89
261200 1428.07
261300 1425.95
261400 1426.68
261500 1427.55
261600 1427.16
261700 1428.59
261800 1429.77
261900 1429.39
262000 1429.23
262100 1428.64
262200 1428.11
262300 1427.68
262400 1427.68
262500 1426.5
262600 1427.22
262700 1427.35
262800 1430.45
262900 1431.46
263000 1431.3
263100 1431.1
263200 1430.54
263300 1430.17
263400 1430.83
263500 1431.47
263600 1429.03
263700 1431.45
263800 1429.53
263900 1431.96
264000 1430.16
264100 1431.13
264200 1433.43
264300 1431.81
264400 1432.33
264500 1431.52
264600 1432.31
264700 1431.8
264800 1432.86
264900 1434
265000 1433.92
265100 1433.92
265200 1433.17
265300 1433.64
265400 1433.77
265500 1435.63
265600 1437.31
265700 1438.17
265800 1438.39
265900 1438.72
266000 1438.12
266100 1439.72
266200 1439.56
266300 1440.3
266400 1439.54
266500 1440.84
266600 1441.22
266700 1443.64
266800 1443.23
266900 1442.5
267000 1443.7
267100 1445
267200 1443.62
267300 1443.86
267400 1443
267500 1442.23
267600 1442.15
267700 1445.15
267800 1444.81
267900 1445.84
268000 1447.38
268100 1446.5
268200 1445.65
268300 1447.58
268400 1447.03
268500 1447.1
268600 1448.07
268700 1450.38
268800 1450.16
268900 1450.62
269000 1449.24
269100 1448.27
269200 1449.62
269300 1449.21
269400 1449.99
269500 1447.82
269600 1449.79
269700 1447.38
269800 1448.11
269900 1447.64
270000 1447.19
270100 1451.33
270200 1451.18
270300 1451.62
270400 1452.34
270500 1455.49
270600 1454.51
270700 1455.3
270800 1456.01
270900 1455.9
271000 1457.21
271100 1457.45
271200 1457.7
271300 1457.05
271400 1456.55
271500 1460.14
271600 1460.07
271700 1460.7
271800 1462.31
271900 1462.87
272000 1462.22
272100 1462.7
272200 1463.78
272300 1464.8
272400 1467.6
272500 1469.46
272600 1469.87
272700 1467.76
272800 1470.26
272900 1470.73
273000 1471.19
273100 1471.56
273200 1470.22
273300 1467.73
273400 1468.99
273500 1470.98
273600 1468.82
273700 1470.43
273800 1471.53
273900 1471.52
274000 1472.89
274100 1473.6
274200 1471.54
274300 1472.82
274400 1473.88
274500 1474.28
274600 1473.72
274700 1476.03
274800 1478.18
274900 1477.05
275000 1475.65
275100 1478.42
275200 1478.74
275300 1480.64
275400 1479.15
275500 1481.97
275600 1481.8
275700 1481.39
275800 1480.53
275900 1481.35
276000 1482.18
276100 1483.82
276200 1484.34
276300 1485.76
276400 1485.72
276500 1486.38
276600 1486.13
276700 1484.16
276800 1484.72
276900 1485.84
277000 1484.76
277100 1485.4
277200 1486.37
277300 1485.66
277400 1485.58
277500 1484.94
277600 1484.64
277700 1485.28
277800 1484.4
277900 1485.76
278000 1483.44
278100 1486.07
278200 1486.08
278300 1485.49
278400 1484.89
278500 1487.59
278600 1487.99
278700 1486.54
278800 1485.69
278900 1486
279000 1485.97
279100 1487.45
279200 1489.21
279300 1489.06
279400 1490.94
279500 1492.82
279600 1491.44
279700 1491.96
279800 1493.12
279900 1494.32
280000 1492.99
280100 1494.04
280200 1494.3
280300 1494.28
280400 1496.24
280500 1495.62
280600 1496.85
280700 1497.48
280800 1497.7
280900 1498.28
281000 1499.19
281100 1500.47
281200 1501.12
281300 1504.5
281400 1505.23
281500 1507.92
281600 1507.13
281700 1506.08
281800 1505.84
281900 1506.51
282000 1507.05
282100 1507.99
282200 1508.48
282300 1509.4
282400 1510.02
282500 1508.26
282600 1509.3
282700 1508.72
282800 1510.37
282900 1511.98
283000 1508.91
283100 1511.36
283200 1511.47
283300 1512.02
283400 1514.42
283500 1512.9
283600 1513.5
283700 1513.62
283800 1514.21
283900 1515.66
284000 1516.22
284100 1517.66
284200 1517.92
284300 1519.66
284400 1520
284500 1517.8
284600 1517.91
284700 1518.44
284800 1518.79
284900 1519.34
285000 1520.44
285100 1522.06
285200 1520.09
285300 1519.73
285400 1519.61
285500 1522.95
285600 1525.78
285700 1525.39
285800 1524.99
285900 1527.59
286000 1527.61
286100 1527.62
286200 1530.56
286300 1529.85
286400 1529.38
286500 1531.39
286600 1530.47
286700 1533.17
286800 1531
286900 1532.14
287000 1531.06
287100 1532.42
287200 1532.23
287300 1533.06
287400 1533.4
287500 1536.37
287600 1537.28
287700 1537.05
287800 1538.53
287900 1539.11
288000 1541.39
288100 1542.16
288200 1540.34
288300 1541.95
288400 1542.96
288500 1545.33
288600 1543.17
288700 1542.94
288800 1542.28
288900 1543.42
289000 1544.72
289100 1544.98
289200 1545.29
289300 1545.3
289400 1548.22
289500 1546.7
289600 1549.55
289700 1551.39
289800 1553.62
289900 1554.07
290000 1553.63
290100 1555.85
290200 1557.48
290300 1557.68
290400 1558.27
290500 1558.24
290600 1560.24
290700 1559.89
290800 1559.16
290900 1559.94
291000 1561.48
291100 1560.5
291200 1562.11
291300 1562.13
291400 1562.98
291500 1565.7
291600 1564.57
291700 1565.41
291800 1564.9
291900 1565.71
292000 1567.19
292100 1566.24
292200 1566.68
292300 1564.99
292400 1565.64
292500 1568.44
292600 1569.74
292700 1570.69
292800 1570.29
292900 1569.46
293000 1570.55
293100 1573.01
293200 1570.61
293300 1571.5
293400 1572.19
293500 1571.57
293600 1572.59
293700 1574.18
293800 1576.86
293900 1576.13
294000 1575.1
294100 1578.03
294200 1577.67
294300 1576.94
294400 1578.7
294500 1579.81
294600 1579.31
294700 1580.79
294800 1581.21
294900 1578.77
295000 1580.65
295100 1582.41
295200 1584.54
295300 1583.82
295400 1582.43
295500 1583.89
295600 1585
295700 1585.44
295800 1586.18
295900 1585.5
296000 1585.2
296100 1586.28
296200 1587.02
296300 1585.48
296400 1585.62
296500 1587.18
296600 1587.03
296700 1590.45
296800 1589.12
296900 1588.25
297000 1591.01
297100 1590.52
297200 1592.13
297300 1592
297400 1591.7
297500 1592.1
297600 1592.91
297700 1594.58
297800 1594.62
297900 1594.74
298000 1595.21
298100 1596.13
298200 1596.16
298300 1596.86
298400 1597.72
298500 1598.34
298600 1598.79
298700 1599.99
298800 1600.83
298900 1599.66
299000 1599.7
299100 1598.97
299200 1600.82
299300 1603
299400 1601.71
299500 1601.48
299600 1600.15
299700 1601.38
299800 1600.17
299900 1601.39
300000 1601.49
300100 1604.18
300200 1604.5
300300 1604.77
300400 1605.87
300500 1605.91
300600 1605.89
300700 1604.43
300800 1604.12
300900 1604.97
301000 1605.02
301100 1606.07
301200 1608.86
301300 1609.85
301400 1611.93
301500 1611.1
301600 1613.27
301700 1612.02
301800 1615.31
301900 1615.73
302000 1618.15
302100 1617.05
302200 1618.32
302300 1618.46
302400 1619.57
302500 1619.72
302600 1620.7
302700 1622.28
302800 1622.52
302900 1620.93
303000 1623.83
303100 1623.51
303200 1624.11
303300 1626.69
303400 1625.51
303500 1624.96
303600 1625.62
303700 1626.87
303800 1628.32
303900 1627.3
304000 1629.69
304100 1631.01
304200 1631.99
304300 1631.92
304400 1631.27
304500 1631.04
304600 1633.93
304700 1633.18
304800 1635.25
304900 1635.63
305000 1634.85
305100 1634.59
305200 1635.46
305300 1636.27
305400 1639.81
305500 1641.18
305600 1639.54
305700 1640.88
305800 1638.52
305900 1641.25
306000 1642.02
306100 1643
306200 1643.03
306300 1644.99
306400 1645.84
306500 1647.5
306600 1648.17
306700 1648.06
306800 1647.94
306900 1650.24
307000 1648.67
307100 1648.09
307200 1648.7
307300 1648.63
307400 1649.6
307500 1649.77
307600 1652.26
307700 1651.6
307800 1650.68
307900 1653.26
308000 1652.84
308100 1652.24
308200 1654.14
308300 1652.9
308400 1655.09
308500 1652.59
308600 1652.59
308700 1654.42
308800 1655.05
308900 1659.15
309000 1660.29
309100 1661.01
309200 1662.26
309300 1665.19
309400 1665.93
309500 1665.65
309600 1665.96
309700 1665.08
309800 1663.63
309900 1666.27
310000 1667.48
310100 1667.73
310200 1670
310300 1669.76
310400 1670.41
310500 1671.6
310600 1673.59
310700 1672.8
310800 1672.54
310900 1672.46
311000 1672.31
311100 1673.08
311200 1674.86
311300 1676.51
311400 1677.34
311500 1679.64
311600 1679.81
311700 1681.44
311800 1682.03
311900 1682.79
312000 1681.71
312100 1682.67
312200 1682.64
312300 1684.92
312400 1684.89
312500 1684.91
312600 1685.19
312700 1685.27
312800 1686.54
312900 1687.42
313000 1687.38
313100 1686.98
313200 1687.13
313300 1686.5
313400 1687.69
313500 1685.94
313600 1688.75
313700 1686.4
313800 1689.21
313900 1691.2
314000 1693.99
314100 1693.77
314200 1692.86
314300 1691.02
314400 1692.26
314500 1692.66
314600 1694.37
314700 1694.79
314800 1697.12
314900 1697.98
315000 1697.27
315100 1697.56
315200 1698.87
315300 1697.37
315400 1697.45
315500 1697.97
315600 1697.78
315700 1697.13
315800 1695.63
315900 1697.03
316000 1698.43
316100 1698.05
316200 1699.08
316300 1700.18
316400 1699.76
316500 1701.37
316600 1702
316700 1702.51
316800 1707.19
316900 1707.43
317000 1709.18
317100 1706.3
317200 1707.69
317300 1709.3
317400 1709.07
317500 1709.6
317600 1710.49
317700 1712.49
317800 1710.7
317900 1715.03
318000 1714.16
318100 1715.1
318200 1714.38
318300 1713.73
318400 1715.63
318500 1715.6
318600 1714.61
318700 1714.94
318800 1715.19
318900 1716.17
319000 1716.2
319100 1715.23
319200 1717.22
319300 1719.43
319400 1720.74
319500 1722.11
319600 1722.07
319700 1722.51
319800 1724
319900 1726.06
320000 1724.11
320100 1724.25
320200 1725.86
320300 1727.34
320400 1725.98
320500 1727.63
320600 1729.03
320700 1730.5
320800 1728
320900 1733.01
321000 1732.21
321100 1732.62
321200 1731.15
321300 1732.98
321400 1732.47
321500 1734.36
321600 1734.53
321700 1735.46
321800 1736.63
321900 1735.21
322000 1738.71
322100 1739.74
322200 1739.74
322300 1740.45
322400 1742.08
322500 1742.55
322600 1743.76
322700 1743.72
322800 1742.67
322900 1742.73
323000 1744.57
323100 1745.48
323200 1747.09
323300 1747.98
323400 1747.77
323500 1746.8
323600 1749.36
323700 1751.1
323800 1751.76
323900 1754.22
324000 1755.05
324100 1754.57
324200 1756.6
324300 1757.86
324400 1756
324500 1759.08
324600 1757.93
324700 1758.68
324800 1757.57
324900 1759.81
325000 1762.12
325100 1764.63
325200 1763.38
325300 1765.88
325400 1765.28
325500 1762.87
325600 1764.51
325700 1766.4
325800 1766.12
325900 1766.46
326000 1767.37
326100 1769.08
326200 1770.83
326300 1770.07
326400 1768.8
326500 1770.31
326600 1770.57
326700 1770.39
326800 1769.7
326900 1773.35
327000 1771.58
327100 1773.26
327200 1774.36
327300 1773.38
327400 1775.95
327500 1776.65
327600 1777.31
327700 1776.67
327800 1777.58
327900 1780.98
328000 1780.57
328100 1781.09
328200 1783.6
328300 1784.85
328400 1787.21
328500 1786.81
328600 1785.54
328700 1786.78
328800 1787.33
328900 1787.42
329000 1788.15
329100 1788.91
329200 1789.34
329300 1788.97
329400 1787.19
329500 1788.1
329600 1791.35
329700 1787.36
329800 1795.04
329900 1794.71
330000 1793.62
330100 1792.96
330200 1792.98
330300 1795.15
330400 1795.98
330500 1800.19
330600 1798.42
330700 1800.27
330800 1801.33
330900 1800.31
331000 1801.3
331100 1802.09
331200 1802.47
331300 1802.97
331400 1804.43
331500 1801.9
331600 1803.04
331700 1802.99
331800 1803.34
331900 1804.79
332000 1805.07
332100 1807.56
332200 1805.06
332300 1805.75
332400 1809.69
332500 1810.02
332600 1809.8
332700 1810.6
332800 1811.84
332900 1811
333000 1811.54
333100 1810.52
333200 1813.45
333300 1814.44
333400 1812.35
333500 1813.86
333600 1814.23
333700 1818.06
333800 1816.67
333900 1817.98
334000 1816.41
334100 1815.9
334200 1818.53
334300 1820.05
334400 1820.74
334500 1823.51
334600 1824.17
334700 1827.08
334800 1827.55
334900 1824.93
335000 1823.51
335100 1825.09
335200 1828.02
335300 1826.05
335400 1828.93
335500 1829.17
335600 1830.3
335700 1831.02
335800 1829.81
335900 1831.91
336000 1831.89
336100 1833.64
336200 1835.46
336300 1835.74
336400 1837.47
336500 1838.76
336600 1838.51
336700 1837.45
336800 1840.89
336900 1837.87
337000 1838.89
337100 1837.45
337200 1839.07
337300 1841.92
337400 1840.74
337500 1842.65
337600 1843.01
337700 1842.98
337800 1842.54
337900 1842.22
338000 1843.81
338100 1847.6
338200 1848.26
338300 1846.79
338400 1844.54
338500 1846.61
338600 1844.59
338700 1845.26
338800 1847.95
338900 1847.68
339000 1847.4
339100 1848.39
339200 1850.42
339300 1850.04
339400 1850.55
339500 1850.24
339600 1849.56
339700 1849.29
339800 1848.59
339900 1851.01
340000 1852.78
340100 1853.28
340200 1855.47
340300 1855.7
340400 1856.59
340500 1856.02
340600 1857.32
340700 1857.05
340800 1858.78
340900 1860.92
341000 1859.23
341100 1861.56
341200 1861.32
341300 1860.1
341400 1861.03
341500 1860.37
341600 1862.69
341700 1863.06
341800 1866.58
341900 1866.16
342000 1865.14
342100 1869.29
342200 1868.23
342300 1868.65
342400 1867.34
342500 1872.29
342600 1870.89
342700 1873.04
342800 1870.36
342900 1868.66
343000 1870.78
343100 1871.24
343200 1872.62
343300 1871.44
343400 1871.92
343500 1871.22
343600 1873.83
343700 1874.85
343800 1875.29
343900 1876.04
344000 1877.46
344100 1877.36
344200 1879.14
344300 1880.76
344400 1881.24
344500 1880.24
344600 1877.22
344700 1877.13
344800 1881.01
344900 1881.44
345000 1881.16
345100 1883.49
345200 1884.18
345300 1884.02
345400 1883.28
345500 1885.07
345600 1886.49
345700 1884.91
345800 1887.74
345900 1888.95
346000 1889.69
346100 1888.74
346200 1889.5
346300 1889.74
346400 1887.75
346500 1891.24
346600 1891.45
346700 1890.43
346800 1892.07
346900 1894.73
347000 1894.71
347100 1892.41
347200 1895.34
347300 1896.82
347400 1896.53
347500 1896.51
347600 1894.64
347700 1894.59
347800 1895.79
347900 1898.6
348000 1897.43
348100 1898.74
348200 1899.28
348300 1901.27
348400 1902.96
348500 1903.72
348600 1904.12
348700 1904.65
348800 1903.38
348900 1902.68
349000 1904.63
349100 1906.48
349200 1906.17
349300 1906.83
349400 1904.75
349500 1902.92
349600 1904.87
349700 1902.03
349800 1904.49
349900 1904.63
350000 1904.74
