# Time-averaged data for fix all_msd
# TimeStep c_msd1[4]
0 2.04939e-29
100 0.259826
200 0.424043
300 0.584366
400 0.762689
500 0.948624
600 1.17234
700 1.35921
800 1.59011
900 1.77002
1000 1.96659
1100 2.22403
1200 2.3136
1300 2.46236
1400 2.62408
1500 2.76282
1600 2.9466
1700 3.16669
1800 3.33274
1900 3.50748
2000 3.78109
2100 3.94643
2200 4.03361
2300 4.09149
2400 4.29347
2500 4.44666
2600 4.4739
2700 4.61352
2800 4.71562
2900 4.90064
3000 4.89148
3100 4.95033
3200 5.14124
3300 5.19633
3400 5.32682
3500 5.43866
3600 5.47041
3700 5.77942
3800 5.68122
3900 5.76808
4000 5.94723
4100 6.07087
4200 6.21225
4300 6.22818
4400 6.38219
4500 6.52394
4600 6.60056
4700 6.70919
4800 6.82374
4900 6.85424
5000 6.90018
5100 6.96275
5200 7.03752
5300 7.16775
5400 7.2956
5500 7.25917
5600 7.41535
5700 7.46262
5800 7.66909
5900 7.79252
6000 7.89804
6100 8.12985
6200 8.06874
6300 8.18277
6400 8.33888
6500 8.4389
6600 8.56624
6700 8.62557
6800 8.5898
6900 8.5005
7000 8.58428
7100 8.52602
7200 8.7006
7300 8.80019
7400 9.09941
7500 9.03528
7600 9.2233
7700 9.33186
7800 9.43041
7900 9.34709
8000 9.4816
8100 9.51253
8200 9.62214
8300 9.73733
8400 9.84451
8500 9.93169
8600 10.0001
8700 9.94396
8800 9.83629
8900 10.0163
9000 10.0736
9100 10.0432
9200 10.0869
9300 10.1646
9400 10.2099
9500 10.2852
9600 10.3318
9700 10.3982
9800 10.3919
9900 10.4883
10000 10.5825
10100 10.6026
10200 10.6079
10300 10.7178
10400 10.928
10500 10.9246
10600 11.044
10700 11.0255
10800 11.1657
10900 11.3465
11000 11.1568
11100 11.2558
11200 11.3848
11300 11.4296
11400 11.463
11500 11.5534
11600 11.6032
11700 11.6034
11800 11.8781
11900 11.8702
12000 12.0596
12100 12.0181
12200 12.0569
12300 12.1049
12400 12.1736
12500 12.2175
12600 12.1691
12700 12.1461
12800 12.3263
12900 12.383
13000 12.5034
13100 12.4381
13200 12.5232
13300 12.6495
13400 12.7395
13500 12.6008
13600 12.6807
13700 12.8721
13800 12.9631
13900 13.1788
14000 13.1047
14100 13.1212
14200 13.3146
14300 13.3766
14400 13.4029
14500 13.524
14600 13.7122
14700 13.5857
14800 13.8055
14900 14.0553
15000 14.2039
15100 14.3142
15200 14.4713
15300 14.5657
15400 14.6915
15500 14.7218
15600 14.6608
15700 14.719
15800 14.7969
15900 14.7497
16000 14.7441
16100 14.9003
16200 15.0724
16300 14.9991
16400 15.1706
16500 15.1814
16600 15.31
16700 15.2885
16800 15.3872
16900 15.5584
17000 15.603
17100 15.7974
17200 15.8294
17300 15.8703
17400 15.6844
17500 15.8221
17600 15.8769
17700 16.0586
17800 16.1004
17900 16.0367
18000 15.9846
18100 16.3507
18200 16.3646
18300 16.3223
18400 16.5038
18500 16.5562
18600 16.6033
18700 16.636
18800 16.4831
18900 16.6608
19000 16.7488
19100 16.9293
19200 16.9516
19300 17.1546
19400 17.2011
19500 17.0743
19600 17.2032
19700 17.2878
19800 17.4484
19900 17.4675
20000 17.4895
20100 17.6326
20200 17.7888
20300 17.8077
20400 17.8461
20500 17.8085
20600 17.8247
20700 17.9896
20800 18.0612
20900 18.0568
21000 18.1557
21100 18.2589
21200 18.3105
21300 18.3241
21400 18.3473
21500 18.3948
21600 18.445
21700 18.5916
21800 18.7293
21900 18.5868
22000 18.6966
22100 18.9327
22200 18.9051
22300 18.7953
22400 18.8333
22500 18.9875
22600 19.0915
22700 19.039
22800 19.1363
22900 19.1232
23000 19.0804
23100 19.2229
23200 19.2793
23300 19.3934
23400 19.4388
23500 19.635
23600 19.5529
23700 19.4722
23800 19.5949
23900 19.5477
24000 19.4706
24100 19.6831
24200 19.8445
24300 19.8803
24400 20.0336
24500 19.9257
24600 20.0173
24700 19.9655
24800 20.0635
24900 20.262
25000 20.3406
25100 20.583
25200 20.6173
25300 20.6474
25400 20.601
25500 20.6392
25600 20.9167
25700 20.6799
25800 20.7722
25900 20.9061
26000 21.1264
26100 21.1899
26200 21.2325
26300 21.2503
26400 21.3162
26500 21.4102
26600 21.362
26700 21.6353
26800 21.4253
26900 21.5521
27000 21.5102
27100 21.6502
27200 21.7779
27300 21.6009
27400 21.8871
27500 21.9627
27600 22.2281
27700 22.5995
27800 22.3077
27900 22.2024
28000 22.2627
28100 22.4403
28200 22.3995
28300 22.6105
28400 22.5147
28500 22.5565
28600 22.7982
28700 22.8971
28800 22.6672
28900 22.9737
29000 22.8148
29100 22.7897
29200 23.1563
29300 23.139
29400 23.2195
29500 23.3958
29600 23.4056
29700 23.3566
29800 23.5973
29900 23.6748
30000 23.695
30100 23.8054
30200 23.5797
30300 23.5975
30400 23.466
30500 23.6979
30600 23.8116
30700 23.7275
30800 24.0009
30900 24.032
31000 24.0472
31100 24.2105
31200 24.1304
31300 24.3274
31400 24.4145
31500 24.2222
31600 24.2199
31700 24.205
31800 24.2969
31900 24.4184
32000 24.4709
32100 24.4408
32200 24.42
32300 24.5402
32400 24.6401
32500 24.8758
32600 24.6963
32700 24.8387
32800 24.8989
32900 24.7457
33000 24.9576
33100 24.8954
33200 24.9147
33300 24.8897
33400 25.068
33500 24.9835
33600 25.0623
33700 25.0623
33800 25.0857
33900 25.0951
34000 25.3073
34100 25.2778
34200 25.5216
34300 25.4277
34400 25.3092
34500 25.4672
34600 25.6689
34700 25.6408
34800 25.9138
34900 25.898
35000 25.9036
35100 26.0557
35200 26.0654
35300 26.0351
35400 26.2839
35500 26.2905
35600 26.3199
35700 26.1573
35800 26.3466
35900 26.4104
36000 26.2915
36100 26.476
36200 26.5607
36300 26.7305
36400 26.7093
36500 27.022
36600 26.8449
36700 27.025
36800 26.9854
36900 27.1416
37000 27.2835
37100 27.4119
37200 27.3939
37300 27.3737
37400 27.3406
37500 27.4034
37600 27.4639
37700 27.6576
37800 27.7165
37900 27.7547
38000 27.8747
38100 27.7721
38200 28.0161
38300 27.8131
38400 28.0014
38500 28.0562
38600 28.0155
38700 27.9955
38800 27.9737
38900 27.9751
39000 28.1855
39100 28.2947
39200 28.3677
39300 28.3292
39400 28.3552
39500 28.4964
39600 28.3309
39700 28.5462
39800 28.621
39900 28.807
40000 28.8742
40100 29.134
40200 29.0861
40300 29.0908
40400 29.1416
40500 29.2707
40600 29.1077
40700 29.1883
40800 29.3569
40900 29.0536
41000 29.316
41100 29.4601
41200 29.4372
41300 29.6146
41400 29.6033
41500 30.0991
41600 30.0161
41700 29.9541
41800 30.0646
41900 29.8372
42000 29.9156
42100 30.0803
42200 30.1096
42300 30.2966
42400 30.3418
42500 30.2836
42600 30.4173
42700 30.5078
42800 30.4546
42900 30.44
43000 30.6536
43100 30.6916
43200 30.9012
43300 30.6799
43400 30.628
43500 31.0962
43600 30.9595
43700 30.9288
43800 30.8686
43900 31.2165
44000 31.1111
44100 31.2897
44200 31.4241
44300 31.3872
44400 31.2064
44500 31.4099
44600 31.366
44700 31.3387
44800 31.5912
44900 31.3283
45000 31.5693
45100 31.2765
45200 31.4316
45300 31.5261
45400 31.4115
45500 31.5776
45600 31.8102
45700 32.0513
45800 32.0462
45900 32.132
46000 32.2777
46100 32.1521
46200 32.1282
46300 32.2045
46400 32.1825
46500 32.1314
46600 32.4324
46700 32.5345
46800 32.591
46900 32.4852
47000 32.4729
47100 32.5192
47200 32.6656
47300 32.9496
47400 32.6811
47500 33.0001
47600 32.8494
47700 33.0153
47800 33.1396
47900 33.3186
48000 33.295
48100 33.1928
48200 33.4552
48300 33.5232
48400 33.5547
48500 33.5661
48600 33.4981
48700 33.5902
48800 33.4297
48900 33.7873
49000 33.6128
49100 33.966
49200 33.735
49300 33.9857
49400 33.9826
49500 33.8787
49600 34.2276
49700 34.0126
49800 34.215
49900 34.3336
50000 34.2099
50100 34.2562
50200 34.4909
50300 34.6913
50400 34.5413
50500 34.8733
50600 34.7489
50700 34.7164
50800 34.8799
50900 34.9568
51000 34.9125
51100 34.991
51200 35.0335
51300 35.0157
51400 34.9131
51500 35.117
51600 34.927
51700 35.0828
51800 34.9837
51900 35.2951
52000 35.1428
52100 35.0647
52200 34.865
52300 34.9797
52400 34.9253
52500 35.0471
52600 35.3335
52700 35.3235
52800 34.9781
52900 35.1021
53000 35.277
53100 35.3875
53200 35.2638
53300 35.4614
53400 35.5105
53500 35.8673
53600 35.6305
53700 35.6874
53800 35.9104
53900 35.6496
54000 35.6864
54100 35.7073
54200 35.9526
54300 35.8798
54400 36.0759
54500 35.9865
54600 36.0755
54700 36.2562
54800 35.9773
54900 36.046
55000 36.2451
55100 36.2624
55200 36.255
55300 36.3193
55400 36.4475
55500 36.7533
55600 36.5775
55700 36.6715
55800 36.6068
55900 36.484
56000 36.6769
56100 36.6727
56200 36.6014
56300 36.7485
56400 37.0215
56500 37.0731
56600 37.2676
56700 36.8349
56800 37.228
56900 37.2287
57000 37.5579
57100 37.6268
57200 37.377
57300 37.6049
57400 37.6588
57500 37.6959
57600 37.9639
57700 38.1208
57800 37.84
57900 37.8859
58000 38.0988
58100 38.1343
58200 38.0323
58300 38.0174
58400 38.0293
58500 38.0982
58600 38.1159
58700 38.1794
58800 38.0733
58900 38.3062
59000 38.359
59100 38.4602
59200 38.5687
59300 38.6518
59400 38.4553
59500 38.5361
59600 38.5446
59700 38.4512
59800 38.3328
59900 38.5058
60000 38.6534
60100 38.6852
60200 38.803
60300 39.1204
60400 39.1284
60500 39.1351
60600 39.3069
60700 39.5879
60800 39.8636
60900 39.4962
61000 39.6034
61100 39.8816
61200 39.6566
61300 40.0943
61400 39.9582
61500 40.187
61600 40.3235
61700 40.2786
61800 40.1456
61900 40.2703
62000 40.32
62100 40.5552
62200 40.4931
62300 40.7583
62400 40.9664
62500 41.0912
62600 40.9989
62700 40.8786
62800 41.1753
62900 41.2749
63000 41.1746
63100 41.3317
63200 41.2646
63300 41.1229
63400 41.2565
63500 41.1898
63600 41.5773
63700 41.7265
63800 41.3141
63900 41.3028
64000 41.5691
64100 41.5066
64200 41.5266
64300 41.5435
64400 41.8786
64500 41.9945
64600 42.0252
64700 42.0676
64800 41.8868
64900 41.9588
65000 42.0675
65100 42.2585
65200 42.0475
65300 42.2297
65400 42.3463
65500 42.5185
65600 42.4959
65700 42.3407
65800 42.4091
65900 42.593
66000 42.3579
66100 42.4053
66200 42.1806
66300 42.2869
66400 42.3044
66500 42.2883
66600 42.474
66700 42.5722
66800 42.5399
66900 42.6864
67000 42.6246
67100 42.7941
67200 42.8831
67300 43.0089
67400 42.9714
67500 42.884
67600 42.8687
67700 42.8483
67800 42.8255
67900 42.9005
68000 42.7511
68100 43.0498
68200 42.9166
68300 43.1847
68400 43.2005
68500 43.2986
68600 43.5294
68700 43.4758
68800 43.5669
68900 43.5658
69000 43.5823
69100 43.6074
69200 43.6669
69300 43.5351
69400 43.3436
69500 43.4766
69600 43.3234
69700 43.6215
69800 43.5729
69900 43.8463
70000 43.8555
70100 43.7679
70200 43.8931
70300 43.8805
70400 44.0447
70500 43.9222
70600 44.0116
70700 44.1456
70800 43.9893
70900 44.1812
71000 44.0941
71100 44.1617
71200 44.1839
71300 44.1835
71400 44.1199
71500 44.3636
71600 44.5569
71700 44.5513
71800 44.5611
71900 44.594
72000 44.4677
72100 44.5529
72200 44.3792
72300 44.7591
72400 44.9352
72500 44.7422
72600 44.7008
72700 44.755
72800 44.7053
72900 44.9577
73000 44.9831
73100 45.1812
73200 45.1937
73300 45.0377
73400 45.3144
73500 45.4462
73600 45.5845
73700 45.6777
73800 45.6927
73900 45.8632
74000 45.9333
74100 45.7052
74200 45.8724
74300 45.9663
74400 45.9113
74500 45.9715
74600 45.9076
74700 45.9817
74800 45.7768
74900 46.1664
75000 46.3552
75100 46.0473
75200 46.3308
75300 46.2495
75400 46.2576
75500 46.1763
75600 46.3022
75700 46.5205
75800 46.5463
75900 46.2148
76000 46.3751
76100 46.1951
76200 46.3448
76300 46.4912
76400 46.2099
76500 46.5123
76600 46.5013
76700 46.6196
76800 46.7611
76900 47.0615
77000 46.8536
77100 46.757
77200 46.9886
77300 46.9218
77400 46.9879
77500 46.804
77600 46.9444
77700 47.0939
77800 47.4015
77900 47.1815
78000 47.3164
78100 47.3391
78200 47.1642
78300 47.3171
78400 47.2828
78500 46.9643
78600 47.387
78700 47.3972
78800 47.3576
78900 47.2037
79000 47.3036
79100 47.2893
79200 47.3195
79300 47.6264
79400 47.5702
79500 47.5138
79600 47.3036
79700 47.6882
79800 47.5901
79900 47.4697
80000 47.4555
80100 47.8199
80200 47.7619
80300 47.677
80400 47.7458
80500 47.747
80600 47.9477
80700 47.879
80800 47.9069
80900 47.8631
81000 47.6672
81100 47.9675
81200 48.1139
81300 48.2798
81400 48.3575
81500 48.1927
81600 48.3087
81700 48.1049
81800 48.3725
81900 48.3121
82000 48.3999
82100 48.4528
82200 48.2289
82300 48.2557
82400 48.389
82500 48.3397
82600 48.323
82700 48.1871
82800 48.3331
82900 48.3662
83000 48.7173
83100 48.5809
83200 48.7815
83300 48.858
83400 49.1527
83500 49.0863
83600 49.3863
83700 49.0425
83800 49.1345
83900 49.5055
84000 49.0835
84100 48.961
84200 49.0579
84300 49.1207
84400 49.0583
84500 49.2084
84600 49.1428
84700 49.3448
84800 49.3957
84900 49.7724
85000 49.8289
85100 49.9266
85200 49.8654
85300 49.8526
85400 49.9031
85500 50.0049
85600 50.0229
85700 50.0606
85800 50.059
85900 49.9445
86000 50.113
86100 50.0187
86200 50.2778
86300 50.1726
86400 50.2854
86500 50.1573
86600 50.3638
86700 50.5099
86800 50.3517
86900 50.3229
87000 50.566
87100 50.3956
87200 50.4125
87300 50.386
87400 50.6822
87500 50.6357
87600 50.6358
87700 50.5379
87800 50.586
87900 50.5563
88000 50.975
88100 50.8135
88200 50.8451
88300 50.9751
88400 51.1835
88500 51.3417
88600 51.1095
88700 51.3074
88800 51.1795
88900 51.3725
89000 51.2103
89100 51.238
89200 51.3937
89300 51.4293
89400 51.4715
89500 51.5592
89600 51.6015
89700 51.5615
89800 51.45
89900 51.5061
90000 51.733
90100 51.417
90200 51.6794
90300 51.7729
90400 51.5311
90500 51.6075
90600 51.5801
90700 51.8377
90800 52.0337
90900 51.9753
91000 51.8603
91100 51.9717
91200 52.0297
91300 51.9671
91400 52.1208
91500 52.3012
91600 52.3438
91700 51.9617
91800 52.2673
91900 52.0675
92000 52.0999
92100 52.2609
92200 52.1424
92300 52.36
92400 52.2157
92500 52.4948
92600 52.3675
92700 52.6493
92800 52.6561
92900 52.8054
93000 52.7421
93100 52.608
93200 52.7977
93300 52.6768
93400 52.6849
93500 52.7172
93600 52.6936
93700 52.8561
93800 53.0218
93900 52.9027
94000 53.0975
94100 53.2017
94200 53.182
94300 53.1721
94400 53.1155
94500 53.1958
94600 53.2179
94700 53.3593
94800 53.4334
94900 53.6513
95000 53.671
95100 53.8234
95200 53.7014
95300 54.0274
95400 53.8938
95500 53.8598
95600 54.2315
95700 53.9462
95800 54.3107
95900 54.0752
96000 53.9836
96100 53.9758
96200 54.2487
96300 54.6921
96400 54.3843
96500 54.4905
96600 54.6322
96700 54.6264
96800 55.5074
96900 55.0536
97000 55.0877
97100 54.9268
97200 54.935
97300 55.2238
97400 55.2648
97500 55.3628
97600 55.4212
97700 55.2164
97800 55.391
97900 55.2957
98000 55.5956
98100 55.8785
98200 56.0638
98300 56.0647
98400 55.7648
98500 56.2676
98600 56.1864
98700 55.8844
98800 56.5105
98900 56.5134
99000 56.6452
99100 56.3286
99200 56.6399
99300 56.3892
99400 56.9545
99500 56.8932
99600 56.8726
99700 56.7539
99800 56.9024
99900 56.4663
100000 56.4417
100100 56.4658
100200 56.7174
100300 56.985
100400 56.9585
100500 57.1312
100600 57.0389
100700 56.9536
100800 56.5933
100900 57.1989
101000 57.4323
101100 57.4544
101200 57.5419
101300 57.5097
101400 57.7098
101500 57.8663
101600 57.698
101700 57.5999
101800 57.7622
101900 57.6035
102000 58.0449
102100 57.8145
102200 57.855
102300 58.2156
102400 58.3718
102500 58.1945
102600 57.7921
102700 57.9098
102800 58.2917
102900 57.866
103000 58.1848
103100 58.4661
103200 58.2372
103300 58.0949
103400 58.172
103500 58.0929
103600 58.2261
103700 58.4544
103800 58.1678
103900 58.5057
104000 58.2985
104100 58.5163
104200 58.6196
104300 58.7154
104400 58.4298
104500 58.7618
104600 58.8389
104700 58.6945
104800 58.744
104900 58.7449
105000 58.8869
105100 59.0528
105200 58.7082
105300 58.8533
105400 59.0779
105500 59.2351
105600 58.9894
105700 59.2345
105800 59.5052
105900 59.2291
106000 59.4458
106100 59.4182
106200 59.5284
106300 59.84
106400 59.8103
106500 59.8567
106600 59.6622
106700 59.6597
106800 59.5372
106900 59.9071
107000 59.9686
107100 60.1758
107200 60.3672
107300 60.1655
107400 60.3121
107500 60.3062
107600 60.1524
107700 60.2254
107800 60.3945
107900 60.5791
108000 60.5421
108100 60.5949
108200 60.576
108300 60.4699
108400 60.8466
108500 61.1673
108600 61.3464
108700 61.1568
108800 61.0633
108900 60.9059
109000 61.4047
109100 61.4331
109200 61.4407
109300 61.2794
109400 61.0111
109500 61.1252
109600 61.1473
109700 61.7395
109800 61.6081
109900 61.8173
110000 61.5947
110100 61.6596
110200 61.7279
110300 61.8138
110400 61.9502
110500 62.3526
110600 62.1637
110700 62.4787
110800 62.2158
110900 62.5738
111000 62.4578
111100 62.1691
111200 62.5361
111300 62.6071
111400 62.7139
111500 62.6827
111600 62.4095
111700 62.9775
111800 62.9444
111900 63.2218
112000 63.098
112100 63.4027
112200 63.484
112300 63.4263
112400 63.4557
112500 63.5313
112600 63.4002
112700 63.612
112800 63.8102
112900 63.7375
113000 63.7084
113100 64.2377
113200 64.2645
113300 64.4655
113400 64.0473
113500 64.0269
113600 64.1165
113700 64.3149
113800 64.1315
113900 64.4555
114000 64.5154
114100 64.8008
114200 64.5265
114300 64.5827
114400 64.561
114500 64.4468
114600 64.1541
114700 64.0813
114800 64.3117
114900 64.7019
115000 64.711
115100 64.7458
115200 64.5681
115300 64.7149
115400 64.7141
115500 64.3722
115600 64.4936
115700 64.3744
115800 64.4702
115900 64.6971
116000 64.3359
116100 64.3499
116200 64.2912
116300 64.5351
116400 64.4634
116500 64.5119
116600 64.8091
116700 64.8468
116800 64.812
116900 64.8944
117000 64.7704
117100 64.6621
117200 65.0056
117300 64.8926
117400 64.715
117500 64.7241
117600 64.8164
117700 64.6736
117800 64.9683
117900 64.8359
118000 65.1087
118100 65.2107
118200 65.0835
118300 65.3601
118400 64.9382
118500 65.1511
118600 65.7567
118700 65.8068
118800 65.723
118900 65.5766
119000 65.7971
119100 65.7954
119200 65.6325
119300 65.5158
119400 65.6583
119500 66.0198
119600 65.9961
119700 65.8439
119800 65.8806
119900 65.9892
120000 66.0627
120100 66.365
120200 66.5923
120300 66.4897
120400 66.2449
120500 66.5477
120600 66.7475
120700 66.8252
120800 66.9444
120900 66.8783
121000 66.7898
121100 67.2945
121200 67.4632
121300 67.5537
121400 67.5946
121500 67.5853
121600 67.736
121700 67.8034
121800 68.0082
121900 67.7952
122000 67.7948
122100 68.0392
122200 68.0186
122300 67.9887
122400 68.1996
122500 67.6904
122600 68.1396
122700 68.3238
122800 68.1951
122900 68.199
123000 68.382
123100 68.2597
123200 68.2086
123300 68.2028
123400 68.4162
123500 68.5722
123600 68.573
123700 68.2389
123800 68.5483
123900 68.7046
124000 68.7196
124100 68.9919
124200 68.7332
124300 68.7294
124400 68.6907
124500 69.0052
124600 69.0383
124700 69.2744
124800 69.3559
124900 69.4079
125000 69.1079
125100 68.9912
125200 69.2917
125300 69.1266
125400 69.4627
125500 69.5507
125600 69.1624
125700 69.4645
125800 69.3826
125900 69.6453
126000 69.3812
126100 69.503
126200 69.264
126300 69.6724
126400 69.7556
126500 69.6279
126600 69.7939
126700 69.6139
126800 70.0292
126900 69.8079
127000 69.8263
127100 69.3682
127200 69.5388
127300 69.4971
127400 69.8927
127500 69.6448
127600 69.3808
127700 69.5049
127800 69.744
127900 69.5439
128000 69.8681
128100 69.8239
128200 69.7119
128300 69.7288
128400 69.9749
128500 69.6252
128600 69.8143
128700 69.9151
128800 70.1541
128900 70.3428
129000 70.0428
129100 70.293
129200 70.2904
129300 70.3064
129400 70.4488
129500 70.1637
129600 70.2246
129700 70.4935
129800 70.6921
129900 70.4036
130000 70.7329
130100 70.9486
130200 71.2357
130300 71.1445
130400 71.0296
130500 71.0484
130600 71.3566
130700 71.3038
130800 71.3327
130900 71.4203
131000 71.1372
131100 71.4482
131200 71.5963
131300 71.6762
131400 71.5334
131500 71.6713
131600 71.548
131700 71.4664
131800 71.4219
131900 71.5869
132000 71.5161
132100 71.7336
132200 71.7581
132300 72.2033
132400 72.4365
132500 72.3054
132600 72.1693
132700 72.5394
132800 72.6431
132900 72.5041
133000 72.5986
133100 72.4861
133200 72.382
133300 72.4874
133400 72.281
133500 72.1475
133600 72.568
133700 72.4646
133800 73.0558
133900 73.1283
134000 73.2311
134100 73.356
134200 73.2209
134300 73.6786
134400 73.4852
134500 73.4219
134600 73.1445
134700 73.3799
134800 73.4465
134900 73.0614
135000 73.4054
135100 73.3922
135200 73.3759
135300 73.2122
135400 73.2412
135500 73.4524
135600 73.4482
135700 73.3972
135800 73.3628
135900 73.6593
136000 73.914
136100 73.9979
136200 74.1928
136300 74.357
136400 74.267
136500 74.1885
136600 74.0373
136700 74.4108
136800 74.3361
136900 74.3415
137000 74.1481
137100 74.1742
137200 74.7852
137300 74.8872
137400 75.3656
137500 75.344
137600 75.3472
137700 75.1143
137800 75.5882
137900 75.4046
138000 75.57
138100 75.7095
138200 75.6557
138300 75.7225
138400 75.6154
138500 75.5213
138600 75.4822
138700 75.373
138800 75.6264
138900 75.5785
139000 75.4331
139100 75.8193
139200 75.4961
139300 75.4902
139400 75.3837
139500 75.5425
139600 75.8742
139700 76.0957
139800 76.0154
139900 76.028
140000 75.9911
140100 75.9543
140200 75.8237
140300 76.1769
140400 76.4149
140500 76.6415
140600 76.4234
140700 76.2264
140800 76.6737
140900 76.9934
141000 76.6805
141100 77.0085
141200 77.0593
141300 77.1032
141400 77.2829
141500 77.1438
141600 77.1153
141700 77.2718
141800 77.2491
141900 77.5414
142000 77.6602
142100 77.577
142200 77.4303
142300 77.2723
142400 77.6133
142500 77.6432
142600 77.6641
142700 77.5308
142800 77.732
142900 77.773
143000 77.5867
143100 77.9687
143200 77.9884
143300 78.0761
143400 78.1526
143500 78.2867
143600 78.2579
143700 78.231
143800 78.0237
143900 78.1453
144000 78.4525
144100 78.5398
144200 78.484
144300 78.4846
144400 78.7663
144500 78.641
144600 78.7888
144700 78.7803
144800 79.1082
144900 79.2399
145000 78.9268
145100 78.7922
145200 78.84
145300 78.5629
145400 78.9003
145500 78.6753
145600 78.798
145700 78.7679
145800 78.8042
145900 78.6068
146000 78.832
146100 79.2303
146200 78.7375
146300 79.256
146400 79.6453
146500 79.7108
146600 79.6817
146700 79.653
146800 79.7281
146900 79.721
147000 80.1196
147100 80.4087
147200 80.1409
147300 80.0927
147400 80.1041
147500 79.9555
147600 79.9682
147700 80.05
147800 80.2229
147900 80.378
148000 80.7406
148100 80.1816
148200 80.5026
148300 80.4292
148400 80.1921
148500 80.2797
148600 80.4801
148700 80.759
148800 80.1322
148900 80.0235
149000 80.2895
149100 80.3442
149200 80.5335
149300 80.6151
149400 80.6194
149500 80.4073
149600 80.4908
149700 80.8712
149800 80.3475
149900 80.9778
150000 81.044
150100 80.8826
150200 80.7282
150300 81.3944
150400 81.4343
150500 81.4133
150600 81.0512
150700 81.5455
150800 81.4769
150900 81.4516
151000 81.4959
151100 81.2277
151200 81.6634
151300 81.2003
151400 81.4741
151500 81.1746
151600 81.4894
151700 81.462
151800 81.6301
151900 81.6051
152000 81.93
152100 81.977
152200 82.3348
152300 81.967
152400 82.2981
152500 82.393
152600 82.0875
152700 82.1955
152800 82.0722
152900 82.2789
153000 82.2776
153100 82.3611
153200 82.3746
153300 82.5216
153400 82.3537
153500 82.766
153600 82.584
153700 82.1515
153800 82.6632
153900 82.6227
154000 82.2212
154100 82.4287
154200 82.3394
154300 82.4193
154400 82.7432
154500 82.8537
154600 82.3259
154700 82.4125
154800 82.5814
154900 82.5422
155000 82.3763
155100 82.4504
155200 82.519
155300 82.8671
155400 83.2791
155500 82.8811
155600 82.8313
155700 82.98
155800 82.7848
155900 82.6439
156000 83.2346
156100 83.2361
156200 83.4001
156300 83.4819
156400 83.2711
156500 83.5626
156600 83.6638
156700 83.7645
156800 83.7865
156900 83.7219
157000 83.7555
157100 84.0106
157200 83.7786
157300 83.856
157400 84.0756
157500 83.8573
157600 83.9872
157700 83.8697
157800 84.0585
157900 84.2433
158000 84.5541
158100 84.2492
158200 83.8328
158300 84.3783
158400 84.465
158500 84.4175
158600 84.5826
158700 84.4526
158800 84.3346
158900 84.4886
159000 84.153
159100 84.4231
159200 84.4519
159300 84.6982
159400 85.0835
159500 84.8137
159600 85.2417
159700 85.0248
159800 85.2804
159900 85.0441
160000 85.2265
160100 85.4668
160200 85.5064
160300 85.6389
160400 85.2713
160500 85.4043
160600 85.6081
160700 85.836
160800 85.8225
160900 85.758
161000 85.8631
161100 86.0433
161200 85.7821
161300 85.7185
161400 85.7565
161500 85.8055
161600 86.0329
161700 86.0132
161800 86.2502
161900 86.1555
162000 86.3405
162100 86.2003
162200 86.6436
162300 86.4916
162400 86.4081
162500 86.4511
162600 86.1146
162700 86.5319
162800 86.9151
162900 86.3934
163000 86.8137
163100 86.5718
163200 86.7318
163300 86.5604
163400 86.779
163500 86.8623
163600 86.7075
163700 86.9522
163800 86.6909
163900 86.8975
164000 86.8151
164100 86.76
164200 86.785
164300 87.0825
164400 87.2863
164500 87.1637
164600 87.5684
164700 87.5231
164800 87.6188
164900 87.3935
165000 87.714
165100 87.6765
165200 88.21
165300 87.8012
165400 87.8434
165500 88.1344
165600 88.2635
165700 88.4392
165800 88.5525
165900 88.8024
166000 89.0716
166100 88.9716
166200 88.5123
166300 89.2257
166400 88.7019
166500 89.111
166600 89.1921
166700 89.2158
166800 89.5947
166900 89.2498
167000 89.2367
167100 89.3216
167200 89.4544
167300 89.297
167400 89.3171
167500 89.1303
167600 89.2535
167700 89.0444
167800 89.1872
167900 89.4974
168000 89.7375
168100 89.8369
168200 89.4892
168300 89.8076
168400 89.6864
168500 89.5103
168600 89.6595
168700 89.7478
168800 89.8539
168900 89.5533
169000 89.5916
169100 89.5972
169200 89.8588
169300 89.5055
169400 90.0182
169500 89.7667
169600 90.15
169700 90.2415
169800 90.284
169900 90.1641
170000 90.4587
170100 90.4205
170200 90.6543
170300 90.5086
170400 90.5249
170500 90.3889
170600 90.5931
170700 90.6258
170800 90.5089
170900 90.8134
171000 90.6378
171100 90.5295
171200 90.771
171300 90.6626
171400 90.5377
171500 90.612
171600 91.0052
171700 90.9031
171800 90.835
171900 90.4312
172000 90.6154
172100 90.6798
172200 90.3796
172300 90.9629
172400 90.372
172500 91.11
172600 90.8825
172700 90.6917
172800 90.9133
172900 90.8541
173000 91.0662
173100 91.5992
173200 91.5165
173300 91.6228
173400 91.4761
173500 91.0181
173600 91.3308
173700 91.5205
173800 91.2862
173900 91.317
174000 91.1786
174100 91.3802
174200 92.0721
174300 91.9996
174400 91.7581
174500 91.871
174600 92.1921
174700 91.7913
174800 91.9828
174900 91.9839
175000 92.3224
175100 92.0421
175200 92.1513
175300 92.1959
175400 92.7322
175500 91.933
175600 92.444
175700 92.2998
175800 92.4861
175900 92.7022
176000 92.8487
176100 92.421
176200 92.5797
176300 92.9903
176400 92.5492
176500 92.7681
176600 93.0825
176700 92.9728
176800 92.9124
176900 93.2731
177000 93.206
177100 93.2
177200 93.2783
177300 93.2918
177400 93.7702
177500 93.3935
177600 93.753
177700 93.9675
177800 94.1101
177900 94.3898
178000 94.1853
178100 94.5548
178200 94.0077
178300 93.9421
178400 94.1366
178500 94.243
178600 94.1487
178700 94.2355
178800 94.4522
178900 94.2782
179000 94.178
179100 94.4509
179200 94.3467
179300 94.4107
179400 94.4156
179500 94.7272
179600 94.4734
179700 94.837
179800 94.7709
179900 94.7219
180000 94.6172
180100 95.0389
180200 95.0565
180300 95.3844
180400 95.5661
180500 95.451
180600 95.4271
180700 95.6039
180800 95.2106
180900 95.5324
181000 95.4334
181100 95.678
181200 95.2654
181300 95.425
181400 95.2972
181500 95.4638
181600 95.3302
181700 95.9749
181800 95.4363
181900 96.1251
182000 95.814
182100 95.75
182200 96.2108
182300 96.3686
182400 96.7089
182500 96.5264
182600 96.5532
182700 96.3004
182800 96.212
182900 96.3077
183000 96.2992
183100 96.1407
183200 96.046
183300 96.1952
183400 95.9651
183500 96.1153
183600 96.1935
183700 96.1154
183800 96.4262
183900 96.9639
184000 96.4683
184100 96.6816
184200 97.0924
184300 97.1371
184400 97.2695
184500 96.9394
184600 97.2009
184700 97.0041
184800 97.2888
184900 97.423
185000 97.3431
185100 97.2666
185200 97.2924
185300 97.0898
185400 97.572
185500 97.2892
185600 97.2385
185700 97.5484
185800 97.6144
185900 97.5215
186000 97.4638
186100 97.6006
186200 97.5711
186300 97.9306
186400 97.7007
186500 97.9917
186600 97.4718
186700 97.5935
186800 97.7318
186900 98.1068
187000 97.8455
187100 97.8413
187200 97.6789
187300 97.4126
187400 97.8993
187500 97.9606
187600 97.5382
187700 98.0394
187800 97.9678
187900 98.2918
188000 97.9689
188100 98.1925
188200 97.9833
188300 98.0859
188400 98.0498
188500 98.143
188600 98.4612
188700 98.7032
188800 98.3795
188900 98.6642
189000 98.5782
189100 98.3484
189200 98.7365
189300 98.6461
189400 98.6205
189500 98.9494
189600 99.0761
189700 98.5826
189800 99.1016
189900 99.1999
190000 99.1131
190100 99.3557
190200 99.1593
190300 99.26
190400 98.9941
190500 99.4092
190600 99.2268
190700 99.25
190800 99.4387
190900 99.6886
191000 99.3379
191100 99.5494
191200 99.3276
191300 99.0912
191400 99.2752
191500 99.6006
191600 99.3419
191700 99.5132
191800 99.3497
191900 99.2966
192000 99.2589
192100 99.7708
192200 99.441
192300 99.879
192400 99.8688
192500 99.5699
192600 99.8837
192700 99.863
192800 100.009
192900 100.021
193000 99.9826
193100 99.8614
193200 99.4718
193300 99.9823
193400 100.208
193500 100.304
193600 100.825
193700 100.781
193800 100.874
193900 100.721
194000 100.683
194100 100.633
194200 100.769
194300 100.978
194400 100.758
194500 100.576
194600 100.799
194700 101.026
194800 101.042
194900 100.775
195000 101.162
195100 101.083
195200 101.042
195300 101.202
195400 101.163
195500 101.267
195600 101.365
195700 101.519
195800 101.376
195900 101.588
196000 101.249
196100 101.094
196200 101.032
196300 101.261
196400 101.162
196500 101.386
196600 101.304
196700 101.316
196800 101.296
196900 101.174
197000 101.172
197100 101.205
197200 101.457
197300 101.67
197400 101.847
197500 101.648
197600 101.974
197700 101.75
197800 101.902
197900 101.918
198000 101.95
198100 101.944
198200 102.085
198300 102.082
198400 101.857
198500 101.932
198600 101.996
198700 102.151
198800 102.695
198900 102.439
199000 102.669
199100 102.541
199200 102.531
199300 102.635
199400 102.633
199500 102.601
199600 102.486
199700 103.004
199800 103.144
199900 102.783
200000 102.982
200100 103.499
200200 103.348
200300 103.742
200400 103.821
200500 103.473
200600 103.883
200700 103.643
200800 104.107
200900 104.055
201000 103.655
201100 103.986
201200 104.504
201300 104.386
201400 104.578
201500 104.375
201600 104.583
201700 105.195
201800 104.976
201900 104.729
202000 104.543
202100 105.089
202200 105.106
202300 104.769
202400 104.999
202500 104.826
202600 105.048
202700 104.869
202800 105.145
202900 105.092
203000 105.305
203100 105.484
203200 105.368
203300 105.524
203400 105.27
203500 105.775
203600 105.697
203700 105.536
203800 105.748
203900 106.058
204000 106.479
204100 106.163
204200 106.152
204300 106.193
204400 106.134
204500 106.887
204600 106.995
204700 106.405
204800 107.053
204900 106.579
205000 106.376
205100 106.699
205200 106.989
205300 107.03
205400 107.039
205500 107.173
205600 107.251
205700 107.307
205800 107.574
205900 107.663
206000 107.787
206100 107.674
206200 107.99
206300 107.884
206400 108.048
206500 107.971
206600 107.452
206700 107.668
206800 108.11
206900 108.01
207000 108.194
207100 108.074
207200 107.661
207300 107.906
207400 107.571
207500 107.931
207600 107.901
207700 107.853
207800 108.05
207900 108.154
208000 107.891
208100 108.506
208200 108.632
208300 108.305
208400 108.381
208500 108.338
208600 108.683
208700 108.695
208800 108.483
208900 108.815
209000 108.773
209100 108.982
209200 108.742
209300 108.894
209400 109.062
209500 108.85
209600 109.03
209700 109.406
209800 109.241
209900 108.95
210000 109.14
210100 109.358
210200 109.378
210300 109.426
210400 109.179
210500 109.869
210600 109.776
210700 109.497
210800 109.497
210900 109.453
211000 109.909
211100 110.255
211200 109.692
211300 109.94
211400 110.326
211500 110.273
211600 109.897
211700 109.841
211800 110.211
211900 109.764
212000 110.449
212100 110.548
212200 110.255
212300 111.073
212400 110.908
212500 110.612
212600 110.409
212700 110.537
212800 110.741
212900 111.107
213000 110.957
213100 110.911
213200 110.77
213300 110.9
213400 111.193
213500 111.092
213600 111.125
213700 111.088
213800 111.533
213900 111.251
214000 111.286
214100 111.294
214200 111.782
214300 111.644
214400 112.165
214500 111.816
214600 111.722
214700 111.829
214800 112.444
214900 112.27
215000 112.167
215100 112.134
215200 112.148
215300 112.276
215400 111.901
215500 112.456
215600 112.677
215700 112.757
215800 112.67
215900 113.02
216000 112.616
216100 112.598
216200 112.606
216300 112.316
216400 112.201
216500 112.12
216600 112.237
216700 112.265
216800 112.188
216900 112.356
217000 112.368
217100 112.256
217200 112.728
217300 112.579
217400 112.811
217500 112.825
217600 112.444
217700 112.571
217800 112.973
217900 112.637
218000 112.737
218100 112.703
218200 113.092
218300 112.743
218400 112.769
218500 112.937
218600 112.968
218700 113.152
218800 112.954
218900 113.463
219000 113.53
219100 113.66
219200 113.731
219300 113.479
219400 113.246
219500 114.013
219600 113.517
219700 114.168
219800 113.919
219900 113.921
220000 114.001
220100 113.701
220200 114.242
220300 114.278
220400 114.236
220500 114.088
220600 114.441
220700 114.479
220800 114.488
220900 114.542
221000 114.843
221100 114.785
221200 114.698
221300 114.669
221400 114.641
221500 114.891
221600 115.38
221700 115.242
221800 115.288
221900 115.852
222000 115.667
222100 115.453
222200 115.549
222300 115.765
222400 115.629
222500 115.477
222600 115.423
222700 115.572
222800 115.03
222900 115.121
223000 115.073
223100 115.343
223200 115.116
223300 115.26
223400 115.382
223500 115.463
223600 115.626
223700 115.617
223800 116.058
223900 115.894
224000 115.841
224100 116.101
224200 116.202
224300 115.975
224400 116.121
224500 116.253
224600 116.428
224700 116.698
224800 116.959
224900 117.03
225000 116.784
225100 116.807
225200 116.969
225300 117.083
225400 116.896
225500 117.354
225600 117.575
225700 117.432
225800 117.534
225900 117.681
226000 117.663
226100 117.578
226200 117.819
226300 117.865
226400 117.84
226500 117.875
226600 118.312
226700 118.263
226800 117.702
226900 117.949
227000 118.01
227100 118.183
227200 118.72
227300 118.209
227400 118.161
227500 118.22
227600 118.347
227700 118.553
227800 118.869
227900 118.55
228000 118.831
228100 118.778
228200 118.735
228300 118.77
228400 118.573
228500 118.459
228600 118.954
228700 118.395
228800 119.092
228900 119.1
229000 118.62
229100 119.205
229200 119.07
229300 119.276
229400 119.127
229500 119.504
229600 119.47
229700 119.164
229800 119.316
229900 119.062
230000 119.177
230100 118.958
230200 119.267
230300 119.239
230400 119.4
230500 119.318
230600 119.411
230700 119.448
230800 118.692
230900 119.727
231000 119.808
231100 119.953
231200 119.63
231300 119.454
231400 119.338
231500 119.75
231600 119.492
231700 119.517
231800 119.692
231900 119.937
232000 119.866
232100 119.618
232200 119.474
232300 119.551
232400 119.768
232500 119.945
232600 119.89
232700 119.77
232800 119.667
232900 119.546
233000 119.651
233100 120.17
233200 119.897
233300 120.239
233400 120.294
233500 120.602
233600 120.922
233700 120.569
233800 120.596
233900 121.176
234000 120.99
234100 121.208
234200 121.069
234300 121.233
234400 121.09
234500 121.068
234600 120.844
234700 121.032
234800 121.422
234900 121.51
235000 121.348
235100 121.38
235200 121.213
235300 121.691
235400 121.507
235500 121.625
235600 121.687
235700 122.036
235800 122.001
235900 121.668
236000 121.996
236100 122.169
236200 121.957
236300 121.868
236400 121.881
236500 121.936
236600 122.036
236700 122.171
236800 121.846
236900 122.198
237000 122.21
237100 122.145
237200 122.191
237300 122.102
237400 122.429
237500 122.285
237600 121.809
237700 122.017
237800 122.204
237900 122.393
238000 122.077
238100 121.745
238200 122.202
238300 122.023
238400 122.398
238500 121.937
238600 122.26
238700 122.054
238800 122.023
238900 122.314
239000 122.182
239100 122.366
239200 122.423
239300 122.437
239400 122.068
239500 122.804
239600 122.777
239700 122.692
239800 122.773
239900 122.418
240000 123.141
240100 123.127
240200 122.859
240300 123.398
240400 123.09
240500 122.769
240600 122.848
240700 122.92
240800 123.037
240900 122.692
241000 122.918
241100 123.022
241200 123.226
241300 122.975
241400 123.191
241500 123.418
241600 123.69
241700 123.626
241800 123.57
241900 123.539
242000 123.812
242100 123.666
242200 124.001
242300 124.111
242400 123.904
242500 123.871
242600 124.025
242700 124.256
242800 124.309
242900 124.192
243000 124.088
243100 123.946
243200 123.558
243300 124.246
243400 124.281
243500 124.762
243600 124.671
243700 124.506
243800 124.396
243900 124.686
244000 124.79
244100 124.486
244200 124.839
244300 124.464
244400 124.685
244500 124.894
244600 124.794
244700 125.445
244800 125.325
244900 125.259
245000 125.281
245100 125.353
245200 125.383
245300 125.613
245400 125.598
245500 125.523
245600 125.377
245700 125.38
245800 125.522
245900 125.705
246000 125.96
246100 125.914
246200 125.825
246300 125.63
246400 125.365
246500 125.815
246600 125.563
246700 126.055
246800 126.258
246900 126.365
247000 126.434
247100 126.461
247200 126.536
247300 126.829
247400 126.412
247500 126.667
247600 126.72
247700 126.381
247800 126.89
247900 127.092
248000 126.98
248100 126.565
248200 127.157
248300 126.879
248400 127.222
248500 127.296
248600 127.174
248700 127.151
248800 127.071
248900 127.198
249000 127.15
249100 127.082
249200 127.142
249300 127.61
249400 127.733
249500 127.576
249600 127.528
249700 127.93
249800 127.791
249900 127.955
250000 128.158
250100 127.787
250200 127.85
250300 128.142
250400 128.004
250500 127.87
250600 127.661
250700 127.504
250800 127.533
250900 127.393
251000 127.56
251100 127.641
251200 127.854
251300 127.919
251400 128.164
251500 128.114
251600 128.244
251700 128.083
251800 128.542
251900 128.41
252000 128.534
252100 128.533
252200 128.316
252300 128.334
252400 128.099
252500 128.493
252600 128.788
252700 128.427
252800 128.446
252900 128.776
253000 128.686
253100 128.77
253200 128.641
253300 128.504
253400 128.72
253500 128.727
253600 128.294
253700 128.722
253800 128.599
253900 128.946
254000 128.802
254100 129.131
254200 129.632
254300 129.185
254400 129.149
254500 129.108
254600 129.167
254700 129.171
254800 129.049
254900 129.102
255000 129.157
255100 129.17
255200 129.549
255300 129.394
255400 129.74
255500 129.651
255600 129.638
255700 129.63
255800 129.61
255900 129.718
256000 129.612
256100 129.699
256200 129.706
256300 130.226
256400 130.428
256500 130.356
256600 130.264
256700 130.308
256800 130.742
256900 130.046
257000 130.345
257100 130.505
257200 130.825
257300 130.653
257400 130.789
257500 131.18
257600 131.673
257700 131.316
257800 131.183
257900 131.49
258000 130.628
258100 131.129
258200 131.09
258300 131.637
258400 131.752
258500 131.425
258600 131.477
258700 130.916
258800 131.275
258900 131.574
259000 131.683
259100 131.788
259200 131.864
259300 131.417
259400 131.593
259500 131.383
259600 131.489
259700 131.528
259800 131.406
259900 131.767
260000 131.733
260100 131.983
260200 131.971
260300 132.687
260400 132.977
260500 132.576
260600 132.741
260700 132.883
260800 132.481
260900 132.654
261000 132.838
261100 133.283
261200 132.797
261300 132.585
261400 132.789
261500 133.359
261600 132.974
261700 133.474
261800 133.65
261900 133.881
262000 133.742
262100 133.702
262200 133.634
262300 133.993
262400 133.837
262500 134.031
262600 133.805
262700 134.428
262800 133.975
262900 133.995
263000 134.333
263100 134.26
263200 133.708
263300 133.851
263400 133.92
263500 134.174
263600 134.069
263700 134.532
263800 134.198
263900 133.95
264000 134.306
264100 134.561
264200 134.382
264300 134.501
264400 134.52
264500 134.8
264600 134.787
264700 134.468
264800 134.458
264900 134.613
265000 134.459
265100 134.419
265200 135.162
265300 134.957
265400 134.572
265500 134.575
265600 134.881
265700 135.089
265800 134.413
265900 134.719
266000 134.97
266100 134.704
266200 135.369
266300 135.709
266400 135.035
266500 135.692
266600 136.239
266700 135.916
266800 136.299
266900 136.192
267000 135.877
267100 136.086
267200 135.915
267300 136.06
267400 136.495
267500 136.467
267600 136.546
267700 136.278
267800 136.838
267900 136.35
268000 136.515
268100 136.691
268200 136.201
268300 136.303
268400 136.591
268500 136.504
268600 136.683
268700 136.513
268800 136.493
268900 137.037
269000 136.763
269100 136.814
269200 136.577
269300 136.458
269400 136.542
269500 136.926
269600 136.54
269700 137.024
269800 137.119
269900 137.157
270000 136.704
270100 137.403
270200 137.552
270300 137.907
270400 137.825
270500 138.021
270600 137.832
270700 138.135
270800 138.228
270900 137.725
271000 138.102
271100 138.456
271200 138.459
271300 138.66
271400 138.368
271500 138.643
271600 138.866
271700 139.181
271800 139.218
271900 139.524
272000 139.425
272100 139.411
272200 139.315
272300 138.973
272400 139.006
272500 139.472
272600 139.447
272700 140.217
272800 139.737
272900 140.132
273000 139.852
273100 140.059
273200 140.287
273300 139.975
273400 140.473
273500 140.494
273600 140.517
273700 140.478
273800 140.619
273900 140.461
274000 140.408
274100 140.053
274200 140.002
274300 140.771
274400 140.612
274500 140.318
274600 140.818
274700 140.832
274800 140.807
274900 140.635
275000 140.474
275100 140.176
275200 140.841
275300 140.787
275400 141.174
275500 140.806
275600 141.388
275700 141.141
275800 141.285
275900 141.442
276000 141.567
276100 141.65
276200 141.337
276300 141.273
276400 141.2
276500 141.413
276600 141.709
276700 141.97
276800 141.834
276900 142.278
277000 141.924
277100 141.859
277200 141.493
277300 140.993
277400 141.564
277500 141.502
277600 141.989
277700 141.531
277800 141.97
277900 141.817
278000 142.488
278100 142.125
278200 142.514
278300 143.336
278400 143.178
278500 143.145
278600 142.358
278700 142.338
278800 143.071
278900 142.978
279000 142.863
279100 143.119
279200 143.074
279300 143.158
279400 143.021
279500 142.895
279600 142.678
279700 142.845
279800 142.611
279900 142.309
280000 142.458
280100 142.609
280200 142.609
280300 142.833
280400 143.04
280500 142.904
280600 142.729
280700 143.033
280800 142.939
280900 142.507
281000 142.906
281100 142.699
281200 142.336
281300 142.325
281400 142.222
281500 142.74
281600 142.409
281700 142.884
281800 143.456
281900 143.346
282000 143.256
282100 143.117
282200 143.358
282300 143.41
282400 143.075
282500 143.199
282600 143.471
282700 143.409
282800 143.828
282900 143.862
283000 144.121
283100 143.937
283200 144.137
283300 144.418
283400 144.19
283500 144.379
283600 144.753
283700 145.107
283800 144.734
283900 144.952
284000 144.756
284100 145.153
284200 144.53
284300 144.996
284400 145.288
284500 145.225
284600 144.785
284700 145.166
284800 144.719
284900 144.905
285000 144.657
285100 144.788
285200 145.074
285300 145.077
285400 145.66
285500 145.469
285600 145.549
285700 145.528
285800 145.668
285900 145.685
286000 146.009
286100 145.811
286200 145.648
286300 145.614
286400 145.853
286500 145.489
286600 145.767
286700 145.899
286800 145.516
286900 145.299
287000 145.349
287100 145.571
287200 146.129
287300 146.153
287400 145.608
287500 145.488
287600 145.715
287700 145.889
287800 145.71
287900 145.948
288000 146.111
288100 145.639
288200 146.251
288300 146.063
288400 146.116
288500 146.67
288600 146.565
288700 146.326
288800 146.739
288900 146.615
289000 146.716
289100 147.251
289200 147.311
289300 147.608
289400 147.469
289500 147.601
289600 147.66
289700 147.451
289800 147.835
289900 147.821
290000 148.007
290100 148.373
290200 148.197
290300 148.434
290400 148.405
290500 148.246
290600 148.3
290700 148.696
290800 148.443
290900 148.95
291000 149.074
291100 149.078
291200 149.63
291300 149.151
291400 149.386
291500 149.008
291600 149.014
291700 149.213
291800 148.348
291900 148.949
292000 148.809
292100 149.11
292200 149.371
292300 149.225
292400 149.581
292500 149.522
292600 149.136
292700 149.326
292800 149.311
292900 149.167
293000 148.88
293100 149.314
293200 149.374
293300 149.434
293400 149.514
293500 149.577
293600 149.625
293700 149.909
293800 149.677
293900 149.512
294000 150.171
294100 149.875
294200 149.9
294300 150.038
294400 150.078
294500 150.332
294600 150.864
294700 150.109
294800 150.772
294900 150.513
295000 150.71
295100 150.78
295200 150.92
295300 150.448
295400 150.586
295500 150.825
295600 150.968
295700 150.634
295800 150.682
295900 151.487
296000 151.317
296100 151.027
296200 150.837
296300 150.75
296400 150.723
296500 151.043
296600 151.174
296700 151.104
296800 150.649
296900 150.74
297000 151.029
297100 150.973
297200 150.999
297300 151.539
297400 151.582
297500 151.578
297600 151.505
297700 151.896
297800 152.114
297900 151.948
298000 151.898
298100 152.072
298200 152.075
298300 152.005
298400 152.496
298500 152.222
298600 152.282
298700 152.732
298800 152.769
298900 152.836
299000 152.9
299100 152.84
299200 153.157
299300 153.523
299400 153.275
299500 153.644
299600 153.293
299700 153.031
299800 153.392
299900 152.888
300000 153.295
300100 153.388
300200 153.667
300300 153.641
300400 153.585
300500 153.552
300600 153.079
300700 153.051
300800 152.973
300900 152.958
301000 153.304
301100 153.029
301200 153.427
301300 153.11
301400 153.625
301500 153.41
301600 153.448
301700 153.434
301800 153.476
301900 153.229
302000 153.8
302100 153.283
302200 153.54
302300 153.225
302400 153.355
302500 153.783
302600 154.139
302700 153.808
302800 153.464
302900 153.375
303000 153.435
303100 153.584
303200 153.7
303300 154.218
303400 153.85
303500 154.108
303600 154.056
303700 154.319
303800 154.315
303900 154.858
304000 154.361
304100 154.778
304200 155.041
304300 154.889
304400 154.507
304500 154.119
304600 154.224
304700 154.794
304800 155.123
304900 155.146
305000 155.061
305100 155.103
305200 155.398
305300 155.18
305400 154.83
305500 154.576
305600 155.128
305700 155.55
305800 155.274
305900 155.498
306000 155.378
306100 155.512
306200 156.024
306300 155.86
306400 155.205
306500 155.769
306600 155.524
306700 155.336
306800 155.589
306900 156.347
307000 156.213
307100 156.118
307200 156.852
307300 156.671
307400 156.403
307500 156.998
307600 156.615
307700 156.379
307800 156.521
307900 156.505
308000 156.987
308100 157.496
308200 157.305
308300 157.038
308400 157.255
308500 157.293
308600 157.177
308700 157.481
308800 157.303
308900 156.882
309000 156.609
309100 157.011
309200 156.943
309300 157.021
309400 157.453
309500 157.494
309600 157.513
309700 158.088
309800 157.732
309900 157.833
310000 157.758
310100 157.64
310200 158.081
310300 158.017
310400 157.973
310500 157.866
310600 157.996
310700 158.073
310800 158.29
310900 158.289
311000 158.438
311100 158.297
311200 158.141
311300 159.041
311400 158.276
311500 158.374
311600 158.408
311700 158.366
311800 159.19
311900 158.868
312000 158.995
312100 158.704
312200 158.649
312300 158.92
312400 158.766
312500 159.051
312600 158.951
312700 158.884
312800 158.515
312900 158.794
313000 159.151
313100 159.416
313200 159.282
313300 159.134
313400 159.035
313500 158.903
313600 159.472
313700 158.731
313800 159.151
313900 158.613
314000 159.131
314100 159.647
314200 159.864
314300 159.83
314400 159.563
314500 159.973
314600 159.969
314700 159.974
314800 160.069
314900 160.232
315000 159.835
315100 160.249
315200 160.496
315300 160.992
315400 160.685
315500 160.662
315600 160.764
315700 160.594
315800 160.353
315900 160.84
316000 160.971
316100 161.162
316200 161.233
316300 161.126
316400 161.23
316500 161.035
316600 160.993
316700 161.631
316800 161.403
316900 161.531
317000 161.247
317100 161.554
317200 161.688
317300 161.767
317400 161.564
317500 161.161
317600 161.325
317700 161.37
317800 161.677
317900 161.967
318000 161.305
318100 161.212
318200 160.974
318300 161.383
318400 162.071
318500 162.089
318600 161.982
318700 161.79
318800 161.874
318900 161.998
319000 162.076
319100 161.832
319200 162.44
319300 161.988
319400 162.625
319500 162.555
319600 162.361
319700 162.405
319800 162.593
319900 163.091
320000 162.998
320100 163.169
320200 163.323
320300 163.31
320400 163.049
320500 162.815
320600 163.076
320700 162.635
320800 162.826
320900 162.645
321000 162.949
321100 162.787
321200 162.81
321300 163.138
321400 163.212
321500 163.034
321600 162.797
321700 163.351
321800 163.331
321900 163.099
322000 163.268
322100 163.905
322200 163.806
322300 163.815
322400 163.657
322500 163.517
322600 163.656
322700 163.335
322800 163.374
322900 162.794
323000 163.482
323100 163.852
323200 163.808
323300 163.59
323400 163.865
323500 164.248
323600 163.89
323700 163.894
323800 164.336
323900 164.133
324000 164.504
324100 164.571
324200 164.618
324300 164.68
324400 164.954
324500 164.696
324600 165.149
324700 164.925
324800 164.966
324900 165.293
325000 165.089
325100 165.355
325200 165.268
325300 165.513
325400 165.573
325500 165.553
325600 165.204
325700 165.606
325800 166.222
325900 165.837
326000 165.814
326100 165.966
326200 166.475
326300 166.207
326400 166.368
326500 166.617
326600 166.003
326700 165.921
326800 166.395
326900 166.571
327000 166.785
327100 166.814
327200 167.116
327300 166.796
327400 167.005
327500 167.113
327600 166.742
327700 167.061
327800 167.167
327900 167.174
328000 167.56
328100 167.504
328200 168.101
328300 167.859
328400 167.261
328500 166.896
328600 167.151
328700 167.894
328800 168.254
328900 168.323
329000 168.648
329100 168.735
329200 168.682
329300 168.984
329400 168.617
329500 168.719
329600 168.408
329700 168.752
329800 168.663
329900 168.746
330000 168.987
330100 169.378
330200 169.62
330300 168.71
330400 169.248
330500 169.441
330600 169.162
330700 169.394
330800 169.919
330900 169.779
331000 169.998
331100 170.03
331200 169.867
331300 169.514
331400 169.599
331500 170.244
331600 169.968
331700 169.807
331800 169.997
331900 169.768
332000 170.372
332100 170.196
332200 170.657
332300 170.419
332400 169.839
332500 170.382
332600 170.152
332700 170.196
332800 170.573
332900 170.225
333000 170.393
333100 170.484
333200 170.839
333300 170.588
333400 170.812
333500 170.894
333600 170.939
333700 171.145
333800 171.04
333900 170.992
334000 171.363
334100 171.571
334200 171.092
334300 171.27
334400 171.438
334500 171.261
334600 171.24
334700 171.2
334800 171.214
334900 171.493
335000 171.722
335100 171.222
335200 171.44
335300 171.948
335400 172.486
335500 172.494
335600 171.982
335700 172.092
335800 172.092
335900 171.914
336000 171.638
336100 172.15
336200 172.213
336300 172.556
336400 172.541
336500 172.312
336600 172.427
336700 172.643
336800 172.579
336900 172.695
337000 172.733
337100 173.21
337200 172.919
337300 172.906
337400 173.136
337500 173.755
337600 173.841
337700 173.595
337800 174.006
337900 173.97
338000 174.134
338100 174.318
338200 174.657
338300 174.829
338400 174.976
338500 175.663
338600 175.195
338700 175.647
338800 175.983
338900 175.557
339000 175.782
339100 176.067
339200 176.41
339300 176.462
339400 176.696
339500 176.89
339600 176.925
339700 176.475
339800 176.366
339900 176.615
340000 176.599
340100 176.213
340200 176.632
340300 176.631
340400 176.795
340500 177.586
340600 177.861
340700 177.761
340800 178.329
340900 177.333
341000 177.891
341100 177.535
341200 177.15
341300 177.221
341400 177.081
341500 177.604
341600 177.702
341700 177.896
341800 178.087
341900 178.599
342000 178.204
342100 178.075
342200 178.384
342300 178.419
342400 178.262
342500 178.36
342600 179.038
342700 179.444
342800 179.059
342900 178.995
343000 179.131
343100 179.137
343200 179.1
343300 178.832
343400 178.703
343500 179.488
343600 179.506
343700 179.305
343800 179.483
343900 179.283
344000 179.461
344100 179.503
344200 179.89
344300 179.488
344400 179.031
344500 179.204
344600 179.126
344700 179.275
344800 179.471
344900 179.451
345000 179.178
345100 179.354
345200 179.308
345300 179.046
345400 179.752
345500 179.683
345600 179.838
345700 180.538
345800 180.097
345900 179.78
346000 180.026
346100 179.795
346200 180.14
346300 179.656
346400 179.854
346500 179.859
346600 179.764
346700 179.851
346800 179.502
346900 179.702
347000 178.91
347100 179.393
347200 179.858
347300 179.362
347400 179.233
347500 179.458
347600 179.73
347700 179.819
347800 180.1
347900 180.38
348000 179.813
348100 179.827
348200 179.728
348300 179.399
348400 179.936
348500 179.746
348600 180.151
348700 180.789
348800 180.95
348900 180.516
349000 180.613
349100 180.38
349200 180.523
349300 180.828
349400 180.744
349500 180.815
349600 181.116
349700 180.809
349800 181.249
349900 181.229
350000 181.46
