# Time-averaged data for fix all_msd
# TimeStep c_msd1[4]
0 2.04939e-29
100 0.260463
200 0.398763
300 0.583287
400 0.740921
500 0.925163
600 1.10476
700 1.29824
800 1.49904
900 1.7935
1000 1.99136
1100 2.09802
1200 2.19191
1300 2.32126
1400 2.5822
1500 2.78639
1600 2.98738
1700 3.19123
1800 3.26061
1900 3.40597
2000 3.56577
2100 3.60026
2200 3.7669
2300 3.92044
2400 4.01099
2500 4.09211
2600 4.10946
2700 4.2376
2800 4.22857
2900 4.32343
3000 4.4307
3100 4.54968
3200 4.76176
3300 4.88971
3400 5.02229
3500 5.11038
3600 5.14979
3700 5.4252
3800 5.3574
3900 5.56826
4000 5.54055
4100 5.62047
4200 5.73269
4300 5.81602
4400 6.03012
4500 6.11216
4600 6.25032
4700 6.2856
4800 6.3612
4900 6.48783
5000 6.65758
5100 6.76257
5200 6.85419
5300 6.91315
5400 7.1128
5500 7.18909
5600 7.11306
5700 7.07733
5800 7.15757
5900 7.30491
6000 7.51909
6100 7.53587
6200 7.69328
6300 7.78516
6400 7.89677
6500 7.9758
6600 7.99362
6700 8.00612
6800 7.99789
6900 8.12837
7000 8.21679
7100 8.16746
7200 8.38699
7300 8.53916
7400 8.56395
7500 8.6673
7600 8.76535
7700 8.78308
7800 8.81087
7900 8.84354
8000 8.97479
8100 9.04969
8200 9.13927
8300 9.29441
8400 9.26738
8500 9.39822
8600 9.53385
8700 9.72198
8800 9.69919
8900 9.63054
9000 9.77884
9100 9.87741
9200 9.97285
9300 10.0344
9400 10.0424
9500 9.99348
9600 10.019
9700 10.0617
9800 10.2261
9900 10.3967
10000 10.4501
10100 10.4404
10200 10.6715
10300 10.7358
10400 10.7967
10500 10.6525
10600 10.8249
10700 10.8418
10800 10.9897
10900 11.1343
11000 11.0637
11100 11.048
11200 11.1239
11300 11.3357
11400 11.4837
11500 11.5845
11600 11.6644
11700 11.6133
11800 11.5275
11900 11.629
12000 11.6432
12100 11.8322
12200 11.9045
12300 11.982
12400 11.7838
12500 11.7896
12600 11.9011
12700 12.0619
12800 12.0249
12900 12.0608
13000 12.0525
13100 12.2132
13200 12.2475
13300 12.3316
13400 12.3618
13500 12.4679
13600 12.4838
13700 12.6013
13800 12.5405
13900 12.505
14000 12.5312
14100 12.6134
14200 12.7193
14300 12.7437
14400 12.8492
14500 12.8863
14600 13.0436
14700 13.008
14800 13.1029
14900 13.1511
15000 13.1687
15100 13.2709
15200 13.2457
15300 13.3495
15400 13.4813
15500 13.4086
15600 13.5619
15700 13.8196
15800 13.8413
15900 13.9207
16000 13.9272
16100 13.9662
16200 14.0516
16300 14.1074
16400 14.2792
16500 14.337
16600 14.267
16700 14.3404
16800 14.3775
16900 14.3696
17000 14.4343
17100 14.572
17200 14.6739
17300 14.6978
17400 14.6808
17500 14.8888
17600 14.9607
17700 14.9365
17800 14.9819
17900 14.9063
18000 15.0773
18100 15.1427
18200 15.1311
18300 15.1342
18400 15.3732
18500 15.2988
18600 15.4148
18700 15.4774
18800 15.5438
18900 15.6138
19000 15.7566
19100 15.7562
19200 15.8164
19300 15.6973
19400 15.9235
19500 15.9437
19600 16.0985
19700 16.2147
19800 16.3165
19900 16.474
20000 16.4654
20100 16.6702
20200 16.5682
20300 16.8317
20400 16.6206
20500 16.7076
20600 16.6874
20700 16.703
20800 16.9793
20900 16.9703
21000 17.0603
21100 17.0682
21200 17.1202
21300 17.2212
21400 17.1876
21500 17.4194
21600 17.2664
21700 17.37
21800 17.2558
21900 17.445
22000 17.4213
22100 17.4504
22200 17.4398
22300 17.5241
22400 17.743
22500 17.8289
22600 18.0832
22700 17.9878
22800 18.0723
22900 18.1292
23000 18.1371
23100 18.2757
23200 18.4517
23300 18.3169
23400 18.3866
23500 18.2801
23600 18.3956
23700 18.6666
23800 18.5904
23900 18.7376
24000 18.8306
24100 18.896
24200 19.0005
24300 18.9198
24400 18.952
24500 19.0997
24600 19.0362
24700 19.2195
24800 19.2372
24900 19.2284
25000 19.259
25100 19.557
25200 19.576
25300 19.54
25400 19.7485
25500 19.7016
25600 19.6935
25700 19.5988
25800 19.6745
25900 19.7927
26000 19.9332
26100 20.0587
26200 19.9726
26300 19.8677
26400 20.0039
26500 20.2681
26600 20.2516
26700 20.4088
26800 20.3178
26900 20.5442
27000 20.4969
27100 20.4185
27200 20.5713
27300 20.5685
27400 20.7544
27500 20.8222
27600 20.8327
27700 20.8914
27800 20.8985
27900 21.047
28000 21.1666
28100 21.1168
28200 21.0091
28300 21.2126
28400 21.0069
28500 21.0531
28600 21.127
28700 21.325
28800 21.308
28900 21.3131
29000 21.1825
29100 21.1428
29200 21.4154
29300 21.2198
29400 21.2505
29500 21.4517
29600 21.3972
29700 21.5795
29800 21.5916
29900 21.4943
30000 21.6042
30100 21.5462
30200 21.6885
30300 21.6808
30400 21.8387
30500 21.9748
30600 22.0221
30700 21.9546
30800 21.9969
30900 22.0853
31000 22.1751
31100 22.1213
31200 22.3558
31300 22.2938
31400 22.2692
31500 22.2596
31600 22.1194
31700 22.2848
31800 22.3447
31900 22.4895
32000 22.5517
32100 22.7918
32200 22.841
32300 22.983
32400 22.9878
32500 22.8795
32600 22.8886
32700 22.8305
32800 23.0162
32900 23.0313
33000 23.4093
33100 23.5127
33200 23.4318
33300 23.6251
33400 23.8439
33500 23.8103
33600 23.9668
33700 23.7287
33800 23.7751
33900 23.9942
34000 24.0075
34100 24.0695
34200 24.2043
34300 24.129
34400 24.1832
34500 24.1848
34600 24.0573
34700 24.0761
34800 24.2246
34900 24.0916
35000 24.3709
35100 24.2581
35200 24.3468
35300 24.3714
35400 24.5359
35500 24.436
35600 24.5521
35700 24.8014
35800 24.7802
35900 24.7936
36000 24.7691
36100 24.8598
36200 24.7777
36300 24.9205
36400 25.0292
36500 25.045
36600 25.2386
36700 25.2672
36800 25.2627
36900 25.3452
37000 25.2661
37100 25.2296
37200 25.2732
37300 25.2006
37400 25.2424
37500 25.4758
37600 25.4656
37700 25.4315
37800 25.5292
37900 25.7056
38000 25.6939
38100 25.6837
38200 25.8045
38300 25.6578
38400 25.8673
38500 25.8925
38600 26.1955
38700 26.1434
38800 26.0992
38900 26.0525
39000 26.0955
39100 26.1724
39200 26.367
39300 26.435
39400 26.2833
39500 26.1689
39600 25.9513
39700 26.3185
39800 26.3443
39900 26.2785
40000 26.4924
40100 26.4468
40200 26.4995
40300 26.4797
40400 26.631
40500 26.6184
40600 26.6402
40700 26.5507
40800 26.7375
40900 27.0451
41000 27.049
41100 27.1888
41200 27.1306
41300 27.1723
41400 27.4455
41500 27.2562
41600 27.5673
41700 27.599
41800 27.7508
41900 27.567
42000 27.9516
42100 27.9223
42200 27.8306
42300 27.9045
42400 28.0222
42500 28.1652
42600 28.1875
42700 28.2547
42800 28.275
42900 28.279
43000 28.3225
43100 28.2895
43200 28.4649
43300 28.4247
43400 28.5176
43500 28.6029
43600 28.7795
43700 28.8764
43800 28.7953
43900 29.0048
44000 28.9089
44100 28.9378
44200 29.0542
44300 29.0403
44400 29.1598
44500 29.371
44600 29.337
44700 29.5008
44800 29.6657
44900 29.5873
45000 29.8058
45100 29.6773
45200 29.9068
45300 29.879
45400 30.0368
45500 30.0332
45600 30.0291
45700 29.9855
45800 29.993
45900 29.9657
46000 30.0352
46100 30.0897
46200 30.2179
46300 30.183
46400 30.1838
46500 30.3878
46600 30.3565
46700 30.1379
46800 30.4012
46900 30.4786
47000 30.2875
47100 30.3732
47200 30.3142
47300 30.5741
47400 30.4559
47500 30.6797
47600 30.6323
47700 30.6543
47800 30.6385
47900 30.9489
48000 30.8448
48100 31.0474
48200 31.1809
48300 31.3518
48400 31.0325
48500 31.1563
48600 31.1471
48700 31.3656
48800 31.0495
48900 31.1083
49000 31.2468
49100 31.3259
49200 31.4694
49300 31.4217
49400 31.3787
49500 31.555
49600 31.6658
49700 31.8244
49800 31.78
49900 31.7649
50000 31.7801
50100 31.9202
50200 31.8222
50300 31.78
50400 31.9167
50500 31.9625
50600 32.0554
50700 31.966
50800 31.8167
50900 31.9576
51000 31.9621
51100 31.9585
51200 32.2571
51300 32.2329
51400 32.4744
51500 32.4527
51600 32.4947
51700 32.3752
51800 32.4845
51900 32.4118
52000 32.5979
52100 32.5749
52200 32.8283
52300 32.9646
52400 32.9591
52500 32.924
52600 33.0527
52700 33.3206
52800 33.1942
52900 33.3405
53000 33.4322
53100 33.4704
53200 33.2535
53300 33.1229
53400 33.3224
53500 33.4845
53600 33.48
53700 33.4958
53800 33.6824
53900 33.6218
54000 33.7271
54100 33.8804
54200 33.6569
54300 33.6998
54400 33.8471
54500 33.6973
54600 33.7757
54700 33.8405
54800 34.0484
54900 34.2888
55000 34.3026
55100 34.2844
55200 34.2737
55300 34.3604
55400 34.3239
55500 34.3098
55600 34.2166
55700 34.3338
55800 34.5705
55900 34.572
56000 34.4007
56100 34.4124
56200 34.531
56300 34.7853
56400 34.8359
56500 34.7525
56600 35.0407
56700 34.9983
56800 35.1982
56900 35.5046
57000 35.272
57100 35.3978
57200 35.6549
57300 35.8244
57400 35.9353
57500 35.6644
57600 35.8318
57700 36.0826
57800 35.8932
57900 36.0471
58000 36.0207
58100 36.0967
58200 36.1214
58300 36.0759
58400 36.3541
58500 36.8459
58600 36.625
58700 36.4143
58800 36.4903
58900 36.4394
59000 36.7898
59100 36.5702
59200 36.957
59300 36.9828
59400 36.9195
59500 36.7358
59600 37.0925
59700 37.0772
59800 37.2921
59900 37.3853
60000 37.4266
60100 37.5905
60200 37.5555
60300 37.919
60400 38.024
60500 37.8989
60600 37.8297
60700 37.9183
60800 37.8432
60900 37.8507
61000 37.8718
61100 38.1118
61200 38.1217
61300 38.1467
61400 38.4026
61500 38.3107
61600 38.2471
61700 38.3246
61800 38.4664
61900 38.3942
62000 38.5085
62100 38.5692
62200 38.5725
62300 38.4354
62400 38.6112
62500 38.7397
62600 38.7057
62700 38.7942
62800 39.1214
62900 39.312
63000 39.2037
63100 39.2451
63200 39.3144
63300 39.3892
63400 39.1793
63500 39.1982
63600 39.1996
63700 39.3412
63800 39.2614
63900 39.2403
64000 39.5581
64100 39.582
64200 39.6413
64300 39.6783
64400 39.5974
64500 39.7346
64600 39.9024
64700 39.8004
64800 39.9395
64900 39.9134
65000 39.9939
65100 40.0091
65200 40.348
65300 40.2956
65400 40.3947
65500 40.2371
65600 40.2184
65700 40.4066
65800 40.7175
65900 40.4962
66000 40.7152
66100 40.6644
66200 40.8731
66300 41.0996
66400 40.8089
66500 40.9367
66600 40.9769
66700 41.0194
66800 41.1258
66900 41.1639
67000 41.0871
67100 41.2432
67200 41.3609
67300 41.3713
67400 41.438
67500 41.2732
67600 41.6553
67700 41.6275
67800 41.5854
67900 41.5546
68000 41.8167
68100 41.6079
68200 41.5615
68300 41.7194
68400 41.9814
68500 42.127
68600 42.0833
68700 42.0771
68800 41.9045
68900 42.1599
69000 42.2917
69100 42.435
69200 42.1695
69300 42.1226
69400 42.073
69500 42.2577
69600 42.6903
69700 42.4533
69800 42.4877
69900 42.3147
70000 42.6448
70100 42.7464
70200 42.4796
70300 42.7071
70400 42.5631
70500 42.5038
70600 42.8911
70700 42.8339
70800 42.8115
70900 42.869
71000 42.9269
71100 43.0693
71200 43.2182
71300 43.1813
71400 43.5092
71500 43.4336
71600 43.4782
71700 43.552
71800 43.8405
71900 43.7219
72000 43.8612
72100 44.0079
72200 43.9194
72300 43.8645
72400 43.7846
72500 43.8682
72600 43.7416
72700 44.2017
72800 44.1111
72900 44.3367
73000 44.4516
73100 44.5555
73200 44.411
73300 44.3801
73400 44.3246
73500 44.3345
73600 44.442
73700 44.5966
73800 44.5638
73900 45.0387
74000 44.942
74100 44.8799
74200 44.9896
74300 45.1412
74400 45.041
74500 45.0675
74600 45.3136
74700 45.1951
74800 45.477
74900 45.3595
75000 45.523
75100 45.5306
75200 45.7583
75300 45.4841
75400 45.443
75500 45.7585
75600 45.6413
75700 45.9178
75800 45.8563
75900 45.8001
76000 45.8634
76100 45.9896
76200 46.2428
76300 46.2043
76400 46.3153
76500 46.4284
76600 46.303
76700 46.3631
76800 46.6715
76900 46.5612
77000 46.6496
77100 46.7533
77200 47.1022
77300 46.9869
77400 47.0936
77500 47.2984
77600 47.5343
77700 47.3985
77800 47.4384
77900 47.7605
78000 47.4049
78100 47.5262
78200 47.692
78300 47.8516
78400 47.7574
78500 47.6792
78600 47.4197
78700 47.6116
78800 47.6926
78900 47.7543
79000 47.834
79100 48.2947
79200 48.0157
79300 48.1471
79400 48.3667
79500 48.461
79600 48.5367
79700 48.5136
79800 48.3449
79900 48.4878
80000 48.577
80100 48.696
80200 48.6981
80300 48.6456
80400 48.8302
80500 48.6517
80600 48.3222
80700 48.2449
80800 48.4745
80900 48.5624
81000 48.7493
81100 48.8054
81200 48.6324
81300 49.0105
81400 48.8872
81500 48.9364
81600 48.9228
81700 48.9485
81800 48.8518
81900 49.2039
82000 48.9823
82100 48.8628
82200 49.2418
82300 49.338
82400 49.5966
82500 49.7358
82600 49.8247
82700 49.7233
82800 49.6622
82900 49.6254
83000 49.9382
83100 49.7563
83200 49.7207
83300 49.8772
83400 49.9427
83500 49.872
83600 49.8653
83700 50.1273
83800 50.3027
83900 50.1558
84000 49.9232
84100 50.1439
84200 50.0451
84300 50.537
84400 50.4507
84500 50.3558
84600 50.2971
84700 50.4386
84800 50.7366
84900 50.4323
85000 50.6214
85100 50.7664
85200 50.7166
85300 51.148
85400 51.131
85500 51.428
85600 51.1273
85700 51.1647
85800 51.5033
85900 51.4235
86000 51.2985
86100 51.3053
86200 51.041
86300 51.2137
86400 51.4395
86500 51.1962
86600 51.2396
86700 51.3809
86800 51.7866
86900 52.1233
87000 51.8258
87100 51.7979
87200 51.9085
87300 51.923
87400 51.813
87500 52.0127
87600 52.0521
87700 52.2226
87800 52.1617
87900 51.9992
88000 52.155
88100 52.0534
88200 52.0576
88300 52.3977
88400 52.3038
88500 52.4145
88600 52.4217
88700 52.6698
88800 52.5433
88900 52.7028
89000 52.873
89100 52.9816
89200 52.8753
89300 52.9995
89400 53.0053
89500 53.2527
89600 53.343
89700 53.4393
89800 53.3472
89900 53.4047
90000 53.1229
90100 53.4508
90200 53.5344
90300 53.4982
90400 53.3852
90500 53.2523
90600 53.0718
90700 53.5305
90800 53.2761
90900 53.5609
91000 53.7242
91100 53.6818
91200 53.8936
91300 53.6441
91400 53.7392
91500 53.8484
91600 53.7932
91700 53.8589
91800 54.0338
91900 53.9755
92000 53.9001
92100 53.8581
92200 53.9068
92300 54.1156
92400 54.2439
92500 54.0572
92600 54.0618
92700 53.9315
92800 54.274
92900 54.4086
93000 54.2632
93100 54.5027
93200 54.8118
93300 54.5145
93400 54.7747
93500 54.7346
93600 54.3726
93700 54.6778
93800 54.833
93900 54.7218
94000 54.5528
94100 55.1131
94200 55.1383
94300 55.3809
94400 55.1665
94500 55.2619
94600 55.1487
94700 55.2486
94800 55.3753
94900 55.0849
95000 55.3322
95100 55.251
95200 55.2991
95300 55.5791
95400 55.6301
95500 55.5794
95600 55.6559
95700 55.6578
95800 55.8767
95900 55.9078
96000 55.6648
96100 56.1306
96200 56.1796
96300 56.2058
96400 56.2205
96500 56.2176
96600 56.4375
96700 56.0659
96800 56.1155
96900 56.2332
97000 56.3199
97100 56.2545
97200 56.3145
97300 56.5964
97400 56.6853
97500 56.5215
97600 56.8805
97700 56.5686
97800 56.7982
97900 57.0076
98000 56.9401
98100 56.9431
98200 57.0734
98300 56.818
98400 57.0994
98500 57.2371
98600 57.3436
98700 57.5214
98800 57.6358
98900 57.5598
99000 57.488
99100 57.5143
99200 57.6244
99300 58.0152
99400 57.9917
99500 57.6816
99600 57.8375
99700 57.9179
99800 57.9782
99900 58.1276
100000 58.0653
100100 58.0146
100200 58.3066
100300 58.0348
100400 58.4418
100500 58.4996
100600 58.4539
100700 58.3071
100800 58.3212
100900 58.5101
101000 58.538
101100 58.525
101200 58.5099
101300 58.8623
101400 58.7506
101500 58.9741
101600 59.058
101700 59.098
101800 59.0604
101900 58.8824
102000 58.7678
102100 58.8474
102200 58.8065
102300 59.3013
102400 59.1359
102500 59.1587
102600 59.1729
102700 59.4457
102800 59.4199
102900 59.2382
103000 59.1381
103100 59.1342
103200 59.0159
103300 59.2608
103400 59.1106
103500 58.9555
103600 59.1264
103700 59.2003
103800 59.2667
103900 59.5615
104000 59.7823
104100 59.6648
104200 59.7917
104300 59.6046
104400 59.8401
104500 59.9168
104600 60.0684
104700 60.1189
104800 60.3717
104900 59.9824
105000 60.0979
105100 60.444
105200 60.2527
105300 60.6065
105400 60.76
105500 60.6867
105600 61.0314
105700 60.7879
105800 60.7876
105900 61.0218
106000 60.9878
106100 61.1107
106200 61.0549
106300 60.8571
106400 61.0924
106500 61.3445
106600 61.3663
106700 61.201
106800 61.564
106900 61.5886
107000 61.801
107100 61.7499
107200 61.5762
107300 61.8185
107400 61.8859
107500 62.2207
107600 62.1168
107700 62.1035
107800 62.3841
107900 62.1816
108000 62.3757
108100 62.3357
108200 62.1692
108300 62.361
108400 62.8596
108500 62.9168
108600 62.8396
108700 63.1396
108800 63.0886
108900 62.8287
109000 62.8134
109100 62.7594
109200 62.6887
109300 62.8064
109400 63.1971
109500 63.0872
109600 63.4542
109700 63.1776
109800 63.4786
109900 63.6018
110000 64.0665
110100 63.82
110200 64.1489
110300 64.308
110400 64.4328
110500 64.1205
110600 64.461
110700 64.6017
110800 64.7465
110900 64.9915
111000 65.2101
111100 65.0573
111200 65.2646
111300 65.0933
111400 64.8345
111500 65.2573
111600 65.3669
111700 65.3674
111800 64.9817
111900 65.3473
112000 65.1527
112100 65.4234
112200 65.4345
112300 65.5483
112400 65.5708
112500 65.5898
112600 65.6439
112700 65.6663
112800 65.6765
112900 65.5229
113000 65.4337
113100 65.7138
113200 65.6638
113300 65.4912
113400 65.6357
113500 66.0787
113600 66.0584
113700 65.9676
113800 66.3325
113900 66.1491
114000 66.1855
114100 66.2885
114200 66.2547
114300 66.2935
114400 66.3671
114500 66.4339
114600 66.415
114700 66.256
114800 66.3645
114900 66.0269
115000 66.2651
115100 66.5333
115200 66.4344
115300 66.6332
115400 66.5864
115500 66.6641
115600 66.4916
115700 66.6446
115800 66.6755
115900 66.6132
116000 66.8682
116100 66.7183
116200 66.5961
116300 66.6422
116400 66.6726
116500 66.8989
116600 67.0362
116700 66.7698
116800 66.9372
116900 66.9313
117000 66.9121
117100 66.7538
117200 66.9746
117300 66.7356
117400 67.2077
117500 67.3165
117600 67.3184
117700 67.3831
117800 67.2105
117900 67.4867
118000 67.3442
118100 67.0345
118200 67.6174
118300 67.7423
118400 67.7262
118500 67.8647
118600 68.0976
118700 68.1971
118800 68.1904
118900 68.356
119000 68.1209
119100 68.1282
119200 68.0346
119300 68.4777
119400 68.6323
119500 68.3466
119600 68.4969
119700 68.4784
119800 68.2977
119900 68.8349
120000 68.5547
120100 68.7575
120200 68.8914
120300 68.9956
120400 69.051
120500 68.8414
120600 69.1898
120700 69.0322
120800 69.1856
120900 69.3008
121000 69.2267
121100 68.9895
121200 69.632
121300 69.7879
121400 69.9991
121500 69.7934
121600 69.6314
121700 69.7274
121800 69.7747
121900 70.086
122000 70.0133
122100 70.1052
122200 70.1502
122300 69.8886
122400 70.0466
122500 70.1691
122600 70.5898
122700 70.7002
122800 70.5026
122900 70.6886
123000 70.7686
123100 70.6455
123200 70.5554
123300 70.6645
123400 70.8316
123500 70.7551
123600 70.6273
123700 70.5944
123800 71.0488
123900 71.1105
124000 70.562
124100 70.8381
124200 70.5157
124300 70.8257
124400 71.007
124500 71.1174
124600 71.093
124700 70.9621
124800 71.0225
124900 71.1663
125000 71.2977
125100 71.142
125200 71.3407
125300 71.0847
125400 71.097
125500 71.2247
125600 71.5234
125700 71.241
125800 71.4044
125900 71.6679
126000 71.2864
126100 71.0054
126200 71.078
126300 71.2636
126400 71.1354
126500 71.3719
126600 71.3538
126700 71.6913
126800 71.8893
126900 71.7989
127000 71.9593
127100 71.7883
127200 71.978
127300 72.1365
127400 72.0582
127500 71.8085
127600 71.5479
127700 72.064
127800 72.1955
127900 72.1769
128000 71.7577
128100 72.0168
128200 72.0411
128300 72.3592
128400 72.621
128500 72.8045
128600 72.9523
128700 73.0523
128800 73.1105
128900 73.0235
129000 72.8735
129100 73.255
129200 73.3799
129300 73.5345
129400 73.8372
129500 74.0272
129600 73.8622
129700 73.9776
129800 73.8581
129900 73.9799
130000 74.0775
130100 74.1192
130200 74.3267
130300 74.5158
130400 74.4424
130500 74.8279
130600 74.5431
130700 74.9209
130800 74.7289
130900 74.805
131000 74.837
131100 75.0411
131200 75.0021
131300 75.081
131400 75.0934
131500 75.3825
131600 75.3415
131700 75.2612
131800 75.2442
131900 75.1224
132000 75.1817
132100 75.2648
132200 74.9836
132300 75.0339
132400 75.0339
132500 75.1837
132600 75.3952
132700 75.4984
132800 76.2441
132900 76.0687
133000 76.052
133100 76.1074
133200 76.0126
133300 76.0856
133400 76.3608
133500 76.4184
133600 76.3489
133700 76.0322
133800 76.5518
133900 76.7225
134000 76.9367
134100 76.8192
134200 76.83
134300 76.8026
134400 77.0276
134500 76.9901
134600 76.8404
134700 76.8843
134800 76.97
134900 77.2466
135000 77.2171
135100 77.0435
135200 77.0983
135300 77.0513
135400 77.1236
135500 77.032
135600 77.2178
135700 77.1181
135800 77.0918
135900 77.1116
136000 77.3712
136100 77.6028
136200 77.4696
136300 77.6846
136400 77.2824
136500 77.5865
136600 77.5282
136700 77.863
136800 77.8297
136900 77.4923
137000 77.6712
137100 77.8695
137200 77.8402
137300 77.6069
137400 77.5085
137500 77.7224
137600 78.0136
137700 77.9374
137800 77.8467
137900 77.754
138000 77.9637
138100 78.1995
138200 78.134
138300 78.0655
138400 77.9293
138500 77.8498
138600 77.8491
138700 78.1824
138800 78.3264
138900 78.356
139000 78.7209
139100 78.4749
139200 78.7245
139300 78.4713
139400 78.8749
139500 78.9434
139600 78.8351
139700 79.2223
139800 78.8349
139900 78.9462
140000 79.314
140100 78.8694
140200 79.2881
140300 79.2288
140400 79.1891
140500 79.7117
140600 79.3754
140700 79.6108
140800 79.4487
140900 79.8404
141000 79.9304
141100 80.1457
141200 79.8089
141300 79.3132
141400 79.742
141500 79.9461
141600 79.9424
141700 79.8472
141800 80.0477
141900 79.7819
142000 79.8723
142100 79.9983
142200 80.3667
142300 80.0958
142400 80.1223
142500 80.6015
142600 80.6722
142700 80.4033
142800 80.4401
142900 80.7619
143000 80.8324
143100 80.5194
143200 80.4604
143300 80.4857
143400 80.7486
143500 80.7945
143600 81.0319
143700 80.9338
143800 80.5915
143900 81.0414
144000 81.1103
144100 81.2397
144200 81.0281
144300 81.3686
144400 81.1965
144500 81.4273
144600 81.3674
144700 81.687
144800 81.6161
144900 81.4165
145000 81.777
145100 81.9326
145200 81.6791
145300 81.9304
145400 81.8845
145500 81.8473
145600 82.1598
145700 81.9005
145800 82.0189
145900 82.1614
146000 82.6774
146100 82.1681
146200 82.4629
146300 82.3149
146400 82.3499
146500 82.4257
146600 82.796
146700 82.3914
146800 82.7582
146900 82.6913
147000 82.4933
147100 82.8219
147200 82.8992
147300 83.0514
147400 83.1912
147500 83.0718
147600 83.4126
147700 83.3988
147800 83.1194
147900 83.399
148000 83.4023
148100 83.3792
148200 83.2456
148300 83.1513
148400 83.0663
148500 83.3583
148600 83.1089
148700 83.1787
148800 83.1572
148900 83.4429
149000 83.7679
149100 84.0307
149200 84.0023
149300 83.8252
149400 84.2274
149500 84.0499
149600 83.8806
149700 83.7799
149800 83.9047
149900 83.8724
150000 83.9624
150100 83.9924
150200 84.3945
150300 84.3044
150400 84.4867
150500 84.2605
150600 84.4844
150700 84.0806
150800 84.1724
150900 84.3508
151000 84.2824
151100 84.6458
151200 84.6727
151300 84.6466
151400 84.9652
151500 84.9191
151600 85.3468
151700 85.1348
151800 85.1801
151900 85.3084
152000 85.3887
152100 85.4532
152200 85.6008
152300 85.2801
152400 85.4732
152500 85.6177
152600 85.8628
152700 85.4744
152800 85.521
152900 85.8887
153000 85.6191
153100 85.7067
153200 85.6124
153300 85.8916
153400 85.7133
153500 85.5224
153600 85.3542
153700 85.3262
153800 85.3982
153900 85.0773
154000 85.4003
154100 85.4808
154200 85.5745
154300 85.5352
154400 85.7382
154500 85.4467
154600 85.2673
154700 85.4287
154800 85.4475
154900 85.3071
155000 85.6337
155100 85.7402
155200 85.971
155300 85.7989
155400 85.9913
155500 86.3357
155600 86.1525
155700 86.2231
155800 86.4511
155900 86.2733
156000 86.2148
156100 86.1682
156200 86.5581
156300 86.592
156400 86.3149
156500 86.3844
156600 86.9301
156700 87.0059
156800 87.2153
156900 87.202
157000 86.9545
157100 87.2038
157200 87.2725
157300 87.118
157400 87.1028
157500 87.3482
157600 87.3827
157700 87.3561
157800 87.5481
157900 87.5794
158000 87.9153
158100 88.054
158200 88.0122
158300 88.0238
158400 88.08
158500 87.9984
158600 88.1568
158700 88.647
158800 87.8721
158900 88.3137
159000 88.3155
159100 88.141
159200 88.1792
159300 88.1694
159400 88.5386
159500 88.8626
159600 88.6511
159700 88.7005
159800 89.0129
159900 88.7008
160000 89.0619
160100 89.016
160200 88.7451
160300 88.9566
160400 88.9871
160500 89.041
160600 89.375
160700 89.1528
160800 89.125
160900 89.129
161000 89.2162
161100 89.2476
161200 89.2779
161300 89.2541
161400 88.9629
161500 88.9072
161600 88.9617
161700 89.0366
161800 89.2252
161900 89.0705
162000 89.3301
162100 89.5622
162200 89.9119
162300 89.8249
162400 89.7407
162500 90.092
162600 90.0211
162700 90.2998
162800 90.1575
162900 90.3892
163000 90.6098
163100 90.6747
163200 90.4686
163300 90.4829
163400 90.8839
163500 90.0037
163600 90.2865
163700 90.2083
163800 90.2357
163900 90.3981
164000 90.6158
164100 90.9165
164200 90.9733
164300 91.0784
164400 90.9159
164500 91.0955
164600 90.7521
164700 91.3243
164800 91.232
164900 91.1734
165000 91.3243
165100 91.1093
165200 91.3109
165300 91.0997
165400 91.3699
165500 91.2613
165600 91.4345
165700 91.1706
165800 91.2608
165900 91.3317
166000 91.3636
166100 91.6921
166200 91.5516
166300 91.772
166400 92.0813
166500 92.0249
166600 92.1903
166700 91.9792
166800 92.1304
166900 91.8775
167000 91.8142
167100 92.0852
167200 92.7927
167300 92.3032
167400 92.2611
167500 92.2321
167600 92.2321
167700 92.1699
167800 92.189
167900 92.5069
168000 92.6274
168100 92.4726
168200 92.5587
168300 92.6237
168400 92.5573
168500 92.487
168600 92.6053
168700 92.7951
168800 92.6183
168900 92.9102
169000 92.719
169100 93.0471
169200 93.084
169300 92.9376
169400 92.8183
169500 93.2251
169600 92.9206
169700 93.3217
169800 93.5077
169900 93.5526
170000 93.3226
170100 93.2885
170200 93.6731
170300 93.7117
170400 93.2778
170500 93.5695
170600 93.6262
170700 93.4881
170800 93.8587
170900 93.8287
171000 93.7946
171100 93.8169
171200 93.7871
171300 93.9022
171400 94.134
171500 94.1769
171600 93.9929
171700 93.9904
171800 93.6028
171900 94.0536
172000 93.7152
172100 94.2235
172200 94.232
172300 94.1503
172400 94.0451
172500 94.0643
172600 94.3859
172700 94.3606
172800 94.1775
172900 94.0676
173000 94.3251
173100 94.1704
173200 94.0418
173300 94.5737
173400 94.6606
173500 94.4551
173600 94.3635
173700 94.272
173800 94.8874
173900 94.9328
174000 94.9629
174100 95.1103
174200 94.896
174300 95.1549
174400 95.6206
174500 95.434
174600 95.073
174700 95.4175
174800 95.821
174900 95.4905
175000 95.4176
175100 95.4423
175200 95.0282
175300 95.3828
175400 95.4156
175500 95.6401
175600 95.5298
175700 96.1121
175800 96.0172
175900 95.9137
176000 96.0782
176100 96.2493
176200 95.7558
176300 96.0578
176400 95.8234
176500 95.8908
176600 95.8281
176700 95.4783
176800 96.1969
176900 95.8448
177000 96.0634
177100 96.3597
177200 96.2849
177300 96.4677
177400 96.5414
177500 96.3893
177600 96.2678
177700 96.6341
177800 96.6701
177900 97.0956
178000 96.6618
178100 96.9778
178200 96.8463
178300 96.2994
178400 97.0213
178500 97.0828
178600 97.0755
178700 97.2562
178800 97.4242
178900 97.2853
179000 97.938
179100 97.2401
179200 97.3379
179300 97.1269
179400 97.3245
179500 97.1452
179600 97.312
179700 97.5622
179800 97.5613
179900 97.706
180000 97.6932
180100 97.8231
180200 97.9318
180300 98.133
180400 97.6736
180500 98.0639
180600 98.211
180700 98.1168
180800 98.2411
180900 98.5487
181000 98.5467
181100 98.459
181200 98.1493
181300 98.5657
181400 98.5527
181500 98.7968
181600 99.0447
181700 98.4374
181800 98.5432
181900 98.5993
182000 98.2235
182100 98.355
182200 98.8867
182300 98.9572
182400 98.9893
182500 98.8924
182600 98.8477
182700 99.2993
182800 99.5358
182900 99.4328
183000 99.2254
183100 99.4112
183200 99.5357
183300 99.5329
183400 99.2086
183500 99.6815
183600 99.5945
183700 99.6609
183800 99.3479
183900 99.5925
184000 99.7103
184100 99.646
184200 99.8804
184300 99.7214
184400 100.202
184500 100.244
184600 100.201
184700 100.326
184800 100.222
184900 100.28
185000 100.72
185100 100.355
185200 100.239
185300 100.148
185400 100.244
185500 100.682
185600 100.319
185700 100.451
185800 100.854
185900 100.795
186000 100.64
186100 101.216
186200 101.168
186300 101.497
186400 101.619
186500 101.551
186600 101.426
186700 101.607
186800 101.49
186900 101.647
187000 101.947
187100 101.611
187200 101.104
187300 101.639
187400 101.569
187500 101.614
187600 101.695
187700 101.549
187800 101.416
187900 101.112
188000 101.261
188100 101.542
188200 101.803
188300 101.692
188400 101.813
188500 102.02
188600 101.984
188700 101.848
188800 101.615
188900 101.667
189000 101.993
189100 102.253
189200 101.915
189300 102.687
189400 102.618
189500 102.389
189600 102.838
189700 102.875
189800 103.192
189900 102.77
190000 102.749
190100 103.228
190200 103.177
190300 103.259
190400 103.296
190500 103.091
190600 103.187
190700 103.215
190800 103.247
190900 103.369
191000 103.352
191100 103.473
191200 103.338
191300 103.408
191400 103.412
191500 103.721
191600 103.614
191700 103.687
191800 103.384
191900 103.929
192000 104.036
192100 103.785
192200 104.138
192300 104.281
192400 103.754
192500 104.315
192600 103.938
192700 104.436
192800 104.585
192900 104.546
193000 104.522
193100 104.69
193200 104.358
193300 104.435
193400 104.409
193500 104.777
193600 104.808
193700 104.672
193800 104.624
193900 104.834
194000 104.896
194100 105.178
194200 105.17
194300 104.983
194400 105.367
194500 104.938
194600 104.843
194700 104.958
194800 104.963
194900 105.192
195000 105.273
195100 105.62
195200 105.264
195300 105.381
195400 105.344
195500 105.678
195600 105.595
195700 106.064
195800 105.734
195900 105.64
196000 106.097
196100 106.262
196200 105.93
196300 106.088
196400 105.793
196500 105.945
196600 105.927
196700 106.072
196800 106.508
196900 106.537
197000 106.573
197100 106.435
197200 106.281
197300 106.287
197400 106.252
197500 106.752
197600 106.775
197700 106.828
197800 107.145
197900 107.508
198000 107.277
198100 107.042
198200 107.189
198300 107.553
198400 107.992
198500 107.852
198600 107.61
198700 107.39
198800 108.294
198900 108.69
199000 108.777
199100 108.715
199200 108.497
199300 108.566
199400 108.771
199500 108.632
199600 108.817
199700 108.743
199800 108.749
199900 108.749
200000 108.563
200100 109.002
200200 108.805
200300 109.116
200400 109.098
200500 109.13
200600 109.541
200700 109.79
200800 109.682
200900 109.66
201000 110.152
201100 110.266
201200 109.69
201300 109.731
201400 109.936
201500 110.228
201600 110.164
201700 109.947
201800 110.115
201900 110.148
202000 110.587
202100 110.46
202200 110.239
202300 110.229
202400 110.029
202500 110.457
202600 110.493
202700 110.251
202800 110.363
202900 110.707
203000 110.82
203100 110.911
203200 111.045
203300 111.557
203400 111.388
203500 111.266
203600 111.033
203700 111.064
203800 111.32
203900 111.559
204000 111.837
204100 111.744
204200 111.634
204300 111.716
204400 111.558
204500 111.914
204600 111.923
204700 112.05
204800 111.884
204900 111.783
205000 111.995
205100 112.135
205200 111.841
205300 112.204
205400 112.37
205500 112.317
205600 112.833
205700 112.66
205800 112.532
205900 112.614
206000 112.429
206100 112.378
206200 112.446
206300 112.535
206400 113.104
206500 112.479
206600 112.933
206700 112.88
206800 113.037
206900 113.093
207000 113.144
207100 112.977
207200 112.769
207300 113.138
207400 113.211
207500 113.193
207600 113.438
207700 113.291
207800 112.928
207900 113.204
208000 113.411
208100 113.436
208200 113.51
208300 113.814
208400 113.831
208500 113.757
208600 113.491
208700 113.85
208800 113.557
208900 113.744
209000 114.284
209100 114.432
209200 114.582
209300 114.63
209400 114.445
209500 114.272
209600 114.682
209700 114.649
209800 114.771
209900 114.339
210000 114.935
210100 114.949
210200 114.979
210300 114.818
210400 114.596
210500 114.837
210600 114.955
210700 115.092
210800 115.6
210900 115.75
211000 115.323
211100 115.473
211200 115.951
211300 115.286
211400 115.469
211500 115.52
211600 115.405
211700 115.342
211800 115.476
211900 115.983
212000 115.976
212100 115.409
212200 116.284
212300 116.279
212400 115.806
212500 116.039
212600 115.83
212700 115.943
212800 116.512
212900 116.594
213000 116.669
213100 116.498
213200 116.452
213300 117.062
213400 116.832
213500 116.797
213600 116.813
213700 117.274
213800 117.393
213900 116.981
214000 116.531
214100 116.997
214200 117.357
214300 116.924
214400 117.142
214500 117.17
214600 116.651
214700 117.007
214800 117.307
214900 117.064
215000 117.375
215100 117.231
215200 117.62
215300 116.939
215400 117.103
215500 117.781
215600 117.179
215700 117.176
215800 117.521
215900 117.393
216000 117.423
216100 117.449
216200 117.115
216300 117.209
216400 117.21
216500 117.147
216600 117.095
216700 117.275
216800 117.617
216900 117.626
217000 117.346
217100 117.749
217200 117.493
217300 117.421
217400 117.509
217500 117.188
217600 117.275
217700 117.272
217800 117.285
217900 117.463
218000 117.812
218100 117.773
218200 117.614
218300 117.74
218400 117.588
218500 117.392
218600 117.988
218700 117.795
218800 117.855
218900 117.591
219000 117.984
219100 117.609
219200 117.78
219300 117.802
219400 118.075
219500 118.426
219600 118.059
219700 118.013
219800 118.651
219900 119.036
220000 118.813
220100 118.598
220200 118.373
220300 118.674
220400 118.835
220500 119.011
220600 119.008
220700 118.727
220800 119.157
220900 118.767
221000 119.139
221100 119.231
221200 119.179
221300 119.063
221400 119.727
221500 119.155
221600 119.118
221700 119.349
221800 119.451
221900 119.316
222000 119.345
222100 119.025
222200 119.405
222300 118.852
222400 119.01
222500 118.979
222600 119.41
222700 119.334
222800 119.304
222900 119.552
223000 119.393
223100 119.471
223200 119.594
223300 119.472
223400 119.386
223500 119.468
223600 119.253
223700 119.865
223800 119.509
223900 119.871
224000 119.777
224100 119.708
224200 119.628
224300 119.742
224400 119.817
224500 120.204
224600 120.336
224700 120.41
224800 120.099
224900 120.57
225000 120.681
225100 120.662
225200 120.671
225300 120.543
225400 120.955
225500 121.128
225600 121.239
225700 121.035
225800 120.939
225900 121.046
226000 121.297
226100 121.546
226200 122.074
226300 121.878
226400 121.791
226500 122.077
226600 122.454
226700 121.983
226800 121.852
226900 121.599
227000 121.208
227100 121.057
227200 121.592
227300 121.391
227400 121.634
227500 121.822
227600 121.512
227700 121.903
227800 122.186
227900 122.193
228000 122.056
228100 122.513
228200 122.509
228300 122.302
228400 122.316
228500 122.579
228600 122.767
228700 122.6
228800 122.803
228900 123.303
229000 123.387
229100 122.856
229200 123.154
229300 123.336
229400 123.067
229500 123.571
229600 123.562
229700 123.261
229800 123.156
229900 123.557
230000 124.044
230100 123.542
230200 124.031
230300 123.928
230400 124.344
230500 124.092
230600 123.973
230700 124.228
230800 124.492
230900 124.25
231000 124.391
231100 124.126
231200 124.572
231300 124.688
231400 124.594
231500 124.68
231600 124.609
231700 124.758
231800 124.807
231900 125.148
232000 125.074
232100 125.258
232200 125.697
232300 125.32
232400 125.303
232500 125.221
232600 125.681
232700 125.793
232800 125.171
232900 125.8
233000 126.119
233100 125.896
233200 125.757
233300 126.273
233400 126.125
233500 125.917
233600 125.81
233700 125.943
233800 125.683
233900 125.822
234000 126.025
234100 126.327
234200 126.278
234300 126.453
234400 126.212
234500 126.168
234600 126.337
234700 126.222
234800 125.871
234900 126.508
235000 126.542
235100 126.731
235200 126.566
235300 126.878
235400 126.797
235500 126.337
235600 127.033
235700 127.052
235800 126.749
235900 126.939
236000 126.753
236100 126.791
236200 126.486
236300 127.033
236400 126.734
236500 127.315
236600 127.596
236700 127.294
236800 127.775
236900 127.257
237000 127.695
237100 127.814
237200 127.703
237300 127.704
237400 127.694
237500 127.771
237600 127.677
237700 127.886
237800 128.074
237900 128.228
238000 128.085
238100 128.52
238200 127.963
238300 127.677
238400 127.822
238500 127.896
238600 128.117
238700 128.107
238800 127.78
238900 128.084
239000 128.409
239100 128.307
239200 128.375
239300 128.484
239400 128.665
239500 128.964
239600 129.513
239700 129.308
239800 129.36
239900 129.181
240000 129.31
240100 129.381
240200 129.358
240300 129.618
240400 129.777
240500 129.563
240600 129.417
240700 130.167
240800 129.84
240900 129.956
241000 130.209
241100 129.813
241200 130.171
241300 130.532
241400 130.452
241500 130.879
241600 131.18
241700 131.406
241800 131.391
241900 131.205
242000 130.719
242100 130.941
242200 130.613
242300 131.056
242400 131.452
242500 131.425
242600 131.487
242700 131.259
242800 131.229
242900 131.052
243000 131.408
243100 131.385
243200 131.41
243300 131.452
243400 132.473
243500 131.946
243600 131.474
243700 131.83
243800 132.257
243900 131.859
244000 131.438
244100 131.942
244200 132.206
244300 132.4
244400 132.341
244500 132.606
244600 132.744
244700 133.216
244800 132.897
244900 132.969
245000 133.234
245100 132.814
245200 132.875
245300 132.839
245400 133.336
245500 133.248
245600 132.942
245700 133.166
245800 133.213
245900 132.905
246000 133.179
246100 132.952
246200 133.111
246300 133.186
246400 133.43
246500 132.997
246600 133.537
246700 133.425
246800 134.047
246900 133.924
247000 134.155
247100 133.954
247200 133.541
247300 133.649
247400 133.546
247500 133.18
247600 133.62
247700 133.333
247800 133.511
247900 133.758
248000 133.356
248100 133.35
248200 133.592
248300 133.842
248400 133.977
248500 133.95
248600 133.929
248700 134.057
248800 133.828
248900 134.136
249000 134.598
249100 134.516
249200 134.376
249300 134.338
249400 134.214
249500 134.447
249600 133.889
249700 134.524
249800 134.896
249900 134.583
250000 134.704
250100 134.756
250200 134.622
250300 134.14
250400 134.113
250500 134.602
250600 134.93
250700 134.602
250800 134.617
250900 134.713
251000 135.161
251100 135.314
251200 135.28
251300 135.642
251400 135.549
251500 135.346
251600 135.335
251700 135.539
251800 135.53
251900 135.883
252000 135.872
252100 135.592
252200 135.754
252300 136.161
252400 136.503
252500 136.403
252600 136.309
252700 136.109
252800 136.253
252900 135.995
253000 136.195
253100 135.898
253200 136.354
253300 136.118
253400 136.316
253500 136.912
253600 136.694
253700 136.774
253800 136.541
253900 136.647
254000 136.795
254100 136.739
254200 136.717
254300 136.771
254400 136.642
254500 137.261
254600 136.77
254700 137.223
254800 137.054
254900 136.924
255000 137.721
255100 137.354
255200 137.341
255300 137.234
255400 137.325
255500 137.542
255600 137.559
255700 137.794
255800 138.071
255900 137.573
256000 137.974
256100 137.871
256200 137.704
256300 137.891
256400 138.02
256500 138.112
256600 137.692
256700 138.437
256800 137.931
256900 137.81
257000 137.799
257100 138.005
257200 137.973
257300 137.812
257400 138.304
257500 138.337
257600 138.608
257700 138.512
257800 138.054
257900 138.207
258000 138.067
258100 138.334
258200 138.628
258300 138.291
258400 138.725
258500 138.852
258600 138.488
258700 138.294
258800 138.083
258900 138.104
259000 138.189
259100 138.472
259200 138.694
259300 138.381
259400 138.925
259500 138.451
259600 138.866
259700 139.071
259800 138.619
259900 138.367
260000 138.09
260100 138.845
260200 139.002
260300 138.919
260400 138.928
260500 138.768
260600 139.181
260700 139.393
260800 139.463
260900 139.245
261000 139.441
261100 139.187
261200 139.072
261300 139.645
261400 139.571
261500 139.465
261600 139.516
261700 139.86
261800 139.307
261900 139.722
262000 139.335
262100 139.633
262200 139.68
262300 139.982
262400 140.16
262500 140.276
262600 140.027
262700 140.618
262800 140.458
262900 140.451
263000 139.807
263100 140.065
263200 140.327
263300 140.614
263400 140.307
263500 140.575
263600 140.375
263700 140.235
263800 140.208
263900 140.182
264000 140.697
264100 140.841
264200 140.773
264300 140.649
264400 140.264
264500 140.305
264600 140.318
264700 140.399
264800 140.776
264900 141.105
265000 141.205
265100 140.241
265200 140.324
265300 140.458
265400 140.86
265500 141.084
265600 141.243
265700 141.33
265800 140.912
265900 141.47
266000 141.664
266100 141.5
266200 141.232
266300 141.746
266400 140.81
266500 140.832
266600 141.12
266700 140.894
266800 141.319
266900 141.212
267000 140.864
267100 141.101
267200 141.217
267300 141.175
267400 141.058
267500 141.071
267600 141.452
267700 141.348
267800 141.228
267900 141.619
268000 141.704
268100 141.663
268200 141.184
268300 141.146
268400 141.61
268500 141.778
268600 141.782
268700 142.123
268800 142.113
268900 142.405
269000 142.331
269100 142.184
269200 142.003
269300 141.966
269400 142.094
269500 142.001
269600 142.256
269700 142.635
269800 142.641
269900 142.573
270000 142.515
270100 142.922
270200 142.757
270300 142.959
270400 142.42
270500 142.547
270600 143.128
270700 143.172
270800 142.657
270900 143.023
271000 143.195
271100 143.129
271200 143.31
271300 143.329
271400 143.074
271500 143.366
271600 143.463
271700 144.254
271800 143.638
271900 143.574
272000 143.673
272100 143.337
272200 143.376
272300 143.337
272400 143.549
272500 143.784
272600 143.413
272700 143.791
272800 143.817
272900 143.855
273000 143.679
273100 143.713
273200 144.024
273300 143.8
273400 143.901
273500 144.071
273600 143.913
273700 144.033
273800 144.548
273900 143.773
274000 144.491
274100 144.303
274200 144.023
274300 144.693
274400 144.322
274500 144.356
274600 144.594
274700 144.81
274800 144.213
274900 144.281
275000 144.493
275100 144.308
275200 144.72
275300 145.422
275400 145.256
275500 145.175
275600 146.131
275700 145.385
275800 145.518
275900 145.187
276000 145.665
276100 145.205
276200 145.31
276300 145.551
276400 145.167
276500 145.497
276600 145.629
276700 145.772
276800 145.961
276900 145.55
277000 145.423
277100 145.612
277200 145.535
277300 145.949
277400 145.466
277500 145.222
277600 145.694
277700 145.602
277800 145.69
277900 145.659
278000 145.753
278100 145.903
278200 145.943
278300 145.929
278400 146.013
278500 146.229
278600 146.308
278700 146.49
278800 146.298
278900 146.495
279000 146.366
279100 146.243
279200 146.553
279300 146.517
279400 146.137
279500 146.663
279600 146.94
279700 146.918
279800 146.794
279900 146.888
280000 146.935
280100 147.042
280200 147.29
280300 146.865
280400 146.603
280500 147.055
280600 147.278
280700 147.017
280800 147.213
280900 146.857
281000 146.984
281100 147.52
281200 147.486
281300 147.861
281400 147.654
281500 147.363
281600 147.636
281700 147.9
281800 147.443
281900 147.393
282000 147.36
282100 147.697
282200 148.003
282300 148.1
282400 148.522
282500 149.072
282600 148.578
282700 148.675
282800 148.82
282900 148.984
283000 149.278
283100 149.16
283200 149.096
283300 149.456
283400 149.226
283500 149.158
283600 149.021
283700 149.425
283800 149.689
283900 149.008
284000 149.352
284100 148.851
284200 149.047
284300 148.722
284400 148.894
284500 149.169
284600 149.169
284700 149.137
284800 149.554
284900 149.857
285000 149.802
285100 149.703
285200 149.286
285300 149.762
285400 149.421
285500 149.243
285600 149.021
285700 149.464
285800 149.612
285900 149.451
286000 149.664
286100 149.723
286200 149.915
286300 150.714
286400 150.486
286500 149.882
286600 150.181
286700 149.834
286800 150.193
286900 150.118
287000 150.099
287100 150.185
287200 150.156
287300 150.399
287400 150.963
287500 150.574
287600 150.784
287700 150.618
287800 150.417
287900 150.632
288000 150.719
288100 151.255
288200 151.181
288300 151.163
288400 151.231
288500 151.443
288600 151.377
288700 150.857
288800 151.531
288900 151.483
289000 151.011
289100 151.601
289200 151.229
289300 151.826
289400 151.457
289500 151.968
289600 151.829
289700 152.301
289800 152.044
289900 151.62
290000 151.994
290100 152.147
290200 152.507
290300 152.286
290400 152.676
290500 152.254
290600 152.715
290700 152.84
290800 152.841
290900 152.753
291000 153.016
291100 153.079
291200 152.658
291300 152.833
291400 152.915
291500 152.772
291600 152.793
291700 153.533
291800 152.915
291900 153.302
292000 152.984
292100 153.302
292200 152.832
292300 152.736
292400 153.423
292500 152.724
292600 152.515
292700 152.71
292800 152.756
292900 152.804
293000 153.11
293100 152.674
293200 153.066
293300 152.568
293400 152.868
293500 153.165
293600 152.998
293700 152.931
293800 152.947
293900 152.98
294000 153.094
294100 152.84
294200 153.286
294300 153.347
294400 152.892
294500 153.129
294600 153.645
294700 153.312
294800 153.236
294900 153.178
295000 153.113
295100 153.246
295200 153.521
295300 153.279
295400 154.188
295500 153.562
295600 153.994
295700 153.471
295800 153.193
295900 153.272
296000 153.225
296100 153.473
296200 153.432
296300 153.314
296400 153.51
296500 153.432
296600 153.587
296700 153.539
296800 154.212
296900 154.229
297000 154.191
297100 154.14
297200 154.086
297300 154.528
297400 154.932
297500 155.038
297600 154.681
297700 154.205
297800 154.25
297900 154.687
298000 154.49
298100 154.851
298200 155.131
298300 154.639
298400 154.975
298500 155.398
298600 155.116
298700 154.835
298800 154.767
298900 154.807
299000 154.898
299100 154.883
299200 155.275
299300 155.151
299400 155.79
299500 155.59
299600 155.789
299700 155.524
299800 155.42
299900 154.864
300000 155.275
300100 155.247
300200 155.703
300300 155.179
300400 155.328
300500 155.588
300600 155.919
300700 155.961
300800 155.686
300900 155.677
301000 156.165
301100 156.334
301200 156.474
301300 156.563
301400 156.334
301500 156.218
301600 156.362
301700 156.742
301800 156.471
301900 156.148
302000 156.53
302100 156.326
302200 156.248
302300 156.824
302400 156.953
302500 157.202
302600 156.947
302700 156.451
302800 156.322
302900 156.497
303000 156.346
303100 156.456
303200 157.282
303300 156.979
303400 156.795
303500 156.931
303600 157.104
303700 156.65
303800 157.023
303900 156.394
304000 156.994
304100 157.26
304200 157.306
304300 157.237
304400 157.431
304500 157.1
304600 157.172
304700 157.05
304800 156.623
304900 156.873
305000 157.332
305100 157.033
305200 157.207
305300 157.21
305400 157.5
305500 157.591
305600 157.672
305700 157.289
305800 157.213
305900 157.069
306000 157.126
306100 157.207
306200 157.582
306300 157.685
306400 157.827
306500 157.797
306600 158.092
306700 157.727
306800 157.503
306900 157.511
307000 157.651
307100 157.845
307200 157.434
307300 157.728
307400 158.312
307500 158.19
307600 158.326
307700 157.946
307800 157.751
307900 158.411
308000 157.936
308100 157.813
308200 158.612
308300 158.366
308400 158.64
308500 158.099
308600 158.66
308700 158.692
308800 158.951
308900 158.823
309000 158.983
309100 159.175
309200 159.017
309300 159.064
309400 159.056
309500 158.83
309600 158.318
309700 159.345
309800 159.488
309900 159.028
310000 158.801
310100 159.32
310200 159.391
310300 159.533
310400 159.461
310500 160.041
310600 160.062
310700 159.914
310800 160.229
310900 160.379
311000 159.69
311100 159.739
311200 160.008
311300 160.1
311400 160.215
311500 160.038
311600 159.988
311700 160.417
311800 160.709
311900 160.743
312000 161.168
312100 160.86
312200 161.011
312300 160.877
312400 160.915
312500 160.254
312600 160.068
312700 160.692
312800 160.699
312900 160.726
313000 160.409
313100 160.968
313200 161.564
313300 161.466
313400 161.34
313500 161.199
313600 160.84
313700 160.285
313800 160.397
313900 160.605
314000 160.916
314100 160.54
314200 160.721
314300 161.32
314400 161.004
314500 161.178
314600 161.868
314700 162
314800 161.964
314900 161.658
315000 161.464
315100 161.604
315200 161.83
315300 162.234
315400 161.996
315500 161.96
315600 162.163
315700 161.941
315800 161.755
315900 162.27
316000 161.823
316100 162.182
316200 162.125
316300 162.734
316400 162.693
316500 162.85
316600 163.178
316700 162.289
316800 162.71
316900 163.195
317000 163.461
317100 163.144
317200 163.188
317300 162.973
317400 163.016
317500 162.746
317600 162.593
317700 163.157
317800 163.04
317900 162.614
318000 162.963
318100 162.454
318200 162.578
318300 162.937
318400 163.508
318500 162.719
318600 163.531
318700 163.648
318800 163.487
318900 163.143
319000 163.178
319100 163.008
319200 162.739
319300 162.946
319400 162.8
319500 163.813
319600 163.625
319700 162.997
319800 162.662
319900 163.308
320000 163.236
320100 162.907
320200 163.277
320300 163.739
320400 162.974
320500 163.395
320600 162.979
320700 163.715
320800 163.603
320900 163.277
321000 163.492
321100 162.89
321200 163.348
321300 163.745
321400 163.698
321500 163.117
321600 163.536
321700 163.535
321800 163.51
321900 163.767
322000 163.7
322100 164.157
322200 164.112
322300 164.291
322400 164.547
322500 165.001
322600 164.734
322700 164.79
322800 165.315
322900 165.352
323000 165.373
323100 165.655
323200 165.672
323300 165.281
323400 165.106
323500 165.189
323600 165.053
323700 165.269
323800 165.341
323900 165.396
324000 165.381
324100 165.73
324200 165.833
324300 166.198
324400 165.911
324500 165.69
324600 165.67
324700 165.756
324800 165.975
324900 166.473
325000 166.125
325100 166.336
325200 166.519
325300 166.41
325400 166.05
325500 166.397
325600 166.489
325700 166.581
325800 166.445
325900 166.614
326000 166.296
326100 166.456
326200 167.438
326300 166.971
326400 166.624
326500 166.988
326600 166.555
326700 166.778
326800 167.163
326900 166.954
327000 167.251
327100 167.359
327200 167.131
327300 166.926
327400 167.45
327500 167.003
327600 167.42
327700 167.357
327800 167.449
327900 167.951
328000 168.121
328100 168.104
328200 167.877
328300 168.006
328400 168.093
328500 168.636
328600 168.495
328700 168.234
328800 167.988
328900 167.408
329000 168.189
329100 168.635
329200 168.568
329300 168.776
329400 168.943
329500 168.945
329600 168.85
329700 168.973
329800 168.93
329900 169.208
330000 169.369
330100 168.951
330200 169.521
330300 169.312
330400 169.025
330500 169.833
330600 169.641
330700 169.292
330800 168.983
330900 168.977
331000 169.681
331100 169.63
331200 170.241
331300 169.454
331400 169.69
331500 169.688
331600 169.471
331700 169.951
331800 169.809
331900 169.956
332000 169.949
332100 170.043
332200 169.884
332300 169.495
332400 169.739
332500 170.079
332600 169.622
332700 170.54
332800 170.372
332900 170.705
333000 170.786
333100 170.283
333200 170.794
333300 170.177
333400 170.867
333500 170.695
333600 170.394
333700 170.748
333800 170.735
333900 170.77
334000 171.314
334100 171.214
334200 171.555
334300 171.575
334400 170.971
334500 171.37
334600 170.971
334700 171.013
334800 170.783
334900 170.869
335000 171.339
335100 170.947
335200 171.338
335300 171.118
335400 171.217
335500 171.163
335600 171.732
335700 171.522
335800 171.7
335900 172.423
336000 172.157
336100 171.841
336200 172.468
336300 171.932
336400 171.943
336500 172.382
336600 172.289
336700 172.819
336800 172.291
336900 172.267
337000 172.136
337100 172.183
337200 172.203
337300 171.646
337400 172.169
337500 171.886
337600 172.239
337700 172.608
337800 172.766
337900 173.026
338000 172.775
338100 172.926
338200 172.971
338300 173.013
338400 173.332
338500 173.063
338600 173.557
338700 173.595
338800 173.731
338900 173.512
339000 172.998
339100 172.811
339200 173.268
339300 173.428
339400 173.219
339500 173.503
339600 173.541
339700 173.582
339800 173.949
339900 174.125
340000 173.745
340100 173.925
340200 173.574
340300 173.865
340400 174.097
340500 173.679
340600 173.788
340700 173.31
340800 174.282
340900 174.736
341000 174.103
341100 173.92
341200 174.422
341300 174.015
341400 174.543
341500 174.65
341600 174.225
341700 174.852
341800 174.875
341900 174.871
342000 174.754
342100 174.553
342200 174.849
342300 174.932
342400 174.942
342500 174.743
342600 175.243
342700 174.763
342800 174.76
342900 174.808
343000 174.899
343100 174.886
343200 175.382
343300 174.878
343400 175.102
343500 175.68
343600 175.504
343700 175.7
343800 176.015
343900 175.44
344000 175.656
344100 176.005
344200 176.002
344300 176.107
344400 175.81
344500 174.996
344600 175.758
344700 175.278
344800 175.029
344900 175.695
345000 175.964
345100 175.779
345200 175.529
345300 175.676
345400 176.308
345500 176.621
345600 176.241
345700 176.639
345800 176.66
345900 176.498
346000 176.038
346100 176.476
346200 176.938
346300 176.75
346400 177.192
346500 177.155
346600 177.744
346700 177.266
346800 177.208
346900 177.716
347000 177.768
347100 177.933
347200 178.146
347300 178.26
347400 178.666
347500 178.523
347600 178.7
347700 179.012
347800 178.751
347900 178.878
348000 179.088
348100 179.33
348200 180.074
348300 179.966
348400 179.73
348500 179.516
348600 179.055
348700 179.479
348800 179.162
348900 179.758
349000 179.435
349100 180.16
349200 180.551
349300 180.138
349400 180.221
349500 179.875
349600 180.299
349700 180.595
349800 180.558
349900 181.153
350000 180.928
