# Time-averaged data for fix all_msd
# TimeStep c_msd1[4]
0 2.04939e-29
100 0.102748
200 0.166037
300 0.20968
400 0.281666
500 0.397532
600 0.46702
700 0.54641
800 0.639891
900 0.749215
1000 0.817105
1100 0.900967
1200 0.965025
1300 1.02216
1400 1.07379
1500 1.12292
1600 1.15492
1700 1.22154
1800 1.23681
1900 1.28359
2000 1.34961
2100 1.38662
2200 1.39689
2300 1.45699
2400 1.45403
2500 1.47723
2600 1.52044
2700 1.55066
2800 1.61257
2900 1.63031
3000 1.62239
3100 1.67594
3200 1.7058
3300 1.72839
3400 1.75063
3500 1.76409
3600 1.83088
3700 1.83521
3800 1.89853
3900 1.88694
4000 1.9527
4100 1.93738
4200 1.88544
4300 1.97884
4400 1.96882
4500 2.0249
4600 2.04251
4700 2.08174
4800 2.13663
4900 2.13324
5000 2.16294
5100 2.1165
5200 2.13456
5300 2.16893
5400 2.17762
5500 2.18642
5600 2.24183
5700 2.27877
5800 2.28919
5900 2.2869
6000 2.26979
6100 2.26102
6200 2.30267
6300 2.26027
6400 2.29699
6500 2.34313
6600 2.37057
6700 2.33673
6800 2.33173
6900 2.38062
7000 2.38652
7100 2.41497
7200 2.38509
7300 2.39921
7400 2.44599
7500 2.45679
7600 2.50685
7700 2.53168
7800 2.57325
7900 2.54418
8000 2.56399
8100 2.57865
8200 2.62601
8300 2.63074
8400 2.64755
8500 2.71168
8600 2.74489
8700 2.72098
8800 2.74797
8900 2.72989
9000 2.73165
9100 2.71866
9200 2.71479
9300 2.74442
9400 2.77868
9500 2.78789
9600 2.72571
9700 2.77867
9800 2.78016
9900 2.79797
10000 2.77634
10100 2.77693
10200 2.80718
10300 2.85263
10400 2.85229
10500 2.83001
10600 2.82855
10700 2.83435
10800 2.83969
10900 2.84943
11000 2.84934
11100 2.88612
11200 2.89594
11300 2.88443
11400 2.88812
11500 2.92549
11600 2.91336
11700 2.96617
11800 2.9707
11900 2.9365
12000 2.92144
12100 3.01981
12200 3.00664
12300 3.01282
12400 2.98797
12500 2.97343
12600 2.96531
12700 2.99472
12800 2.99795
12900 2.97782
13000 2.95656
13100 3.01586
13200 3.0349
13300 3.03215
13400 3.02856
13500 3.04091
13600 3.06148
13700 3.07487
13800 3.10922
13900 3.069
14000 3.06731
14100 3.12255
14200 3.14381
14300 3.08061
14400 3.03301
14500 3.05446
14600 3.02163
14700 3.12561
14800 3.08641
14900 3.10537
15000 3.11771
15100 3.08861
15200 3.12346
15300 3.13196
15400 3.17799
15500 3.15813
15600 3.18526
15700 3.14727
15800 3.18153
15900 3.18349
16000 3.1786
16100 3.19457
16200 3.16941
16300 3.21692
16400 3.1629
16500 3.18991
16600 3.18093
16700 3.23373
16800 3.21133
16900 3.18748
17000 3.20202
17100 3.26945
17200 3.257
17300 3.24849
17400 3.23446
17500 3.23214
17600 3.27866
17700 3.25734
17800 3.27106
17900 3.31953
18000 3.3737
18100 3.33684
18200 3.30774
18300 3.31993
18400 3.29129
18500 3.31959
18600 3.32315
18700 3.3253
18800 3.34301
18900 3.38894
19000 3.38522
19100 3.34356
19200 3.35734
19300 3.36116
19400 3.37014
19500 3.32789
19600 3.35325
19700 3.34848
19800 3.37408
19900 3.44773
20000 3.44124
20100 3.40491
20200 3.43911
20300 3.47147
20400 3.50705
20500 3.49862
20600 3.46935
20700 3.52482
20800 3.45727
20900 3.53861
21000 3.4817
21100 3.45537
21200 3.5041
21300 3.52847
21400 3.54728
21500 3.48452
21600 3.52043
21700 3.4803
21800 3.53739
21900 3.55255
22000 3.58109
22100 3.58487
22200 3.63562
22300 3.65016
22400 3.60734
22500 3.67954
22600 3.61976
22700 3.613
22800 3.66278
22900 3.65148
23000 3.665
23100 3.63281
23200 3.56236
23300 3.63245
23400 3.683
23500 3.60318
23600 3.6549
23700 3.68456
23800 3.70647
23900 3.70095
24000 3.6939
24100 3.74858
24200 3.70544
24300 3.74323
24400 3.71557
24500 3.73465
24600 3.70801
24700 3.75121
24800 3.72878
24900 3.76
25000 3.69815
25100 3.77164
25200 3.7763
25300 3.73036
25400 3.75117
25500 3.74274
25600 3.71656
25700 3.74682
25800 3.78431
25900 3.77639
26000 3.77409
26100 3.80133
26200 3.78521
26300 3.78624
26400 3.84407
26500 3.81616
26600 3.85767
26700 3.82994
26800 3.82564
26900 3.82992
27000 3.83373
27100 3.8127
27200 3.80768
27300 3.83876
27400 3.89615
27500 3.88117
27600 3.9047
27700 3.9989
27800 3.9428
27900 3.94579
28000 3.92096
28100 3.97134
28200 3.92395
28300 3.91427
28400 3.96184
28500 3.93181
28600 3.96002
28700 3.94812
28800 3.99033
28900 4.01946
29000 3.98701
29100 4.00008
29200 3.98925
29300 4.01714
29400 3.98348
29500 3.99714
29600 3.95188
29700 4.03321
29800 4.00438
29900 4.01784
30000 3.99048
30100 3.96482
30200 4.02725
30300 4.0619
30400 4.05848
30500 4.03628
30600 4.07335
30700 4.05389
30800 4.01999
30900 3.96107
31000 4.03218
31100 4.00839
31200 4.02567
31300 3.96471
31400 3.98533
31500 4.00247
31600 3.97951
31700 3.98715
31800 4.01425
31900 3.9942
32000 4.01003
32100 3.96494
32200 3.91401
32300 4.03686
32400 4.06959
32500 4.02622
32600 4.09229
32700 4.13191
32800 4.13957
32900 4.09641
33000 4.11366
33100 4.06252
33200 4.12752
33300 4.10221
33400 4.16467
33500 4.17307
33600 4.12657
33700 4.11334
33800 4.10765
33900 4.15276
34000 4.17562
34100 4.17481
34200 4.15351
34300 4.13908
34400 4.19832
34500 4.20252
34600 4.24463
34700 4.19791
34800 4.17772
34900 4.20199
35000 4.25766
35100 4.18445
35200 4.22225
35300 4.22617
35400 4.25982
35500 4.22961
35600 4.31325
35700 4.24321
35800 4.22974
35900 4.26154
36000 4.25389
36100 4.25175
36200 4.31837
36300 4.28482
36400 4.30423
36500 4.2514
36600 4.2991
36700 4.29541
36800 4.29986
36900 4.35543
37000 4.3678
37100 4.36497
37200 4.43077
37300 4.40931
37400 4.39968
37500 4.39999
37600 4.36252
37700 4.40829
37800 4.35812
37900 4.35737
38000 4.36426
38100 4.40621
38200 4.36642
38300 4.40436
38400 4.39045
38500 4.42105
38600 4.38828
38700 4.39698
38800 4.37907
38900 4.50741
39000 4.47844
39100 4.49412
39200 4.53685
39300 4.46358
39400 4.44071
39500 4.43383
39600 4.44637
39700 4.41726
39800 4.4232
39900 4.43496
40000 4.45189
40100 4.50429
40200 4.48125
40300 4.47613
40400 4.48744
40500 4.51947
40600 4.50343
40700 4.56491
40800 4.55593
40900 4.51961
41000 4.49099
41100 4.50015
41200 4.48352
41300 4.5461
41400 4.51922
41500 4.49479
41600 4.4902
41700 4.45193
41800 4.4874
41900 4.48781
42000 4.49639
42100 4.48204
42200 4.51868
42300 4.55175
42400 4.55901
42500 4.62686
42600 4.56109
42700 4.56374
42800 4.56635
42900 4.55403
43000 4.57367
43100 4.56315
43200 4.56573
43300 4.58912
43400 4.59751
43500 4.5773
43600 4.64113
43700 4.62112
43800 4.614
43900 4.58706
44000 4.6561
44100 4.68296
44200 4.72632
44300 4.69085
44400 4.67156
44500 4.69518
44600 4.64763
44700 4.74701
44800 4.64815
44900 4.65709
45000 4.65859
45100 4.67222
45200 4.62041
45300 4.68954
45400 4.722
45500 4.76047
45600 4.75087
45700 4.70778
45800 4.70945
45900 4.74277
46000 4.73137
46100 4.74925
46200 4.7143
46300 4.70619
46400 4.75311
46500 4.71178
46600 4.74455
46700 4.74787
46800 4.73322
46900 4.72921
47000 4.71282
47100 4.71786
47200 4.73207
47300 4.67923
47400 4.68682
47500 4.66946
47600 4.72181
47700 4.68506
47800 4.7134
47900 4.77064
48000 4.73665
48100 4.71648
48200 4.73304
48300 4.7657
48400 4.71943
48500 4.71766
48600 4.75805
48700 4.73912
48800 4.71904
48900 4.78355
49000 4.73173
49100 4.78719
49200 4.77958
49300 4.79371
49400 4.79778
49500 4.809
49600 4.83594
49700 4.8419
49800 4.85021
49900 4.83619
50000 4.87453
50100 4.82708
50200 4.95189
50300 4.83728
50400 4.88618
50500 4.89762
50600 4.92303
50700 4.91824
50800 4.8817
50900 4.90692
51000 4.91367
51100 4.96097
51200 4.92314
51300 4.91909
51400 4.95322
51500 4.90704
51600 4.97965
51700 4.93224
51800 5.01032
51900 4.99611
52000 4.92877
52100 4.92581
52200 4.86789
52300 4.91914
52400 4.92205
52500 4.86883
52600 4.89167
52700 4.92901
52800 4.91269
52900 4.95208
53000 4.93921
53100 4.94209
53200 4.89988
53300 4.90341
53400 4.91467
53500 4.922
53600 4.91913
53700 4.90829
53800 4.95306
53900 4.93578
54000 4.88602
54100 4.886
54200 4.95835
54300 4.94661
54400 4.89841
54500 4.93693
54600 4.9947
54700 4.93045
54800 4.90937
54900 5.01801
55000 4.97832
55100 5.04607
55200 4.98075
55300 5.06464
55400 4.9912
55500 5.02497
55600 4.97799
55700 4.98211
55800 5.04573
55900 5.01484
56000 4.97543
56100 4.99558
56200 5.01905
56300 4.98059
56400 5.01503
56500 4.9865
56600 4.98302
56700 4.97682
56800 4.99274
56900 4.98347
57000 4.97398
57100 5.02296
57200 4.98577
57300 4.9649
57400 5.06195
57500 5.08065
57600 5.04107
57700 5.07999
57800 4.97155
57900 5.03343
58000 4.94442
58100 5.03842
58200 5.02805
58300 5.06049
58400 5.11195
58500 5.03932
58600 5.08547
58700 5.0757
58800 5.05682
58900 5.05536
59000 5.09521
59100 5.14671
59200 5.09359
59300 5.08342
59400 5.12934
59500 5.15816
59600 5.1668
59700 5.15241
59800 5.15488
59900 5.13357
60000 5.05883
60100 5.16336
60200 5.12209
60300 5.16738
60400 5.19329
60500 5.16745
60600 5.18932
60700 5.12438
60800 5.20575
60900 5.24489
61000 5.18301
61100 5.14497
61200 5.12024
61300 5.12857
61400 5.17009
61500 5.24984
61600 5.17254
61700 5.19687
61800 5.18472
61900 5.17577
62000 5.20491
62100 5.18073
62200 5.16446
62300 5.23418
62400 5.17438
62500 5.20052
62600 5.23085
62700 5.1382
62800 5.18012
62900 5.19999
63000 5.2226
63100 5.16534
63200 5.22715
63300 5.26817
63400 5.23535
63500 5.25462
63600 5.19538
63700 5.22768
63800 5.31556
63900 5.33496
64000 5.29261
64100 5.29095
64200 5.26862
64300 5.3017
64400 5.26927
64500 5.25034
64600 5.21988
64700 5.22631
64800 5.2931
64900 5.26301
65000 5.28703
65100 5.27605
65200 5.28293
65300 5.2423
65400 5.263
65500 5.33274
65600 5.30442
65700 5.35602
65800 5.31602
65900 5.30563
66000 5.35386
66100 5.3724
66200 5.35396
66300 5.33902
66400 5.34956
66500 5.35262
66600 5.34029
66700 5.33315
66800 5.37575
66900 5.37507
67000 5.37531
67100 5.35756
67200 5.46388
67300 5.44073
67400 5.36866
67500 5.36932
67600 5.37414
67700 5.4553
67800 5.40791
67900 5.38886
68000 5.41293
68100 5.39188
68200 5.49741
68300 5.42102
68400 5.42754
68500 5.41861
68600 5.42854
68700 5.49974
68800 5.45533
68900 5.51985
69000 5.41967
69100 5.46495
69200 5.48018
69300 5.44275
69400 5.50506
69500 5.45381
69600 5.46539
69700 5.48991
69800 5.46914
69900 5.45191
70000 5.47117
70100 5.4389
70200 5.45484
70300 5.43894
70400 5.52293
70500 5.43785
70600 5.47984
70700 5.52563
70800 5.52144
70900 5.53124
71000 5.50192
71100 5.5448
71200 5.50243
71300 5.5294
71400 5.49732
71500 5.51587
71600 5.50974
71700 5.55767
71800 5.49905
71900 5.50335
72000 5.49638
72100 5.48552
72200 5.50663
72300 5.44244
72400 5.50079
72500 5.50581
72600 5.47231
72700 5.52081
72800 5.56103
72900 5.59434
73000 5.51071
73100 5.5185
73200 5.53518
73300 5.49313
73400 5.51838
73500 5.56677
73600 5.54545
73700 5.56868
73800 5.48526
73900 5.53596
74000 5.5681
74100 5.53515
74200 5.58697
74300 5.56092
74400 5.54621
74500 5.59547
74600 5.5673
74700 5.5493
74800 5.56224
74900 5.58047
75000 5.66363
75100 5.58173
75200 5.61587
75300 5.54314
75400 5.61119
75500 5.6136
75600 5.64744
75700 5.5938
75800 5.628
75900 5.60236
76000 5.63462
76100 5.6074
76200 5.57957
76300 5.65288
76400 5.65921
76500 5.60083
76600 5.58129
76700 5.61442
76800 5.65371
76900 5.58141
77000 5.62285
77100 5.61949
77200 5.62289
77300 5.59012
77400 5.56963
77500 5.68096
77600 5.6839
77700 5.65222
77800 5.67532
77900 5.69685
78000 5.66068
78100 5.64765
78200 5.66658
78300 5.64116
78400 5.68803
78500 5.6682
78600 5.68615
78700 5.73148
78800 5.71126
78900 5.7036
79000 5.64191
79100 5.67238
79200 5.70453
79300 5.77074
79400 5.76584
79500 5.7109
79600 5.70494
79700 5.73174
79800 5.72954
79900 5.71967
80000 5.71604
80100 5.65214
80200 5.70864
80300 5.68937
80400 5.69026
80500 5.69772
80600 5.70977
80700 5.67033
80800 5.63077
80900 5.66746
81000 5.65266
81100 5.71637
81200 5.74853
81300 5.77244
81400 5.70603
81500 5.65466
81600 5.70625
81700 5.69297
81800 5.7421
81900 5.71731
82000 5.71616
82100 5.67859
82200 5.6647
82300 5.6783
82400 5.67012
82500 5.72823
82600 5.73831
82700 5.69078
82800 5.74827
82900 5.69143
83000 5.68486
83100 5.71518
83200 5.73631
83300 5.72777
83400 5.75716
83500 5.74393
83600 5.73726
83700 5.79688
83800 5.77335
83900 5.75303
84000 5.76474
84100 5.76843
84200 5.80299
84300 5.79388
84400 5.81906
84500 5.82765
84600 5.69303
84700 5.75704
84800 5.72701
84900 5.81942
85000 5.78002
85100 5.73742
85200 5.79209
85300 5.76994
85400 5.77035
85500 5.80211
85600 5.80814
85700 5.78278
85800 5.81953
85900 5.77259
86000 5.85059
86100 5.82287
86200 5.75736
86300 5.81596
86400 5.85184
86500 5.81286
86600 5.88729
86700 5.94594
86800 5.89212
86900 5.86284
87000 5.94734
87100 5.94354
87200 5.88661
87300 5.80471
87400 5.76924
87500 5.82883
87600 5.90785
87700 5.87096
87800 5.89756
87900 5.87992
88000 5.83471
88100 5.82954
88200 5.84652
88300 5.89557
88400 5.80471
88500 5.80314
88600 5.83623
88700 5.76802
88800 5.76754
88900 5.81224
89000 5.91265
89100 5.89962
89200 5.87542
89300 5.80164
89400 5.88071
89500 5.79169
89600 5.8615
89700 5.85259
89800 5.84372
89900 5.90237
90000 5.86139
90100 5.78072
90200 5.78943
90300 5.85475
90400 5.84178
90500 5.80394
90600 5.8298
90700 5.87476
90800 5.86142
90900 5.86934
91000 5.85552
91100 5.85357
91200 5.82712
91300 5.82171
91400 5.83458
91500 5.82344
91600 5.8708
91700 5.91299
91800 5.94838
91900 5.88637
92000 5.83061
92100 5.87857
92200 5.87195
92300 5.90373
92400 5.88645
92500 5.86696
92600 5.82822
92700 5.88043
92800 5.87939
92900 5.87448
93000 5.94021
93100 5.97431
93200 5.91038
93300 5.92491
93400 5.95947
93500 5.91834
93600 5.96646
93700 5.92153
93800 5.88919
93900 5.9356
94000 5.87185
94100 5.90223
94200 5.91951
94300 5.9584
94400 5.89965
94500 5.91897
94600 5.95785
94700 5.92888
94800 5.92702
94900 5.91162
95000 5.84246
95100 5.94438
95200 5.89464
95300 5.92464
95400 5.98268
95500 5.89369
95600 5.94721
95700 5.93687
95800 5.88723
95900 5.93574
96000 5.94767
96100 5.99174
96200 6.0287
96300 5.98525
96400 5.98495
96500 5.95909
96600 5.93157
96700 5.96187
96800 5.95825
96900 5.92359
97000 5.98854
97100 6.01082
97200 5.97037
97300 5.99494
97400 6.00815
97500 5.97818
97600 5.95997
97700 5.96623
97800 5.93378
97900 5.96585
98000 5.98341
98100 5.91683
98200 6.01627
98300 5.98493
98400 5.91397
98500 5.9923
98600 5.97377
98700 5.93591
98800 6.0324
98900 5.99908
99000 5.97163
99100 5.99705
99200 5.97453
99300 6.01392
99400 6.06037
99500 6.00146
99600 5.97171
99700 5.99884
99800 6.02015
99900 6.0577
100000 6.00131
100100 5.98584
100200 5.99616
100300 5.94255
100400 5.99274
100500 5.97638
100600 5.97794
100700 6.05181
100800 5.97535
100900 5.98816
101000 5.9786
101100 6.00289
101200 6.03075
101300 6.03993
101400 6.05901
101500 6.05058
101600 6.02619
101700 5.97905
101800 6.00167
101900 6.02613
102000 6.04071
102100 5.98843
102200 6.0339
102300 6.11547
102400 6.05656
102500 6.01582
102600 6.01973
102700 5.97624
102800 6.0044
102900 6.05387
103000 6.07145
103100 6.01855
103200 6.04709
103300 5.9795
103400 6.06413
103500 6.04239
103600 6.00977
103700 6.01222
103800 6.03727
103900 6.07097
104000 6.04587
104100 6.04901
104200 6.05257
104300 6.04576
104400 6.05397
104500 6.04165
104600 6.03011
104700 6.03643
104800 6.06202
104900 6.04971
105000 6.05185
105100 6.03378
105200 6.00058
105300 6.02797
105400 6.04987
105500 6.08549
105600 6.04852
105700 6.05801
105800 6.01198
105900 6.10338
106000 6.08588
106100 6.07813
106200 6.05737
106300 6.11043
106400 6.06893
106500 6.09394
106600 6.14125
106700 6.06821
106800 6.06839
106900 6.11237
107000 6.06843
107100 6.01937
107200 6.13593
107300 6.1541
107400 6.08337
107500 6.05863
107600 6.10107
107700 6.04138
107800 6.09471
107900 6.08113
108000 6.11189
108100 6.12215
108200 6.09149
108300 6.05774
108400 6.16943
108500 6.13941
108600 6.12992
108700 6.17023
108800 6.0679
108900 6.15548
109000 6.11465
109100 6.10764
109200 6.12239
109300 6.10341
109400 6.12688
109500 6.1531
109600 6.17704
109700 6.16157
109800 6.15527
109900 6.1657
110000 6.1781
110100 6.20833
110200 6.17416
110300 6.23045
110400 6.25212
110500 6.20024
110600 6.21594
110700 6.17266
110800 6.22295
110900 6.20494
111000 6.23697
111100 6.21548
111200 6.16939
111300 6.18131
111400 6.18969
111500 6.20643
111600 6.13395
111700 6.15639
111800 6.14355
111900 6.11942
112000 6.13219
112100 6.25543
112200 6.19393
112300 6.19361
112400 6.22214
112500 6.23396
112600 6.27494
112700 6.27615
112800 6.23135
112900 6.22828
113000 6.25587
113100 6.23005
113200 6.27154
113300 6.23952
113400 6.2255
113500 6.2121
113600 6.20398
113700 6.20588
113800 6.28213
113900 6.22883
114000 6.15253
114100 6.32513
114200 6.29094
114300 6.26805
114400 6.26175
114500 6.19864
114600 6.218
114700 6.31028
114800 6.30071
114900 6.25488
115000 6.25931
115100 6.2222
115200 6.18773
115300 6.21379
115400 6.23038
115500 6.21568
115600 6.25019
115700 6.27596
115800 6.26902
115900 6.2404
116000 6.23445
116100 6.21576
116200 6.18012
116300 6.19007
116400 6.3082
116500 6.29434
116600 6.21153
116700 6.27802
116800 6.22396
116900 6.1585
117000 6.16777
117100 6.24304
117200 6.24845
117300 6.25422
117400 6.29037
117500 6.2677
117600 6.24079
117700 6.25286
117800 6.23807
117900 6.31156
118000 6.24564
118100 6.33108
118200 6.34177
118300 6.31283
118400 6.35612
118500 6.30052
118600 6.25267
118700 6.27345
118800 6.31965
118900 6.28389
119000 6.24219
119100 6.23879
119200 6.28048
119300 6.24116
119400 6.20047
119500 6.29901
119600 6.26197
119700 6.25912
119800 6.33831
119900 6.30035
120000 6.25822
120100 6.2746
120200 6.30638
120300 6.23298
120400 6.26932
120500 6.27238
120600 6.31723
120700 6.24821
120800 6.30356
120900 6.27474
121000 6.25711
121100 6.27921
121200 6.32566
121300 6.30492
121400 6.23925
121500 6.28284
121600 6.23612
121700 6.26039
121800 6.29245
121900 6.26719
122000 6.2399
122100 6.2849
122200 6.26182
122300 6.25392
122400 6.26544
122500 6.29746
122600 6.32122
122700 6.37194
122800 6.36015
122900 6.32356
123000 6.33087
123100 6.34248
123200 6.32727
123300 6.31172
123400 6.35261
123500 6.3864
123600 6.34717
123700 6.34414
123800 6.26774
123900 6.34908
124000 6.40603
124100 6.34429
124200 6.43118
124300 6.39441
124400 6.41761
124500 6.34624
124600 6.31434
124700 6.35149
124800 6.35345
124900 6.42015
125000 6.40746
125100 6.30934
125200 6.27009
125300 6.297
125400 6.34586
125500 6.38459
125600 6.40905
125700 6.28143
125800 6.33237
125900 6.3598
126000 6.28161
126100 6.30025
126200 6.3615
126300 6.38193
126400 6.38469
126500 6.34001
126600 6.3086
126700 6.38856
126800 6.38051
126900 6.34692
127000 6.34745
127100 6.32979
127200 6.39455
127300 6.38681
127400 6.43193
127500 6.37893
127600 6.41332
127700 6.37815
127800 6.4216
127900 6.4184
128000 6.35949
128100 6.34844
128200 6.3594
128300 6.35506
128400 6.34648
128500 6.35367
128600 6.32738
128700 6.39099
128800 6.36208
128900 6.37256
129000 6.3475
129100 6.35083
129200 6.38448
129300 6.42921
129400 6.34924
129500 6.39584
129600 6.4116
129700 6.38248
129800 6.36533
129900 6.4251
130000 6.41789
130100 6.42135
130200 6.39465
130300 6.41782
130400 6.42302
130500 6.44246
130600 6.42678
130700 6.38796
130800 6.36803
130900 6.42815
131000 6.42437
131100 6.38729
131200 6.44305
131300 6.42566
131400 6.33777
131500 6.41079
131600 6.40679
131700 6.36
131800 6.39273
131900 6.37214
132000 6.38041
132100 6.42723
132200 6.35933
132300 6.39405
132400 6.37596
132500 6.40878
132600 6.37214
132700 6.42447
132800 6.37146
132900 6.43936
133000 6.40771
133100 6.41256
133200 6.45309
133300 6.43049
133400 6.4138
133500 6.48838
133600 6.46474
133700 6.43146
133800 6.4624
133900 6.42648
134000 6.42942
134100 6.46263
134200 6.47232
134300 6.46083
134400 6.44503
134500 6.52689
134600 6.50186
134700 6.53503
134800 6.4853
134900 6.53284
135000 6.46657
135100 6.47357
135200 6.51302
135300 6.57685
135400 6.46654
135500 6.51893
135600 6.50027
135700 6.55682
135800 6.57847
135900 6.55198
136000 6.54375
136100 6.47691
136200 6.54546
136300 6.51484
136400 6.46164
136500 6.51286
136600 6.53041
136700 6.50895
136800 6.49512
136900 6.49488
137000 6.59446
137100 6.54664
137200 6.49389
137300 6.51658
137400 6.53777
137500 6.47483
137600 6.52067
137700 6.47984
137800 6.57477
137900 6.54443
138000 6.4731
138100 6.58145
138200 6.57618
138300 6.54431
138400 6.51912
138500 6.55084
138600 6.53847
138700 6.54215
138800 6.52168
138900 6.47294
139000 6.53702
139100 6.50581
139200 6.50791
139300 6.491
139400 6.4069
139500 6.46279
139600 6.43445
139700 6.54281
139800 6.55368
139900 6.53739
140000 6.56583
140100 6.55966
140200 6.56307
140300 6.56721
140400 6.50127
140500 6.54288
140600 6.54915
140700 6.49348
140800 6.52813
140900 6.57377
141000 6.5905
141100 6.45563
141200 6.57741
141300 6.55589
141400 6.57997
141500 6.5703
141600 6.54795
141700 6.59405
141800 6.5782
141900 6.50557
142000 6.5208
142100 6.47487
142200 6.52093
142300 6.49953
142400 6.52616
142500 6.53146
142600 6.54876
142700 6.50247
142800 6.50628
142900 6.48757
143000 6.53661
143100 6.55769
143200 6.52914
143300 6.56759
143400 6.51204
143500 6.49249
143600 6.62529
143700 6.5886
143800 6.61391
143900 6.57571
144000 6.59183
144100 6.58913
144200 6.56247
144300 6.54336
144400 6.57334
144500 6.58538
144600 6.60515
144700 6.63752
144800 6.52842
144900 6.54312
145000 6.56194
145100 6.53817
145200 6.5478
145300 6.4876
145400 6.48881
145500 6.5293
145600 6.5256
145700 6.56074
145800 6.54484
145900 6.52812
146000 6.49901
146100 6.54162
146200 6.576
146300 6.53366
146400 6.57444
146500 6.54485
146600 6.45162
146700 6.50517
146800 6.55545
146900 6.50832
147000 6.52551
147100 6.51719
147200 6.47453
147300 6.55152
147400 6.51205
147500 6.51031
147600 6.57406
147700 6.53928
147800 6.5619
147900 6.58348
148000 6.6163
148100 6.56785
148200 6.54812
148300 6.61239
148400 6.64062
148500 6.63596
148600 6.58588
148700 6.60464
148800 6.55633
148900 6.60072
149000 6.58916
149100 6.6084
149200 6.65662
149300 6.59563
149400 6.59354
149500 6.60448
149600 6.55242
149700 6.55509
149800 6.62152
149900 6.61303
150000 6.60561
150100 6.58314
150200 6.61297
150300 6.56575
150400 6.61569
150500 6.6357
150600 6.69356
150700 6.68466
150800 6.70477
150900 6.69622
151000 6.78292
151100 6.6959
151200 6.68219
151300 6.67336
151400 6.7778
151500 6.73999
151600 6.70537
151700 6.7017
151800 6.70916
151900 6.64619
152000 6.72949
152100 6.68179
152200 6.69326
152300 6.64284
152400 6.72644
152500 6.67499
152600 6.70482
152700 6.71224
152800 6.726
152900 6.77445
153000 6.66606
153100 6.75476
153200 6.69044
153300 6.70928
153400 6.72053
153500 6.71244
153600 6.74384
153700 6.6248
153800 6.69648
153900 6.65901
154000 6.75141
154100 6.67545
154200 6.71068
154300 6.68447
154400 6.59406
154500 6.68981
154600 6.74518
154700 6.74661
154800 6.76094
154900 6.69234
155000 6.71216
155100 6.72454
155200 6.80664
155300 6.7017
155400 6.74575
155500 6.71584
155600 6.68726
155700 6.79909
155800 6.68513
155900 6.74722
156000 6.7819
156100 6.6516
156200 6.70424
156300 6.75026
156400 6.71263
156500 6.6536
156600 6.72238
156700 6.75365
156800 6.78243
156900 6.81864
157000 6.77208
157100 6.74741
157200 6.8172
157300 6.7982
157400 6.76102
157500 6.79392
157600 6.82145
157700 6.73972
157800 6.7962
157900 6.75178
158000 6.72793
158100 6.69627
158200 6.73603
158300 6.70548
158400 6.75864
158500 6.79078
158600 6.84838
158700 6.82294
158800 6.81614
158900 6.826
159000 6.81218
159100 6.80411
159200 6.81134
159300 6.8283
159400 6.80836
159500 6.82954
159600 6.8029
159700 6.81961
159800 6.84627
159900 6.78845
160000 6.8087
160100 6.82477
160200 6.79308
160300 6.77924
160400 6.77934
160500 6.7669
160600 6.74104
160700 6.81124
160800 6.82048
160900 6.77739
161000 6.77183
161100 6.76954
161200 6.88754
161300 6.80762
161400 6.76982
161500 6.82335
161600 6.87492
161700 6.78696
161800 6.80231
161900 6.81782
162000 6.86497
162100 6.8378
162200 6.83441
162300 6.81128
162400 6.82775
162500 6.72205
162600 6.75009
162700 6.77622
162800 6.83955
162900 6.77135
163000 6.80405
163100 6.74609
163200 6.80099
163300 6.85053
163400 6.86848
163500 6.77581
163600 6.79512
163700 6.75797
163800 6.85014
163900 6.88252
164000 6.81783
164100 6.80129
164200 6.80943
164300 6.79241
164400 6.83181
164500 6.81896
164600 6.77669
164700 6.72246
164800 6.75971
164900 6.75894
165000 6.75961
165100 6.78354
165200 6.78159
165300 6.80559
165400 6.83472
165500 6.83705
165600 6.85741
165700 6.85174
165800 6.81534
165900 6.81755
166000 6.8293
166100 6.73193
166200 6.77697
166300 6.83639
166400 6.7998
166500 6.80245
166600 6.80342
166700 6.75109
166800 6.7585
166900 6.8753
167000 6.80308
167100 6.80601
167200 6.81044
167300 6.78854
167400 6.84488
167500 6.80526
167600 6.86889
167700 6.85007
167800 6.82566
167900 6.7565
168000 6.80981
168100 6.78245
168200 6.82382
168300 6.75837
168400 6.80982
168500 6.75814
168600 6.76336
168700 6.77735
168800 6.69479
168900 6.74426
169000 6.77644
169100 6.81476
169200 6.87208
169300 6.77011
169400 6.80271
169500 6.84233
169600 6.83399
169700 6.76795
169800 6.77677
169900 6.8835
170000 6.81356
170100 6.8724
170200 6.86445
170300 6.82317
170400 6.84145
170500 6.84621
170600 6.84591
170700 6.76493
170800 6.80478
170900 6.75889
171000 6.83454
171100 6.83032
171200 6.80142
171300 6.80595
171400 6.81276
171500 6.84171
171600 6.82212
171700 6.7791
171800 6.8379
171900 6.80321
172000 6.81559
172100 6.7798
172200 6.80296
172300 6.73251
172400 6.80017
172500 6.81426
172600 6.81022
172700 6.83735
172800 6.7941
172900 6.84848
173000 6.85234
173100 6.82104
173200 6.75611
173300 6.76466
173400 6.72995
173500 6.7794
173600 6.73429
173700 6.69592
173800 6.77089
173900 6.81284
174000 6.77008
174100 6.84556
174200 6.84756
174300 6.75039
174400 6.80825
174500 6.80305
174600 6.84762
174700 6.79436
174800 6.80728
174900 6.78676
175000 6.81561
175100 6.81595
175200 6.95421
175300 6.83111
175400 6.79414
175500 6.8549
175600 6.84746
175700 6.81823
175800 6.86656
175900 6.89955
176000 6.86683
176100 6.88385
176200 6.88935
176300 6.90526
176400 6.90272
176500 6.87168
176600 6.86667
176700 6.79464
176800 6.82115
176900 6.79699
177000 6.84393
177100 6.85481
177200 6.81616
177300 6.82118
177400 6.87975
177500 6.81489
177600 6.83133
177700 6.88792
177800 6.89049
177900 6.82387
178000 6.90399
178100 6.8191
178200 6.81873
178300 6.86556
178400 6.86365
178500 6.88896
178600 6.93715
178700 6.8713
178800 6.90889
178900 6.8137
179000 6.86406
179100 6.86215
179200 6.88517
179300 6.7919
179400 6.80444
179500 6.80345
179600 6.83831
179700 6.8551
179800 6.82605
179900 6.75112
180000 6.78794
180100 6.7482
180200 6.83718
180300 6.84699
180400 6.83578
180500 6.77214
180600 6.81658
180700 6.78217
180800 6.87718
180900 6.83645
181000 6.82993
181100 6.82947
181200 6.8177
181300 6.83064
181400 6.88758
181500 6.89068
181600 6.86114
181700 6.8416
181800 6.88966
181900 6.90864
182000 6.9106
182100 6.96202
182200 6.89087
182300 6.87497
182400 6.96886
182500 6.86866
182600 6.81152
182700 6.8314
182800 6.92371
182900 6.91198
183000 6.83989
183100 6.85265
183200 6.87684
183300 6.91023
183400 6.93653
183500 6.91466
183600 6.85728
183700 6.8914
183800 6.86318
183900 6.85577
184000 6.87646
184100 6.91719
184200 6.86358
184300 6.9011
184400 6.93521
184500 6.93277
184600 6.95714
184700 6.88922
184800 6.89877
184900 6.93708
185000 6.91555
185100 6.92444
185200 6.92496
185300 6.8989
185400 6.9303
185500 6.8674
185600 6.83226
185700 6.86315
185800 6.85567
185900 6.97696
186000 6.94938
186100 6.963
186200 6.84395
186300 6.85384
186400 6.87909
186500 6.87829
186600 6.88608
186700 6.89058
186800 6.94874
186900 6.90234
187000 6.92873
187100 6.95167
187200 6.94754
187300 6.9488
187400 6.95557
187500 6.89024
187600 6.95282
187700 6.94802
187800 6.91318
187900 6.90044
188000 6.87088
188100 6.91612
188200 6.92719
188300 6.90988
188400 6.88406
188500 6.88897
188600 6.90601
188700 6.8385
188800 6.82143
188900 6.91118
189000 6.84884
189100 6.90534
189200 6.81072
189300 6.80329
189400 6.88433
189500 6.85339
189600 6.80332
189700 6.80536
189800 6.81614
189900 6.86197
190000 6.76046
190100 6.82603
190200 6.87135
190300 6.92517
190400 6.86409
190500 6.86788
190600 6.90787
190700 6.84837
190800 6.87225
190900 6.86516
191000 6.87155
191100 6.88257
191200 6.94448
191300 6.85245
191400 6.91718
191500 6.95741
191600 6.84279
191700 6.8814
191800 6.84446
191900 6.83435
192000 6.79645
192100 6.81982
192200 6.81826
192300 6.87509
192400 6.80584
192500 6.83282
192600 6.80571
192700 6.79997
192800 6.80028
192900 6.84192
193000 6.84654
193100 6.83671
193200 6.83681
193300 6.879
193400 6.85305
193500 6.79258
193600 6.87643
193700 6.94978
193800 6.92576
193900 6.89737
194000 6.90774
194100 6.87876
194200 6.91393
194300 6.88263
194400 6.92464
194500 6.95688
194600 6.96125
194700 6.83965
194800 6.93754
194900 6.86145
195000 6.91948
195100 6.93103
195200 6.90481
195300 6.9283
195400 6.91461
195500 6.92593
195600 6.95202
195700 6.8918
195800 6.94827
195900 6.91084
196000 6.93621
196100 6.98246
196200 6.99043
196300 6.8589
196400 6.91237
196500 6.93169
196600 6.88804
196700 6.87249
196800 6.89202
196900 6.91137
197000 6.88121
197100 6.87644
197200 6.93807
197300 6.91838
197400 6.89034
197500 6.85437
197600 6.91811
197700 6.94833
197800 6.92064
197900 6.88955
198000 6.90746
198100 6.89617
198200 6.88124
198300 6.87553
198400 6.92751
198500 6.91142
198600 6.90628
198700 6.88791
198800 6.87923
198900 6.89272
199000 6.94076
199100 6.92945
199200 6.92638
199300 6.82746
199400 6.86479
199500 6.88418
199600 6.8695
199700 6.92827
199800 6.92914
199900 6.95721
200000 6.90276
200100 6.83684
200200 6.87014
200300 6.90111
200400 6.89299
200500 6.90063
200600 6.89693
200700 6.87093
200800 6.94021
200900 6.9357
201000 6.92584
201100 6.91751
201200 6.81229
201300 6.91112
201400 6.93032
201500 6.8787
201600 6.89383
201700 6.93076
201800 6.87914
201900 6.91938
202000 6.91951
202100 6.96717
202200 6.89455
202300 6.88731
202400 6.92277
202500 6.90486
202600 6.91082
202700 6.87906
202800 6.90228
202900 6.96775
203000 6.93118
203100 6.88994
203200 7.01711
203300 6.89824
203400 6.95005
203500 6.9121
203600 6.9452
203700 6.97112
203800 6.99706
203900 6.97123
204000 7.05059
204100 6.95011
204200 6.96882
204300 6.93754
204400 6.92172
204500 6.94365
204600 6.93627
204700 6.95135
204800 6.95293
204900 6.94261
205000 7.00237
205100 6.97075
205200 6.98998
205300 6.93646
205400 7.01724
205500 6.92533
205600 6.93312
205700 6.93453
205800 6.9044
205900 6.89335
206000 6.95042
206100 6.92153
206200 6.96738
206300 6.92622
206400 6.93832
206500 6.92404
206600 6.89651
206700 6.93338
206800 6.97239
206900 6.9682
207000 7.04039
207100 6.99352
207200 7.0089
207300 6.97453
207400 6.892
207500 6.96313
207600 6.91014
207700 6.88887
207800 6.94164
207900 6.96811
208000 6.93976
208100 7.01042
208200 7.01649
208300 7.03081
208400 6.97388
208500 6.97864
208600 7.0107
208700 7.05574
208800 7.03978
208900 7.04409
209000 7.01523
209100 6.95921
209200 7.00602
209300 7.02253
209400 6.9913
209500 7.02861
209600 7.01527
209700 7.00326
209800 7.00821
209900 7.03393
210000 7.0528
210100 6.99514
210200 7.04617
210300 6.9531
210400 7.02107
210500 6.98078
210600 7.08025
210700 7.04548
210800 7.02007
210900 7.00295
211000 6.98899
211100 6.92072
211200 7.03327
211300 7.06605
211400 7.0397
211500 7.0456
211600 7.01819
211700 7.00292
211800 7.01574
211900 7.00212
212000 6.98259
212100 6.96734
212200 6.98182
212300 7.02731
212400 6.95422
212500 7.03355
212600 7.039
212700 6.89992
212800 7.03241
212900 7.05072
213000 6.97268
213100 6.99351
213200 7.01354
213300 7.06674
213400 6.97429
213500 6.98982
213600 7.04414
213700 7.05513
213800 7.02252
213900 7.0652
214000 7.07952
214100 7.05224
214200 7.09268
214300 7.03611
214400 7.09202
214500 7.07233
214600 7.08201
214700 7.05276
214800 7.02244
214900 7.09058
215000 7.07951
215100 7.00505
215200 7.06443
215300 7.04353
215400 7.08669
215500 7.04877
215600 7.02207
215700 7.08048
215800 7.10311
215900 7.04188
216000 7.12545
216100 7.02284
216200 7.10445
216300 7.06838
216400 7.06223
216500 7.09102
216600 7.11224
216700 7.11263
216800 7.14868
216900 7.05046
217000 7.08312
217100 7.03736
217200 7.06526
217300 7.06948
217400 7.04831
217500 7.05891
217600 7.06079
217700 7.10182
217800 7.07951
217900 7.11163
218000 7.13331
218100 7.06628
218200 7.0627
218300 7.14878
218400 7.13568
218500 7.04902
218600 7.091
218700 7.06538
218800 7.11637
218900 7.20989
219000 7.14629
219100 7.03742
219200 7.07893
219300 7.13783
219400 7.04147
219500 7.06429
219600 7.04722
219700 7.06347
219800 7.04992
219900 7.08572
220000 7.08912
220100 7.0797
220200 7.06923
220300 7.05087
220400 7.05714
220500 7.12151
220600 7.05791
220700 7.05728
220800 7.07395
220900 7.15335
221000 7.12878
221100 7.07396
221200 7.08011
221300 7.0391
221400 7.00737
221500 7.10943
221600 7.04469
221700 7.09495
221800 7.06681
221900 7.01162
222000 7.08267
222100 7.07188
222200 7.08301
222300 7.05758
222400 7.05683
222500 7.11625
222600 7.06483
222700 7.14905
222800 7.09141
222900 7.0557
223000 7.1057
223100 7.06081
223200 7.0626
223300 7.13161
223400 7.15159
223500 7.02748
223600 7.04052
223700 7.02364
223800 7.09162
223900 7.07438
224000 7.08807
224100 7.10317
224200 7.02959
224300 7.06884
224400 7.10859
224500 7.09436
224600 7.05035
224700 7.11959
224800 7.09644
224900 7.16256
225000 7.09913
225100 7.11159
225200 7.2067
225300 7.1707
225400 7.08736
225500 7.12585
225600 7.15922
225700 7.15496
225800 7.12687
225900 7.13916
226000 7.16749
226100 7.24157
226200 7.18019
226300 7.21675
226400 7.22421
226500 7.14086
226600 7.14121
226700 7.21743
226800 7.12234
226900 7.17595
227000 7.19195
227100 7.1884
227200 7.17954
227300 7.16502
227400 7.19294
227500 7.20662
227600 7.18828
227700 7.17081
227800 7.19322
227900 7.15519
228000 7.15076
228100 7.19275
228200 7.25323
228300 7.25251
228400 7.14883
228500 7.18534
228600 7.2337
228700 7.24531
228800 7.29001
228900 7.27752
229000 7.24547
229100 7.33079
229200 7.22725
229300 7.27783
229400 7.2526
229500 7.1836
229600 7.22957
229700 7.23662
229800 7.21271
229900 7.27301
230000 7.24521
230100 7.23571
230200 7.23677
230300 7.18523
230400 7.22326
230500 7.26725
230600 7.25798
230700 7.21304
230800 7.2047
230900 7.30695
231000 7.1993
231100 7.29203
231200 7.27508
231300 7.27118
231400 7.28295
231500 7.26321
231600 7.28008
231700 7.20578
231800 7.23072
231900 7.19399
232000 7.18224
232100 7.23788
232200 7.23542
232300 7.29885
232400 7.32304
232500 7.29488
232600 7.20462
232700 7.19598
232800 7.27359
232900 7.20602
233000 7.1723
233100 7.16789
233200 7.14104
233300 7.18889
233400 7.1589
233500 7.20449
233600 7.15489
233700 7.2208
233800 7.23132
233900 7.19671
234000 7.25791
234100 7.16742
234200 7.14325
234300 7.13833
234400 7.16804
234500 7.21566
234600 7.21959
234700 7.2386
234800 7.27279
234900 7.25013
235000 7.21659
235100 7.2832
235200 7.26489
235300 7.3293
235400 7.26089
235500 7.15931
235600 7.28894
235700 7.20975
235800 7.23705
235900 7.257
236000 7.23526
236100 7.2402
236200 7.25843
236300 7.20081
236400 7.27034
236500 7.22793
236600 7.25998
236700 7.21933
236800 7.19054
236900 7.21847
237000 7.26357
237100 7.26629
237200 7.26687
237300 7.26583
237400 7.28197
237500 7.21222
237600 7.18674
237700 7.24721
237800 7.2379
237900 7.22144
238000 7.25846
238100 7.28421
238200 7.26265
238300 7.27679
238400 7.25055
238500 7.25066
238600 7.1891
238700 7.20087
238800 7.1936
238900 7.30906
239000 7.25668
239100 7.29594
239200 7.25446
239300 7.32268
239400 7.22089
239500 7.32742
239600 7.22918
239700 7.29159
239800 7.2261
239900 7.28434
240000 7.21907
240100 7.27955
240200 7.23845
240300 7.24187
240400 7.25308
240500 7.24915
240600 7.26959
240700 7.28946
240800 7.32113
240900 7.27359
241000 7.27123
241100 7.2621
241200 7.28139
241300 7.26361
241400 7.25806
241500 7.20058
241600 7.31477
241700 7.36364
241800 7.26802
241900 7.22387
242000 7.25921
242100 7.21968
242200 7.29923
242300 7.25096
242400 7.30907
242500 7.25848
242600 7.3093
242700 7.28103
242800 7.30116
242900 7.24715
243000 7.2529
243100 7.29961
243200 7.26665
243300 7.23782
243400 7.21542
243500 7.25713
243600 7.31155
243700 7.32716
243800 7.30767
243900 7.27468
244000 7.25194
244100 7.20917
244200 7.24062
244300 7.29359
244400 7.26314
244500 7.25959
244600 7.30317
244700 7.2666
244800 7.28863
244900 7.24005
245000 7.22317
245100 7.26877
245200 7.28236
245300 7.29847
245400 7.24965
245500 7.21302
245600 7.21922
245700 7.21503
245800 7.27223
245900 7.23984
246000 7.22615
246100 7.28693
246200 7.24463
246300 7.22041
246400 7.30642
246500 7.25164
246600 7.25066
246700 7.20065
246800 7.22067
246900 7.27521
247000 7.25154
247100 7.29147
247200 7.1856
247300 7.197
247400 7.21699
247500 7.23548
247600 7.28154
247700 7.23445
247800 7.27816
247900 7.24311
248000 7.21758
248100 7.24729
248200 7.28763
248300 7.33067
248400 7.2152
248500 7.22671
248600 7.24067
248700 7.29742
248800 7.28304
248900 7.26863
249000 7.3455
249100 7.32865
249200 7.33707
249300 7.25633
249400 7.24401
249500 7.34838
249600 7.32855
249700 7.32069
249800 7.33379
249900 7.36232
250000 7.38804
250100 7.3437
250200 7.29514
250300 7.31388
250400 7.28915
250500 7.24653
250600 7.31125
250700 7.30259
250800 7.3128
250900 7.25171
251000 7.29792
251100 7.27472
251200 7.32456
251300 7.28851
251400 7.29375
251500 7.29605
251600 7.22919
251700 7.22229
251800 7.2909
251900 7.29672
252000 7.29545
252100 7.27321
252200 7.31345
252300 7.35272
252400 7.27486
252500 7.29558
252600 7.32393
252700 7.23746
252800 7.25997
252900 7.26394
253000 7.33591
253100 7.30561
253200 7.30348
253300 7.3364
253400 7.3104
253500 7.30786
253600 7.23481
253700 7.23267
253800 7.27308
253900 7.2867
254000 7.31902
254100 7.27016
254200 7.31755
254300 7.2558
254400 7.29237
254500 7.32406
254600 7.29788
254700 7.3229
254800 7.27225
254900 7.29532
255000 7.26892
255100 7.31113
255200 7.34419
255300 7.29318
255400 7.25426
255500 7.33793
255600 7.32549
255700 7.30125
255800 7.28107
255900 7.348
256000 7.31019
256100 7.36383
256200 7.35228
256300 7.40154
256400 7.30257
256500 7.3166
256600 7.39902
256700 7.38203
256800 7.45951
256900 7.40232
257000 7.35528
257100 7.35324
257200 7.37655
257300 7.38001
257400 7.3968
257500 7.41157
257600 7.40523
257700 7.32073
257800 7.41597
257900 7.3099
258000 7.36477
258100 7.41413
258200 7.29553
258300 7.34387
258400 7.36239
258500 7.34454
258600 7.31391
258700 7.33635
258800 7.37359
258900 7.36268
259000 7.33043
259100 7.3597
259200 7.42125
259300 7.39701
259400 7.36252
259500 7.38133
259600 7.365
259700 7.28646
259800 7.32641
259900 7.36449
260000 7.3682
260100 7.45257
260200 7.39942
260300 7.32849
260400 7.41126
260500 7.3786
260600 7.35091
260700 7.39714
260800 7.41187
260900 7.33351
261000 7.36619
261100 7.35828
261200 7.3354
261300 7.34901
261400 7.35745
261500 7.37445
261600 7.38087
261700 7.35595
261800 7.37474
261900 7.36884
262000 7.3695
262100 7.37355
262200 7.36874
262300 7.32602
262400 7.38234
262500 7.35743
262600 7.38315
262700 7.28137
262800 7.28152
262900 7.24181
263000 7.33539
263100 7.33601
263200 7.35947
263300 7.32262
263400 7.3155
263500 7.32512
263600 7.30043
263700 7.29834
263800 7.24805
263900 7.30423
264000 7.34162
264100 7.34381
264200 7.34161
264300 7.35369
264400 7.35633
264500 7.39046
264600 7.32199
264700 7.31467
264800 7.35784
264900 7.35029
265000 7.35651
265100 7.31635
265200 7.34364
265300 7.37601
265400 7.30059
265500 7.32146
265600 7.39864
265700 7.40452
265800 7.36232
265900 7.34388
266000 7.34636
266100 7.36859
266200 7.39978
266300 7.34345
266400 7.37
266500 7.3393
266600 7.44833
266700 7.43249
266800 7.40776
266900 7.40454
267000 7.46398
267100 7.47207
267200 7.52217
267300 7.46983
267400 7.38781
267500 7.42797
267600 7.47021
267700 7.44632
267800 7.41029
267900 7.43423
268000 7.4273
268100 7.48961
268200 7.4304
268300 7.43203
268400 7.48725
268500 7.50569
268600 7.46849
268700 7.49606
268800 7.50702
268900 7.4704
269000 7.49681
269100 7.48983
269200 7.55189
269300 7.54555
269400 7.48206
269500 7.49533
269600 7.56841
269700 7.55983
269800 7.49918
269900 7.58233
270000 7.50352
270100 7.60121
270200 7.49552
270300 7.5712
270400 7.59944
270500 7.57816
270600 7.53626
270700 7.50562
270800 7.53893
270900 7.41199
271000 7.46728
271100 7.4148
271200 7.39489
271300 7.48231
271400 7.46487
271500 7.40498
271600 7.46652
271700 7.44743
271800 7.42435
271900 7.41047
272000 7.48578
272100 7.43954
272200 7.43492
272300 7.42034
272400 7.48435
272500 7.55922
272600 7.52605
272700 7.53979
272800 7.4648
272900 7.45844
273000 7.46589
273100 7.51752
273200 7.50506
273300 7.49699
273400 7.5039
273500 7.45434
273600 7.46449
273700 7.37523
273800 7.50119
273900 7.40496
274000 7.38353
274100 7.52661
274200 7.48564
274300 7.43655
274400 7.44722
274500 7.46956
274600 7.50125
274700 7.49013
274800 7.4034
274900 7.42214
275000 7.48568
275100 7.43039
275200 7.41139
275300 7.40364
275400 7.45617
275500 7.44436
275600 7.44633
275700 7.46775
275800 7.46078
275900 7.39913
276000 7.34623
276100 7.43471
276200 7.3475
276300 7.36574
276400 7.42949
276500 7.43175
276600 7.41711
276700 7.42419
276800 7.44889
276900 7.44533
277000 7.46175
277100 7.46006
277200 7.44005
277300 7.43532
277400 7.44627
277500 7.43778
277600 7.52129
277700 7.40791
277800 7.41653
277900 7.44312
278000 7.50223
278100 7.53086
278200 7.43424
278300 7.47584
278400 7.42917
278500 7.47129
278600 7.4584
278700 7.44843
278800 7.45186
278900 7.51297
279000 7.41753
279100 7.46537
279200 7.50604
279300 7.51213
279400 7.59156
279500 7.49363
279600 7.46772
279700 7.49981
279800 7.57122
279900 7.57081
280000 7.52634
280100 7.45288
280200 7.48113
280300 7.55584
280400 7.48198
280500 7.5191
280600 7.47234
280700 7.5213
280800 7.46649
280900 7.58043
281000 7.51367
281100 7.61831
281200 7.51636
281300 7.51072
281400 7.53039
281500 7.48345
281600 7.53217
281700 7.48277
281800 7.47933
281900 7.54964
282000 7.54656
282100 7.46354
282200 7.50518
282300 7.51713
282400 7.543
282500 7.55357
282600 7.5301
282700 7.51516
282800 7.46019
282900 7.50252
283000 7.49853
283100 7.50009
283200 7.48279
283300 7.52485
283400 7.61399
283500 7.55931
283600 7.54981
283700 7.54863
283800 7.58185
283900 7.52677
284000 7.59157
284100 7.55755
284200 7.56838
284300 7.61413
284400 7.53289
284500 7.56891
284600 7.62409
284700 7.57772
284800 7.5499
284900 7.62466
285000 7.49725
285100 7.60138
285200 7.60207
285300 7.52223
285400 7.50288
285500 7.53083
285600 7.53129
285700 7.5533
285800 7.57292
285900 7.55781
286000 7.54496
286100 7.56304
286200 7.52505
286300 7.53745
286400 7.53395
286500 7.59498
286600 7.55412
286700 7.51894
286800 7.57182
286900 7.61008
287000 7.59852
287100 7.65478
287200 7.59246
287300 7.5592
287400 7.53708
287500 7.58761
287600 7.49806
287700 7.54763
287800 7.52464
287900 7.52472
288000 7.52004
288100 7.54898
288200 7.51655
288300 7.47476
288400 7.55943
288500 7.53542
288600 7.53934
288700 7.53272
288800 7.49205
288900 7.4894
289000 7.4643
289100 7.51696
289200 7.49236
289300 7.51714
289400 7.48969
289500 7.52028
289600 7.56207
289700 7.51749
289800 7.51106
289900 7.57439
290000 7.4596
290100 7.51811
290200 7.60854
290300 7.63325
290400 7.56878
290500 7.59325
290600 7.659
290700 7.60727
290800 7.56429
290900 7.59562
291000 7.5448
291100 7.56903
291200 7.56584
291300 7.62498
291400 7.60568
291500 7.59342
291600 7.57795
291700 7.69934
291800 7.57725
291900 7.59011
292000 7.64634
292100 7.61239
292200 7.6237
292300 7.58408
292400 7.63151
292500 7.6289
292600 7.59097
292700 7.63139
292800 7.56748
292900 7.56026
293000 7.60742
293100 7.62741
293200 7.61888
293300 7.71854
293400 7.67538
293500 7.65978
293600 7.58636
293700 7.66029
293800 7.62125
293900 7.59812
294000 7.63472
294100 7.57105
294200 7.61289
294300 7.68005
294400 7.63291
294500 7.61548
294600 7.66788
294700 7.64057
294800 7.59421
294900 7.57507
295000 7.62523
295100 7.61945
295200 7.61796
295300 7.65006
295400 7.62358
295500 7.6342
295600 7.58177
295700 7.5748
295800 7.57363
295900 7.60646
296000 7.61134
296100 7.61117
296200 7.63433
296300 7.68863
296400 7.62246
296500 7.63628
296600 7.59077
296700 7.64645
296800 7.76104
296900 7.679
297000 7.6795
297100 7.70886
297200 7.71001
297300 7.74281
297400 7.68589
297500 7.72182
297600 7.65269
297700 7.71575
297800 7.71574
297900 7.76109
298000 7.67892
298100 7.73806
298200 7.78716
298300 7.68649
298400 7.82625
298500 7.69377
298600 7.77315
298700 7.72843
298800 7.75045
298900 7.76755
299000 7.76294
299100 7.69259
299200 7.74201
299300 7.74192
299400 7.75134
299500 7.73273
299600 7.75954
299700 7.7526
299800 7.70763
299900 7.66881
300000 7.71183
300100 7.7048
300200 7.73555
300300 7.73424
300400 7.74171
300500 7.753
300600 7.67929
300700 7.66356
300800 7.68401
300900 7.69933
301000 7.73847
301100 7.75103
301200 7.70558
301300 7.68589
301400 7.73782
301500 7.7162
301600 7.74494
301700 7.77078
301800 7.76412
301900 7.73983
302000 7.69304
302100 7.79022
302200 7.80761
302300 7.77557
302400 7.76926
302500 7.81396
302600 7.79419
302700 7.78353
302800 7.78191
302900 7.80718
303000 7.7686
303100 7.77408
303200 7.7885
303300 7.85567
303400 7.83583
303500 7.8526
303600 7.80817
303700 7.8005
303800 7.88911
303900 7.86745
304000 7.83186
304100 7.82259
304200 7.84724
304300 7.78886
304400 7.80368
304500 7.80328
304600 7.8263
304700 7.90823
304800 7.81122
304900 7.85414
305000 7.81848
305100 7.93194
305200 7.85814
305300 7.82457
305400 7.8947
305500 7.85837
305600 7.89764
305700 7.81495
305800 7.7946
305900 7.85416
306000 7.78902
306100 7.90199
306200 7.89166
306300 7.92018
306400 7.95033
306500 7.87045
306600 7.91358
306700 7.88776
306800 7.85277
306900 7.90263
307000 7.76689
307100 7.87533
307200 7.81865
307300 7.87176
307400 7.86046
307500 7.84481
307600 7.8936
307700 7.87324
307800 7.9379
307900 7.90633
308000 7.90033
308100 7.9136
308200 7.88218
308300 7.88872
308400 7.89904
308500 7.89857
308600 7.89271
308700 7.91374
308800 7.93498
308900 7.98315
309000 7.98258
309100 7.92546
309200 7.92702
309300 7.92045
309400 8.02027
309500 7.96909
309600 7.97478
309700 8.01752
309800 7.99848
309900 8.02041
310000 8.0675
310100 8.01141
310200 8.01738
310300 8.0015
310400 7.96986
310500 8.03657
310600 8.08452
310700 8.04515
310800 7.96836
310900 7.99327
311000 7.95437
311100 8.03908
311200 8.04933
311300 7.99015
311400 8.03582
311500 8.06681
311600 8.07071
311700 8.02102
311800 7.98074
311900 7.94806
312000 7.94319
312100 8.00563
312200 7.94049
312300 7.97229
312400 8.01743
312500 8.00756
312600 7.94662
312700 7.99585
312800 7.99187
312900 7.96503
313000 7.95273
313100 7.98568
313200 8.05715
313300 7.98083
313400 8.02965
313500 7.8927
313600 8.05784
313700 7.95894
313800 8.01448
313900 7.94188
314000 7.99109
314100 8.01352
314200 7.96716
314300 7.92537
314400 7.95245
314500 7.97693
314600 7.9925
314700 8.05582
314800 8.00948
314900 7.96091
315000 8.05759
315100 8.02018
315200 7.97419
315300 7.95992
315400 8.02415
315500 8.00692
315600 8.06597
315700 8.02009
315800 8.03358
315900 7.98346
316000 8.04722
316100 8.08764
316200 8.06165
316300 8.05921
316400 8.10392
316500 8.02247
316600 8.0709
316700 8.07928
316800 8.12962
316900 8.05248
317000 8.08441
317100 8.05352
317200 8.00658
317300 8.05469
317400 8.08142
317500 8.12944
317600 8.10925
317700 8.09159
317800 8.11057
317900 8.0875
318000 8.06414
318100 8.02838
318200 8.13243
318300 8.08871
318400 8.16688
318500 8.14894
318600 8.11292
318700 8.11271
318800 8.12776
318900 8.09933
319000 8.09738
319100 8.1716
319200 8.13448
319300 8.09541
319400 8.09858
319500 8.1434
319600 8.13282
319700 8.16464
319800 8.11191
319900 8.10471
320000 8.0963
320100 8.13539
320200 8.1741
320300 8.18374
320400 8.1668
320500 8.14358
320600 8.13894
320700 8.11133
320800 8.16707
320900 8.06607
321000 8.11233
321100 8.14486
321200 8.14545
321300 8.18398
321400 8.17012
321500 8.19913
321600 8.14998
321700 8.21516
321800 8.15039
321900 8.1987
322000 8.10891
322100 8.21578
322200 8.23569
322300 8.23307
322400 8.21156
322500 8.19124
322600 8.19508
322700 8.15302
322800 8.19055
322900 8.16602
323000 8.16773
323100 8.19295
323200 8.23019
323300 8.23382
323400 8.19072
323500 8.1747
323600 8.19853
323700 8.17576
323800 8.17013
323900 8.19463
324000 8.20748
324100 8.19976
324200 8.236
324300 8.17264
324400 8.17053
324500 8.18677
324600 8.19749
324700 8.18375
324800 8.23309
324900 8.212
325000 8.19225
325100 8.11199
325200 8.17951
325300 8.22576
325400 8.19627
325500 8.1791
325600 8.09622
325700 8.1752
325800 8.14046
325900 8.16752
326000 8.19928
326100 8.23081
326200 8.23561
326300 8.22621
326400 8.15764
326500 8.1306
326600 8.14663
326700 8.27278
326800 8.17771
326900 8.29235
327000 8.29756
327100 8.22085
327200 8.14793
327300 8.1763
327400 8.19013
327500 8.18239
327600 8.23863
327700 8.18941
327800 8.08053
327900 8.23572
328000 8.20113
328100 8.19763
328200 8.2054
328300 8.22381
328400 8.19845
328500 8.22652
328600 8.25117
328700 8.19547
328800 8.17509
328900 8.22503
329000 8.22015
329100 8.26295
329200 8.18585
329300 8.27422
329400 8.20427
329500 8.23149
329600 8.27423
329700 8.222
329800 8.24953
329900 8.25977
330000 8.20876
330100 8.23847
330200 8.29346
330300 8.22367
330400 8.29621
330500 8.26232
330600 8.2974
330700 8.30986
330800 8.24539
330900 8.25621
331000 8.31221
331100 8.2736
331200 8.30268
331300 8.28235
331400 8.22344
331500 8.35193
331600 8.29921
331700 8.33875
331800 8.32578
331900 8.29233
332000 8.33172
332100 8.33991
332200 8.27625
332300 8.2893
332400 8.29554
332500 8.32635
332600 8.2897
332700 8.30174
332800 8.29745
332900 8.31383
333000 8.31776
333100 8.2862
333200 8.31126
333300 8.3226
333400 8.33218
333500 8.30644
333600 8.27849
333700 8.31222
333800 8.28941
333900 8.23945
334000 8.30025
334100 8.27657
334200 8.34489
334300 8.28595
334400 8.31287
334500 8.29716
334600 8.29999
334700 8.30197
334800 8.31551
334900 8.36747
335000 8.27945
335100 8.37739
335200 8.33976
335300 8.40378
335400 8.35988
335500 8.2941
335600 8.31238
335700 8.3151
335800 8.29239
335900 8.31151
336000 8.30343
336100 8.33964
336200 8.32902
336300 8.33541
336400 8.36254
336500 8.3689
336600 8.37775
336700 8.40058
336800 8.35821
336900 8.42588
337000 8.36269
337100 8.38518
337200 8.33623
337300 8.32303
337400 8.34397
337500 8.33221
337600 8.40823
337700 8.37677
337800 8.43062
337900 8.40259
338000 8.40941
338100 8.45144
338200 8.42956
338300 8.38356
338400 8.3423
338500 8.39749
338600 8.3416
338700 8.34985
338800 8.37211
338900 8.42485
339000 8.38544
339100 8.36445
339200 8.36186
339300 8.35896
339400 8.31256
339500 8.34915
339600 8.29657
339700 8.33408
339800 8.34612
339900 8.36269
340000 8.386
340100 8.3542
340200 8.3994
340300 8.42573
340400 8.43867
340500 8.36659
340600 8.343
340700 8.37891
340800 8.35115
340900 8.29672
341000 8.34465
341100 8.31027
341200 8.38658
341300 8.46078
341400 8.35856
341500 8.34488
341600 8.39125
341700 8.34015
341800 8.26065
341900 8.24849
342000 8.33741
342100 8.39297
342200 8.36688
342300 8.34135
342400 8.33534
342500 8.36471
342600 8.3143
342700 8.3276
342800 8.34468
342900 8.34437
343000 8.32266
343100 8.3531
343200 8.41536
343300 8.41585
343400 8.38869
343500 8.34635
343600 8.3371
343700 8.30553
343800 8.35866
343900 8.30899
344000 8.35816
344100 8.3763
344200 8.35949
344300 8.31874
344400 8.25753
344500 8.39553
344600 8.38213
344700 8.3313
344800 8.26306
344900 8.38337
345000 8.36458
345100 8.40934
345200 8.46214
345300 8.37037
345400 8.40776
345500 8.37267
345600 8.36301
345700 8.37924
345800 8.42788
345900 8.38701
346000 8.31893
346100 8.39576
346200 8.386
346300 8.40017
346400 8.42606
346500 8.3495
346600 8.36645
346700 8.36461
346800 8.44428
346900 8.37575
347000 8.35939
347100 8.29553
347200 8.33388
347300 8.40898
347400 8.42375
347500 8.40377
347600 8.39717
347700 8.39311
347800 8.33082
347900 8.36424
348000 8.40685
348100 8.46149
348200 8.37488
348300 8.3191
348400 8.3372
348500 8.3806
348600 8.39771
348700 8.39221
348800 8.30871
348900 8.3546
349000 8.32869
349100 8.40539
349200 8.3871
349300 8.3661
349400 8.39859
349500 8.39782
349600 8.3862
349700 8.39892
349800 8.35255
349900 8.37489
350000 8.33195
