# Time-averaged data for fix all_msd
# TimeStep c_msd1[4]
0 2.04939e-29
100 0.153293
200 0.242738
300 0.310487
400 0.450323
500 0.581965
600 0.719594
700 0.868229
800 0.95685
900 1.09639
1000 1.21468
1100 1.30063
1200 1.42127
1300 1.45504
1400 1.577
1500 1.64945
1600 1.65808
1700 1.75969
1800 1.81061
1900 1.85983
2000 1.96682
2100 2.0453
2200 2.13815
2300 2.19762
2400 2.17287
2500 2.21496
2600 2.31852
2700 2.35401
2800 2.38524
2900 2.39217
3000 2.45079
3100 2.47064
3200 2.45776
3300 2.54636
3400 2.58458
3500 2.5813
3600 2.6359
3700 2.65775
3800 2.72834
3900 2.74846
4000 2.77951
4100 2.81759
4200 2.81836
4300 2.82747
4400 2.80444
4500 2.87139
4600 2.91319
4700 2.98015
4800 2.96264
4900 2.99484
5000 3.03291
5100 3.04449
5200 3.06343
5300 3.12409
5400 3.17324
5500 3.26204
5600 3.29496
5700 3.30501
5800 3.35229
5900 3.32693
6000 3.30524
6100 3.32576
6200 3.39221
6300 3.36048
6400 3.42316
6500 3.42135
6600 3.45818
6700 3.46772
6800 3.50437
6900 3.51481
7000 3.4937
7100 3.52232
7200 3.55749
7300 3.54536
7400 3.58444
7500 3.61631
7600 3.6446
7700 3.63898
7800 3.63764
7900 3.6277
8000 3.70172
8100 3.74663
8200 3.72467
8300 3.72466
8400 3.83227
8500 3.77982
8600 3.78721
8700 3.81875
8800 3.80431
8900 3.85619
9000 3.92388
9100 3.99228
9200 3.87971
9300 3.95079
9400 3.96021
9500 3.99382
9600 4.03072
9700 4.00541
9800 4.12536
9900 4.02213
10000 4.14048
10100 4.11674
10200 4.09438
10300 4.19878
10400 4.2388
10500 4.31607
10600 4.31653
10700 4.32246
10800 4.33758
10900 4.36224
11000 4.43297
11100 4.39158
11200 4.46492
11300 4.50493
11400 4.4989
11500 4.49213
11600 4.43228
11700 4.4923
11800 4.64081
11900 4.71846
12000 4.61299
12100 4.60104
12200 4.64886
12300 4.70421
12400 4.7687
12500 4.77323
12600 4.80037
12700 4.75411
12800 4.83373
12900 4.87223
13000 4.87993
13100 4.92247
13200 4.88241
13300 4.92024
13400 5.00996
13500 4.91932
13600 4.92681
13700 4.99859
13800 4.96855
13900 5.003
14000 5.03336
14100 4.98603
14200 5.03871
14300 5.00397
14400 5.08603
14500 5.12513
14600 5.11381
14700 5.11017
14800 5.13119
14900 5.1143
15000 5.11346
15100 5.1596
15200 5.15222
15300 5.15097
15400 5.12681
15500 5.20539
15600 5.2341
15700 5.1501
15800 5.23199
15900 5.25945
16000 5.363
16100 5.31764
16200 5.30667
16300 5.26209
16400 5.36751
16500 5.37917
16600 5.39158
16700 5.38029
16800 5.35638
16900 5.45039
17000 5.50904
17100 5.47182
17200 5.50399
17300 5.50329
17400 5.56383
17500 5.59682
17600 5.54786
17700 5.57434
17800 5.55121
17900 5.66312
18000 5.65194
18100 5.66408
18200 5.75984
18300 5.75018
18400 5.79371
18500 5.77911
18600 5.82471
18700 5.79788
18800 5.87204
18900 5.8183
19000 5.85877
19100 5.92508
19200 5.92759
19300 5.84588
19400 5.87445
19500 5.90745
19600 5.97907
19700 5.87324
19800 5.87543
19900 5.89932
20000 5.97213
20100 6.06136
20200 6.0613
20300 6.07447
20400 6.03474
20500 6.08105
20600 6.08445
20700 6.04139
20800 6.01394
20900 6.11429
21000 6.15278
21100 6.13843
21200 6.19383
21300 6.19166
21400 6.14506
21500 6.1465
21600 6.24466
21700 6.29824
21800 6.32677
21900 6.33196
22000 6.26672
22100 6.24699
22200 6.30458
22300 6.30074
22400 6.3605
22500 6.30434
22600 6.28495
22700 6.3297
22800 6.38257
22900 6.49783
23000 6.45373
23100 6.43013
23200 6.49846
23300 6.53631
23400 6.51541
23500 6.59042
23600 6.55007
23700 6.60735
23800 6.57926
23900 6.70783
24000 6.66207
24100 6.72482
24200 6.67398
24300 6.6128
24400 6.57038
24500 6.67222
24600 6.76019
24700 6.80959
24800 6.81324
24900 6.78488
25000 6.81266
25100 6.78726
25200 6.8353
25300 6.87728
25400 6.95854
25500 6.95287
25600 6.9045
25700 6.94209
25800 6.96376
25900 6.95533
26000 6.93829
26100 6.94323
26200 6.90831
26300 6.84011
26400 6.9109
26500 6.96261
26600 6.92778
26700 6.98463
26800 7.02218
26900 6.94306
27000 6.94981
27100 6.93777
27200 7.028
27300 7.00932
27400 7.01727
27500 6.93963
27600 7.03625
27700 7.04641
27800 6.97459
27900 6.99199
28000 7.06816
28100 7.05102
28200 7.07347
28300 7.06024
28400 7.08035
28500 7.05095
28600 7.00472
28700 7.08481
28800 7.09884
28900 7.15219
29000 7.02952
29100 7.09624
29200 7.13366
29300 7.10984
29400 7.09305
29500 7.14801
29600 7.14804
29700 7.2002
29800 7.09803
29900 7.12855
30000 7.15226
30100 7.19833
30200 7.23324
30300 7.20133
30400 7.233
30500 7.22948
30600 7.15439
30700 7.21955
30800 7.27366
30900 7.36272
31000 7.26792
31100 7.19285
31200 7.23928
31300 7.28762
31400 7.28923
31500 7.3421
31600 7.32647
31700 7.4303
31800 7.44545
31900 7.40992
32000 7.41786
32100 7.34635
32200 7.45646
32300 7.44608
32400 7.53085
32500 7.43688
32600 7.41643
32700 7.46044
32800 7.51382
32900 7.51412
33000 7.56694
33100 7.60841
33200 7.60129
33300 7.6188
33400 7.65018
33500 7.53265
33600 7.56307
33700 7.57424
33800 7.71327
33900 7.75638
34000 7.70609
34100 7.69334
34200 7.66387
34300 7.7387
34400 7.7321
34500 7.7912
34600 7.72504
34700 7.73902
34800 7.82509
34900 7.76232
35000 7.81699
35100 7.84093
35200 7.86578
35300 7.97585
35400 7.82236
35500 7.73184
35600 7.8398
35700 7.79627
35800 7.76434
35900 7.81879
36000 7.82943
36100 7.78979
36200 7.85243
36300 7.80511
36400 7.87348
36500 7.85927
36600 7.84782
36700 7.87588
36800 7.91378
36900 7.8886
37000 7.85495
37100 7.83257
37200 7.902
37300 7.96467
37400 8.05335
37500 7.98078
37600 8.05557
37700 7.94264
37800 7.89959
37900 7.90739
38000 7.90593
38100 7.98988
38200 7.98985
38300 8.01746
38400 7.95467
38500 7.96427
38600 7.97761
38700 8.04885
38800 8.06776
38900 8.03202
39000 8.09938
39100 8.05924
39200 8.09093
39300 8.05327
39400 8.13281
39500 8.11419
39600 8.06813
39700 8.14156
39800 8.19731
39900 8.14413
40000 8.12744
40100 8.12185
40200 8.17842
40300 8.10116
40400 8.15835
40500 8.19929
40600 8.17806
40700 8.15777
40800 8.22385
40900 8.24859
41000 8.19234
41100 8.26667
41200 8.26159
41300 8.14842
41400 8.21249
41500 8.13254
41600 8.14036
41700 8.18342
41800 8.26959
41900 8.25272
42000 8.28074
42100 8.29082
42200 8.28608
42300 8.37593
42400 8.31812
42500 8.22832
42600 8.33481
42700 8.17937
42800 8.14105
42900 8.22657
43000 8.33057
43100 8.24166
43200 8.35242
43300 8.30609
43400 8.22356
43500 8.36065
43600 8.37236
43700 8.45038
43800 8.34809
43900 8.42564
44000 8.40541
44100 8.48662
44200 8.54105
44300 8.53891
44400 8.47109
44500 8.45479
44600 8.49303
44700 8.48249
44800 8.44583
44900 8.48702
45000 8.51943
45100 8.58589
45200 8.53189
45300 8.48628
45400 8.55536
45500 8.52417
45600 8.4399
45700 8.58089
45800 8.3991
45900 8.37748
46000 8.42527
46100 8.54978
46200 8.53358
46300 8.48269
46400 8.58775
46500 8.55396
46600 8.56026
46700 8.61069
46800 8.55538
46900 8.511
47000 8.56334
47100 8.55845
47200 8.52268
47300 8.56013
47400 8.51826
47500 8.43097
47600 8.50081
47700 8.5514
47800 8.54806
47900 8.57535
48000 8.64977
48100 8.673
48200 8.8002
48300 8.7395
48400 8.6873
48500 8.66408
48600 8.60685
48700 8.71722
48800 8.72371
48900 8.82045
49000 8.81762
49100 8.82131
49200 8.84028
49300 8.72998
49400 8.7795
49500 8.66956
49600 8.79552
49700 8.711
49800 8.71733
49900 8.78445
50000 8.84692
50100 8.83225
50200 8.832
50300 8.81875
50400 8.90082
50500 8.79583
50600 8.77616
50700 8.81731
50800 8.8179
50900 8.80724
51000 8.78859
51100 8.92763
51200 8.96774
51300 8.87442
51400 8.85403
51500 8.74949
51600 8.87107
51700 8.8515
51800 8.90402
51900 8.77494
52000 8.83832
52100 8.89479
52200 8.80784
52300 8.79427
52400 8.82138
52500 8.84275
52600 8.88483
52700 8.82427
52800 8.92421
52900 8.85897
53000 8.93928
53100 8.95281
53200 8.90327
53300 8.9241
53400 8.90827
53500 8.89613
53600 8.92738
53700 8.93503
53800 8.93947
53900 9.07401
54000 9.01312
54100 9.01927
54200 8.95152
54300 9.00203
54400 8.96087
54500 9.02466
54600 8.98511
54700 9.02634
54800 8.92474
54900 8.98704
55000 8.98754
55100 8.98371
55200 9.08692
55300 9.0964
55400 9.02773
55500 9.05567
55600 9.05172
55700 9.07589
55800 9.13233
55900 9.14071
56000 9.11091
56100 9.14882
56200 9.11954
56300 9.0343
56400 9.14779
56500 9.02085
56600 9.07001
56700 9.0889
56800 9.02131
56900 8.97383
57000 9.09216
57100 9.11785
57200 9.0633
57300 9.128
57400 9.08826
57500 9.0204
57600 9.02029
57700 9.14729
57800 9.15642
57900 9.17854
58000 9.13113
58100 9.25459
58200 9.1747
58300 9.15028
58400 9.21088
58500 9.19782
58600 9.20763
58700 9.14371
58800 9.20874
58900 9.22332
59000 9.1943
59100 9.20642
59200 9.27272
59300 9.2413
59400 9.29208
59500 9.31833
59600 9.31421
59700 9.2795
59800 9.33133
59900 9.31349
60000 9.2935
60100 9.2935
60200 9.33914
60300 9.24263
60400 9.33016
60500 9.3412
60600 9.17118
60700 9.34343
60800 9.33739
60900 9.38205
61000 9.35206
61100 9.3765
61200 9.40066
61300 9.31714
61400 9.29077
61500 9.4325
61600 9.47514
61700 9.39679
61800 9.4291
61900 9.4749
62000 9.4357
62100 9.42388
62200 9.36831
62300 9.38482
62400 9.423
62500 9.39902
62600 9.40877
62700 9.35865
62800 9.41042
62900 9.3507
63000 9.38731
63100 9.46434
63200 9.42534
63300 9.35848
63400 9.38446
63500 9.57059
63600 9.38684
63700 9.34934
63800 9.49936
63900 9.53704
64000 9.48689
64100 9.45678
64200 9.39644
64300 9.53721
64400 9.46216
64500 9.44702
64600 9.49681
64700 9.53255
64800 9.51611
64900 9.49324
65000 9.46916
65100 9.49851
65200 9.59063
65300 9.5579
65400 9.51064
65500 9.55845
65600 9.47495
65700 9.58083
65800 9.53447
65900 9.53535
66000 9.52477
66100 9.56112
66200 9.6676
66300 9.71664
66400 9.63059
66500 9.61868
66600 9.49749
66700 9.65533
66800 9.76621
66900 9.6597
67000 9.69063
67100 9.77119
67200 9.75316
67300 9.75896
67400 9.73219
67500 9.70517
67600 9.70416
67700 9.65863
67800 9.64852
67900 9.65087
68000 9.66255
68100 9.67916
68200 9.66828
68300 9.68912
68400 9.68898
68500 9.80604
68600 9.8227
68700 9.71907
68800 9.74961
68900 9.69675
69000 9.67778
69100 9.75807
69200 9.65997
69300 9.7189
69400 9.68311
69500 9.77651
69600 9.75227
69700 9.70478
69800 9.69372
69900 9.73473
70000 9.75215
70100 9.71417
70200 9.66609
70300 9.69709
70400 9.66433
70500 9.81
70600 9.72707
70700 9.76009
70800 9.69321
70900 9.74029
71000 9.76314
71100 9.80079
71200 9.79575
71300 9.71599
71400 9.87342
71500 9.80772
71600 9.88866
71700 9.73766
71800 9.70637
71900 9.7065
72000 9.84595
72100 9.66688
72200 9.65325
72300 9.71912
72400 9.62225
72500 9.67502
72600 9.64517
72700 9.73722
72800 9.67509
72900 9.67686
73000 9.6957
73100 9.71433
73200 9.77084
73300 9.6901
73400 9.7026
73500 9.70073
73600 9.80651
73700 9.9278
73800 9.84636
73900 9.84403
74000 9.74496
74100 9.75324
74200 9.80653
74300 9.90037
74400 9.84323
74500 9.9163
74600 9.83971
74700 9.86859
74800 9.87753
74900 9.85248
75000 9.82382
75100 9.82759
75200 9.77431
75300 9.83843
75400 9.80857
75500 9.84533
75600 9.80068
75700 9.89893
75800 9.98848
75900 9.87393
76000 9.79897
76100 9.9839
76200 9.87991
76300 9.96779
76400 9.86744
76500 9.87409
76600 9.81528
76700 9.81442
76800 9.8842
76900 9.69386
77000 9.75229
77100 9.78361
77200 9.8688
77300 9.76988
77400 9.86985
77500 9.85021
77600 9.75285
77700 9.80247
77800 9.90709
77900 9.86286
78000 9.86382
78100 9.87527
78200 9.8896
78300 9.96008
78400 9.91587
78500 9.94874
78600 9.90376
78700 9.99143
78800 9.98277
78900 9.98035
79000 10.0377
79100 9.98417
79200 9.9924
79300 9.93987
79400 10.0672
79500 10.0872
79600 10.0294
79700 9.99985
79800 9.97516
79900 10.0349
80000 10.0351
80100 10.0599
80200 10.0443
80300 10.1008
80400 10.0212
80500 10.1419
80600 10.1151
80700 10.1431
80800 10.0921
80900 10.0899
81000 10.0365
81100 10.046
81200 9.97816
81300 10.0136
81400 10.051
81500 10.0654
81600 10.1281
81700 10.1253
81800 10.1718
81900 9.99095
82000 10.1
82100 10.1276
82200 10.0835
82300 10.1314
82400 10.1089
82500 10.1007
82600 10.0707
82700 10.0472
82800 10.0345
82900 10.0954
83000 10.0928
83100 9.96606
83200 9.90591
83300 9.95347
83400 10.031
83500 10.1269
83600 10.0851
83700 9.97926
83800 10.0169
83900 10.0337
84000 9.94089
84100 9.98067
84200 10.0585
84300 9.97623
84400 10.055
84500 10.0392
84600 10.0853
84700 10.0974
84800 10.1703
84900 10.0775
85000 10.0221
85100 10.0784
85200 10.0556
85300 10.0894
85400 9.97033
85500 10.0046
85600 10.0063
85700 9.98731
85800 10.021
85900 10.0651
86000 10.0683
86100 10.0844
86200 10.082
86300 10.0927
86400 10.1309
86500 10.22
86600 10.2745
86700 10.1272
86800 10.1584
86900 10.1744
87000 10.1197
87100 10.0859
87200 10.143
87300 10.1973
87400 10.1862
87500 10.1936
87600 10.137
87700 10.0897
87800 10.2189
87900 10.1398
88000 10.1107
88100 10.1435
88200 10.1471
88300 10.1294
88400 10.1923
88500 10.1532
88600 10.2274
88700 10.1934
88800 10.2097
88900 10.2435
89000 10.209
89100 10.1772
89200 10.2195
89300 10.1318
89400 10.1494
89500 10.1603
89600 10.2229
89700 10.1928
89800 10.2166
89900 10.1622
90000 10.1039
90100 10.2624
90200 10.1809
90300 10.2743
90400 10.345
90500 10.3431
90600 10.3534
90700 10.3435
90800 10.2519
90900 10.2953
91000 10.3168
91100 10.302
91200 10.3746
91300 10.3695
91400 10.3532
91500 10.322
91600 10.2915
91700 10.3124
91800 10.2393
91900 10.2861
92000 10.2985
92100 10.3183
92200 10.3444
92300 10.3163
92400 10.2818
92500 10.3523
92600 10.3151
92700 10.3264
92800 10.3394
92900 10.3387
93000 10.3496
93100 10.3141
93200 10.3575
93300 10.3547
93400 10.4158
93500 10.2988
93600 10.2902
93700 10.2537
93800 10.2454
93900 10.2612
94000 10.2249
94100 10.384
94200 10.2957
94300 10.2291
94400 10.2495
94500 10.3042
94600 10.2963
94700 10.3163
94800 10.4228
94900 10.3919
95000 10.2826
95100 10.3603
95200 10.353
95300 10.4457
95400 10.4543
95500 10.4534
95600 10.3989
95700 10.387
95800 10.363
95900 10.4871
96000 10.3769
96100 10.4179
96200 10.4742
96300 10.4326
96400 10.4992
96500 10.3131
96600 10.4278
96700 10.4707
96800 10.527
96900 10.424
97000 10.4776
97100 10.456
97200 10.4969
97300 10.522
97400 10.5969
97500 10.4944
97600 10.5072
97700 10.4291
97800 10.4471
97900 10.5715
98000 10.5685
98100 10.615
98200 10.7482
98300 10.7121
98400 10.6337
98500 10.6808
98600 10.6663
98700 10.662
98800 10.7685
98900 10.7112
99000 10.7203
99100 10.6496
99200 10.6503
99300 10.7329
99400 10.6959
99500 10.5605
99600 10.7071
99700 10.6584
99800 10.7779
99900 10.8151
100000 10.6681
100100 10.7828
100200 10.7946
100300 10.7412
100400 10.7744
100500 10.9383
100600 10.8528
100700 10.9188
100800 10.8819
100900 10.8903
101000 10.8401
101100 10.9691
101200 10.9331
101300 10.967
101400 10.958
101500 10.9367
101600 11.021
101700 11.0392
101800 11.0425
101900 11.041
102000 11.0537
102100 11.06
102200 11.0836
102300 11.0715
102400 11.1371
102500 11.1082
102600 11.1581
102700 11.069
102800 11.0573
102900 11.1496
103000 11.2026
103100 11.0983
103200 11.1709
103300 11.1282
103400 11.1514
103500 11.2195
103600 11.1085
103700 11.1491
103800 11.1072
103900 11.152
104000 11.1539
104100 11.2527
104200 11.2029
104300 11.2434
104400 11.1966
104500 11.2852
104600 11.2726
104700 11.129
104800 11.2379
104900 11.1506
105000 11.2415
105100 11.1864
105200 11.2462
105300 11.2063
105400 11.2095
105500 11.1856
105600 11.2821
105700 11.1848
105800 11.1595
105900 11.3864
106000 11.2669
106100 11.2571
106200 11.2621
106300 11.2975
106400 11.3107
106500 11.2174
106600 11.2597
106700 11.2692
106800 11.2618
106900 11.25
107000 11.2164
107100 11.378
107200 11.3936
107300 11.4127
107400 11.3578
107500 11.3634
107600 11.3145
107700 11.3006
107800 11.224
107900 11.311
108000 11.3483
108100 11.3275
108200 11.2936
108300 11.3114
108400 11.3421
108500 11.3568
108600 11.2898
108700 11.4111
108800 11.3824
108900 11.4388
109000 11.3698
109100 11.3899
109200 11.4603
109300 11.3988
109400 11.4379
109500 11.5196
109600 11.5255
109700 11.4649
109800 11.4712
109900 11.4895
110000 11.3917
110100 11.5048
110200 11.5528
110300 11.5733
110400 11.4259
110500 11.4113
110600 11.4647
110700 11.4542
110800 11.4608
110900 11.47
111000 11.4671
111100 11.4327
111200 11.3868
111300 11.4242
111400 11.441
111500 11.4286
111600 11.4788
111700 11.404
111800 11.4434
111900 11.3849
112000 11.3864
112100 11.426
112200 11.3892
112300 11.4695
112400 11.3932
112500 11.3703
112600 11.4835
112700 11.5242
112800 11.5541
112900 11.4772
113000 11.4802
113100 11.3505
113200 11.4235
113300 11.4678
113400 11.3607
113500 11.4448
113600 11.5647
113700 11.5987
113800 11.4906
113900 11.4288
114000 11.5506
114100 11.541
114200 11.5007
114300 11.6222
114400 11.6808
114500 11.5555
114600 11.5425
114700 11.5794
114800 11.5907
114900 11.5945
115000 11.5645
115100 11.5552
115200 11.6124
115300 11.5788
115400 11.7795
115500 11.672
115600 11.6935
115700 11.6841
115800 11.6839
115900 11.6003
116000 11.5838
116100 11.575
116200 11.6451
116300 11.6913
116400 11.666
116500 11.6922
116600 11.64
116700 11.6982
116800 11.6189
116900 11.6533
117000 11.7463
117100 11.7683
117200 11.6893
117300 11.7616
117400 11.7524
117500 11.6852
117600 11.6835
117700 11.725
117800 11.8629
117900 11.8729
118000 11.8663
118100 11.7316
118200 11.6649
118300 11.8787
118400 11.7512
118500 11.8457
118600 11.7079
118700 11.8484
118800 11.8155
118900 11.6712
119000 11.8084
119100 11.7502
119200 11.7926
119300 11.8745
119400 11.7688
119500 11.8004
119600 11.8447
119700 11.7847
119800 11.8178
119900 11.8254
120000 11.9224
120100 11.8883
120200 11.8085
120300 11.7951
120400 11.74
120500 11.7597
120600 11.8398
120700 11.8044
120800 11.8209
120900 11.8895
121000 11.813
121100 11.8494
121200 11.9109
121300 12.002
121400 12.0329
121500 11.9868
121600 11.8824
121700 12.0594
121800 12.0599
121900 12.0566
122000 12.0532
122100 12.048
122200 12.003
122300 12.1071
122400 11.9984
122500 12.0971
122600 12.0853
122700 12.1356
122800 12.0735
122900 11.9922
123000 12.0345
123100 12.0889
123200 12.0842
123300 12.1337
123400 12.1021
123500 12.211
123600 12.1895
123700 12.2301
123800 12.2051
123900 12.1011
124000 12.2928
124100 12.248
124200 12.224
124300 12.2516
124400 12.3374
124500 12.3208
124600 12.309
124700 12.2246
124800 12.3038
124900 12.3866
125000 12.3605
125100 12.3314
125200 12.4092
125300 12.3909
125400 12.3858
125500 12.4009
125600 12.364
125700 12.3773
125800 12.3407
125900 12.3669
126000 12.3291
126100 12.3163
126200 12.3109
126300 12.3592
126400 12.3759
126500 12.2919
126600 12.3093
126700 12.3426
126800 12.4065
126900 12.4527
127000 12.4655
127100 12.3445
127200 12.4458
127300 12.4541
127400 12.4645
127500 12.3187
127600 12.3885
127700 12.3596
127800 12.3483
127900 12.3235
128000 12.3185
128100 12.3329
128200 12.465
128300 12.4606
128400 12.3971
128500 12.5164
128600 12.5312
128700 12.4041
128800 12.5091
128900 12.3889
129000 12.4342
129100 12.473
129200 12.5555
129300 12.486
129400 12.4821
129500 12.4869
129600 12.4167
129700 12.5282
129800 12.5497
129900 12.3932
130000 12.4902
130100 12.5047
130200 12.4524
130300 12.4758
130400 12.4801
130500 12.4901
130600 12.4078
130700 12.5305
130800 12.5117
130900 12.5661
131000 12.4466
131100 12.5101
131200 12.5395
131300 12.5577
131400 12.5791
131500 12.5006
131600 12.5508
131700 12.6088
131800 12.7312
131900 12.5389
132000 12.5969
132100 12.656
132200 12.6213
132300 12.6851
132400 12.7162
132500 12.6376
132600 12.5861
132700 12.6133
132800 12.5973
132900 12.6424
133000 12.5549
133100 12.6062
133200 12.7283
133300 12.7211
133400 12.6728
133500 12.6222
133600 12.5428
133700 12.6961
133800 12.595
133900 12.5866
134000 12.523
134100 12.701
134200 12.6832
134300 12.7658
134400 12.76
134500 12.6971
134600 12.7245
134700 12.7849
134800 12.7546
134900 12.6495
135000 12.707
135100 12.7714
135200 12.804
135300 12.7252
135400 12.6675
135500 12.7597
135600 12.7893
135700 12.7166
135800 12.6683
135900 12.8202
136000 12.7659
136100 12.7599
136200 12.695
136300 12.7379
136400 12.7634
136500 12.8176
136600 12.7456
136700 12.7586
136800 12.8962
136900 12.8663
137000 12.8906
137100 12.8111
137200 12.8364
137300 12.9285
137400 12.9642
137500 12.8058
137600 12.8814
137700 12.8912
137800 12.8555
137900 12.9011
138000 13.0036
138100 12.8816
138200 12.9312
138300 12.8426
138400 12.8991
138500 13.0105
138600 12.9102
138700 12.93
138800 12.9669
138900 12.9317
139000 13.0664
139100 13.1402
139200 12.8705
139300 12.9113
139400 13.0024
139500 12.9942
139600 13.0369
139700 13.0069
139800 12.9394
139900 12.8961
140000 12.9681
140100 12.9163
140200 12.997
140300 12.9905
140400 12.9267
140500 12.9514
140600 12.9622
140700 12.8752
140800 12.9228
140900 12.849
141000 12.9005
141100 12.9037
141200 12.9355
141300 12.8692
141400 13.0289
141500 13.051
141600 13.0121
141700 12.9247
141800 12.9676
141900 12.9663
142000 13.0359
142100 13.0797
142200 13.015
142300 13.1007
142400 13.1799
142500 12.8889
142600 13.0126
142700 12.9986
142800 12.9678
142900 12.8499
143000 13.0167
143100 12.9263
143200 13.0565
143300 12.9411
143400 12.9756
143500 13.026
143600 13.0551
143700 12.959
143800 12.9306
143900 13.0255
144000 12.9416
144100 13.0538
144200 13.0131
144300 13.0031
144400 12.8232
144500 13.0286
144600 13.0026
144700 13.1184
144800 13.0412
144900 12.9568
145000 12.9686
145100 12.9588
145200 12.9453
145300 12.9893
145400 13.1011
145500 13.0385
145600 13.0997
145700 12.9988
145800 13.0601
145900 13.0818
146000 13.2021
146100 13.0715
146200 13.0379
146300 13.0614
146400 13.1802
146500 13.194
146600 13.1059
146700 13.028
146800 13.0504
146900 13.0396
147000 13.0494
147100 13.0494
147200 12.9679
147300 12.9883
147400 13.0897
147500 13.0931
147600 13.0663
147700 13.1657
147800 13.0308
147900 13.0876
148000 13.189
148100 13.2609
148200 13.105
148300 13.0988
148400 13.1279
148500 13.2148
148600 13.1433
148700 13.0866
148800 13.0407
148900 13.211
149000 13.1603
149100 13.0817
149200 13.0432
149300 13.0841
149400 13.0413
149500 13.098
149600 13.1024
149700 13.0996
149800 13.034
149900 13.0988
150000 13.0807
150100 13.1676
150200 13.1638
150300 13.2434
150400 13.1524
150500 13.3117
150600 13.3828
150700 13.3096
150800 13.3017
150900 13.3125
151000 13.217
151100 13.2543
151200 13.2206
151300 13.2332
151400 13.3161
151500 13.2833
151600 13.2838
151700 13.2888
151800 13.315
151900 13.4019
152000 13.3344
152100 13.4198
152200 13.4032
152300 13.4097
152400 13.444
152500 13.4044
152600 13.4349
152700 13.4936
152800 13.3492
152900 13.3743
153000 13.4665
153100 13.4054
153200 13.2709
153300 13.4002
153400 13.3322
153500 13.4174
153600 13.3085
153700 13.335
153800 13.3743
153900 13.5004
154000 13.4542
154100 13.459
154200 13.4407
154300 13.4104
154400 13.355
154500 13.4376
154600 13.4134
154700 13.3997
154800 13.4094
154900 13.4631
155000 13.3503
155100 13.4666
155200 13.4473
155300 13.4766
155400 13.433
155500 13.4459
155600 13.5438
155700 13.4943
155800 13.4753
155900 13.503
156000 13.5631
156100 13.4962
156200 13.4629
156300 13.5716
156400 13.428
156500 13.5035
156600 13.4672
156700 13.5779
156800 13.4911
156900 13.4973
157000 13.5178
157100 13.433
157200 13.5129
157300 13.5073
157400 13.4885
157500 13.6094
157600 13.4379
157700 13.4874
157800 13.6135
157900 13.6337
158000 13.5646
158100 13.5734
158200 13.4684
158300 13.5167
158400 13.4871
158500 13.6011
158600 13.541
158700 13.5728
158800 13.5704
158900 13.4582
159000 13.4864
159100 13.4921
159200 13.4925
159300 13.4826
159400 13.5061
159500 13.3888
159600 13.3992
159700 13.4602
159800 13.4383
159900 13.4467
160000 13.4939
160100 13.5674
160200 13.5385
160300 13.6506
160400 13.5411
160500 13.5369
160600 13.5525
160700 13.5009
160800 13.4789
160900 13.4905
161000 13.4549
161100 13.5037
161200 13.4971
161300 13.5092
161400 13.455
161500 13.56
161600 13.5165
161700 13.5712
161800 13.6147
161900 13.542
162000 13.5345
162100 13.6814
162200 13.6066
162300 13.53
162400 13.4244
162500 13.3614
162600 13.3804
162700 13.4347
162800 13.4425
162900 13.5291
163000 13.4479
163100 13.3036
163200 13.3188
163300 13.4046
163400 13.4281
163500 13.4431
163600 13.4645
163700 13.4808
163800 13.4445
163900 13.4709
164000 13.5559
164100 13.4537
164200 13.4045
164300 13.432
164400 13.4288
164500 13.4552
164600 13.5029
164700 13.4911
164800 13.48
164900 13.4891
165000 13.456
165100 13.423
165200 13.398
165300 13.4284
165400 13.4229
165500 13.4616
165600 13.5052
165700 13.3734
165800 13.519
165900 13.4548
166000 13.4977
166100 13.5191
166200 13.5803
166300 13.5919
166400 13.4822
166500 13.4936
166600 13.4526
166700 13.5938
166800 13.6017
166900 13.5626
167000 13.5741
167100 13.5634
167200 13.4259
167300 13.4918
167400 13.5104
167500 13.5235
167600 13.5254
167700 13.4726
167800 13.3938
167900 13.4924
168000 13.4827
168100 13.4447
168200 13.3579
168300 13.4422
168400 13.4177
168500 13.3731
168600 13.4925
168700 13.4204
168800 13.4485
168900 13.3541
169000 13.5018
169100 13.3116
169200 13.4293
169300 13.2911
169400 13.4308
169500 13.482
169600 13.4046
169700 13.455
169800 13.4169
169900 13.4903
170000 13.4986
170100 13.4806
170200 13.444
170300 13.5036
170400 13.4438
170500 13.4618
170600 13.4587
170700 13.4962
170800 13.4328
170900 13.5082
171000 13.5146
171100 13.4933
171200 13.5587
171300 13.5156
171400 13.5493
171500 13.4142
171600 13.5046
171700 13.496
171800 13.5623
171900 13.5233
172000 13.5222
172100 13.4327
172200 13.5775
172300 13.552
172400 13.5985
172500 13.4722
172600 13.5614
172700 13.5823
172800 13.5374
172900 13.5349
173000 13.5771
173100 13.5117
173200 13.5483
173300 13.5968
173400 13.6584
173500 13.5874
173600 13.7373
173700 13.6731
173800 13.6089
173900 13.7359
174000 13.6663
174100 13.5921
174200 13.6498
174300 13.7137
174400 13.7767
174500 13.894
174600 13.8016
174700 13.8256
174800 13.6292
174900 13.6824
175000 13.6622
175100 13.6614
175200 13.6161
175300 13.7191
175400 13.8183
175500 13.6438
175600 13.667
175700 13.6749
175800 13.7288
175900 13.6776
176000 13.6821
176100 13.6874
176200 13.6152
176300 13.6334
176400 13.7265
176500 13.663
176600 13.6131
176700 13.5778
176800 13.6174
176900 13.6273
177000 13.6658
177100 13.6397
177200 13.6983
177300 13.6096
177400 13.6648
177500 13.6933
177600 13.6826
177700 13.7721
177800 13.6931
177900 13.6215
178000 13.6587
178100 13.6969
178200 13.6337
178300 13.7479
178400 13.6955
178500 13.6535
178600 13.688
178700 13.6671
178800 13.7452
178900 13.6736
179000 13.7336
179100 13.7073
179200 13.6212
179300 13.6383
179400 13.654
179500 13.6549
179600 13.69
179700 13.6788
179800 13.6659
179900 13.5855
180000 13.6859
180100 13.6701
180200 13.6508
180300 13.6326
180400 13.7333
180500 13.6687
180600 13.5953
180700 13.6986
180800 13.7008
180900 13.7884
181000 13.8243
181100 13.7414
181200 13.714
181300 13.6884
181400 13.667
181500 13.7253
181600 13.6797
181700 13.6886
181800 13.6764
181900 13.5306
182000 13.6398
182100 13.6904
182200 13.6373
182300 13.6063
182400 13.6894
182500 13.642
182600 13.4608
182700 13.5747
182800 13.5963
182900 13.6457
183000 13.6674
183100 13.6201
183200 13.6729
183300 13.6407
183400 13.6389
183500 13.6045
183600 13.6401
183700 13.5452
183800 13.565
183900 13.7304
184000 13.7296
184100 13.6063
184200 13.7379
184300 13.6816
184400 13.5693
184500 13.8183
184600 13.7483
184700 13.6883
184800 13.8729
184900 13.7267
185000 13.7739
185100 13.6622
185200 13.7245
185300 13.8042
185400 13.8099
185500 13.7681
185600 13.8799
185700 13.8883
185800 13.8385
185900 13.8362
186000 13.7754
186100 13.9135
186200 13.731
186300 13.7642
186400 13.9481
186500 14.0141
186600 13.8352
186700 13.9119
186800 13.8391
186900 13.9529
187000 13.9716
187100 13.9038
187200 13.9458
187300 13.8654
187400 13.9258
187500 13.8659
187600 13.8325
187700 13.8364
187800 13.9025
187900 13.9785
188000 14.0102
188100 13.9114
188200 13.9872
188300 13.9482
188400 14.0156
188500 13.9798
188600 13.9496
188700 14.0649
188800 13.951
188900 14.0153
189000 14.0471
189100 14.0016
189200 13.9991
189300 14.1752
189400 13.9194
189500 14.0279
189600 14.1018
189700 14.1266
189800 14.08
189900 14.0447
190000 14.109
190100 14.0332
190200 14.0961
190300 14.1251
190400 14.0588
190500 14.1827
190600 14.1062
190700 14.0732
190800 14.1282
190900 13.9989
191000 14.0785
191100 14.0749
191200 14.1376
191300 14.0424
191400 14.1211
191500 14.1115
191600 13.9847
191700 14.0647
191800 14.1247
191900 14.1464
192000 14.0994
192100 14.2295
192200 14.0735
192300 14.0627
192400 14.0385
192500 13.9054
192600 14.071
192700 14.2278
192800 14.3027
192900 14.2402
193000 14.258
193100 14.1965
193200 14.0519
193300 14.0689
193400 14.0689
193500 14.0817
193600 13.9486
193700 14.0792
193800 14.048
193900 14.1577
194000 14.0561
194100 14.0768
194200 14.1288
194300 14.0174
194400 14.1878
194500 14.1075
194600 14.1529
194700 14.1781
194800 14.0952
194900 14.1898
195000 14.1981
195100 14.1316
195200 14.2233
195300 14.2063
195400 14.2391
195500 14.2753
195600 14.1694
195700 14.3179
195800 14.2085
195900 14.2092
196000 14.2002
196100 14.3457
196200 14.3525
196300 14.2962
196400 14.2483
196500 14.3398
196600 14.3131
196700 14.4322
196800 14.4078
196900 14.3158
197000 14.3204
197100 14.3017
197200 14.4355
197300 14.4416
197400 14.3231
197500 14.4122
197600 14.5061
197700 14.434
197800 14.4646
197900 14.4191
198000 14.3997
198100 14.427
198200 14.4125
198300 14.4265
198400 14.399
198500 14.5329
198600 14.4706
198700 14.5131
198800 14.4441
198900 14.4957
199000 14.5355
199100 14.4557
199200 14.4396
199300 14.4712
199400 14.4579
199500 14.4889
199600 14.4117
199700 14.5104
199800 14.5531
199900 14.5611
200000 14.4998
200100 14.4922
200200 14.5136
200300 14.3589
200400 14.4747
200500 14.6265
200600 14.4129
200700 14.4648
200800 14.4361
200900 14.536
201000 14.4807
201100 14.5125
201200 14.406
201300 14.4545
201400 14.5877
201500 14.5073
201600 14.5121
201700 14.5112
201800 14.5906
201900 14.5656
202000 14.5148
202100 14.4837
202200 14.5225
202300 14.5096
202400 14.6358
202500 14.5771
202600 14.628
202700 14.614
202800 14.6503
202900 14.659
203000 14.7209
203100 14.7146
203200 14.6896
203300 14.7748
203400 14.7386
203500 14.7655
203600 14.6861
203700 14.6609
203800 14.6672
203900 14.6822
204000 14.7339
204100 14.8193
204200 14.7091
204300 14.8301
204400 14.7216
204500 14.8546
204600 14.6911
204700 14.7092
204800 14.7378
204900 14.7642
205000 14.8279
205100 14.7111
205200 14.6619
205300 14.6852
205400 14.6924
205500 14.7031
205600 14.7189
205700 14.6909
205800 14.7113
205900 14.7656
206000 14.736
206100 14.6342
206200 14.6839
206300 14.7833
206400 14.6349
206500 14.6225
206600 14.6518
206700 14.754
206800 14.7498
206900 14.7615
207000 14.7916
207100 14.7501
207200 14.7413
207300 14.7592
207400 14.7566
207500 14.8856
207600 14.8413
207700 14.8499
207800 14.7859
207900 14.8542
208000 14.8648
208100 14.88
208200 14.8687
208300 14.764
208400 14.7634
208500 14.8192
208600 14.7835
208700 14.7905
208800 14.7315
208900 14.7234
209000 14.825
209100 14.8863
209200 14.9271
209300 14.8319
209400 14.8094
209500 14.9501
209600 14.838
209700 14.7327
209800 14.8846
209900 15.0468
210000 14.9007
210100 14.9271
210200 14.8333
210300 14.8762
210400 14.8805
210500 14.9324
210600 14.8999
210700 15.0458
210800 15.0446
210900 14.9936
211000 14.85
211100 14.9463
211200 14.9025
211300 14.8289
211400 14.8463
211500 14.8181
211600 14.875
211700 14.8338
211800 14.7816
211900 14.9303
212000 14.8561
212100 15.0174
212200 14.9111
212300 14.8441
212400 14.8358
212500 15.0108
212600 14.9548
212700 15.1447
212800 14.9274
212900 14.8704
213000 15.0288
213100 14.9777
213200 15.0456
213300 15.0371
213400 15.047
213500 14.9919
213600 14.9854
213700 15.1125
213800 14.9828
213900 15.0162
214000 15.0552
214100 14.9712
214200 15.0896
214300 14.9092
214400 15.0386
214500 15.0005
214600 14.9864
214700 14.9724
214800 15.061
214900 15.1038
215000 14.9933
215100 15.0211
215200 14.9671
215300 15.0108
215400 15.1147
215500 15.019
215600 15.0258
215700 14.9838
215800 14.9962
215900 15.1957
216000 15.0863
216100 15.0155
216200 14.9817
216300 15.1278
216400 14.978
216500 15.095
216600 15.1875
216700 15.1083
216800 15.0643
216900 15.0912
217000 15.1081
217100 15.1839
217200 15.0297
217300 15.0498
217400 15.1097
217500 15.2353
217600 15.1446
217700 15.0992
217800 15.1239
217900 15.139
218000 15.2243
218100 15.2193
218200 15.0729
218300 15.1141
218400 15.2496
218500 15.2973
218600 15.219
218700 15.2685
218800 15.2229
218900 15.2134
219000 15.2193
219100 15.2575
219200 15.1447
219300 15.093
219400 15.2955
219500 15.1936
219600 15.1523
219700 15.2073
219800 15.173
219900 15.192
220000 15.1486
220100 15.1172
220200 15.162
220300 15.2777
220400 15.1889
220500 15.3099
220600 15.2826
220700 15.3342
220800 15.1635
220900 15.255
221000 15.3846
221100 15.3387
221200 15.2162
221300 15.2111
221400 15.3418
221500 15.3756
221600 15.41
221700 15.3398
221800 15.4316
221900 15.4565
222000 15.4242
222100 15.3699
222200 15.4586
222300 15.3858
222400 15.394
222500 15.3676
222600 15.3016
222700 15.296
222800 15.3174
222900 15.3528
223000 15.3719
223100 15.2817
223200 15.356
223300 15.302
223400 15.3958
223500 15.2715
223600 15.3474
223700 15.2813
223800 15.3183
223900 15.3178
224000 15.2889
224100 15.3644
224200 15.3947
224300 15.4402
224400 15.2388
224500 15.3014
224600 15.3289
224700 15.345
224800 15.3942
224900 15.3668
225000 15.5046
225100 15.3919
225200 15.5299
225300 15.2668
225400 15.3826
225500 15.3779
225600 15.3962
225700 15.3622
225800 15.4283
225900 15.4298
226000 15.5543
226100 15.5047
226200 15.6112
226300 15.4997
226400 15.5313
226500 15.4545
226600 15.4763
226700 15.4846
226800 15.551
226900 15.6811
227000 15.7004
227100 15.6935
227200 15.684
227300 15.6289
227400 15.5956
227500 15.586
227600 15.673
227700 15.6173
227800 15.6225
227900 15.5756
228000 15.6496
228100 15.5644
228200 15.5653
228300 15.5692
228400 15.6564
228500 15.6724
228600 15.5853
228700 15.6264
228800 15.6146
228900 15.699
229000 15.6419
229100 15.6131
229200 15.6133
229300 15.7676
229400 15.6747
229500 15.7084
229600 15.6701
229700 15.5037
229800 15.5372
229900 15.575
230000 15.5337
230100 15.5011
230200 15.5066
230300 15.5839
230400 15.547
230500 15.4443
230600 15.5075
230700 15.6146
230800 15.5959
230900 15.5399
231000 15.4784
231100 15.5926
231200 15.6115
231300 15.5819
231400 15.6329
231500 15.5207
231600 15.4742
231700 15.5671
231800 15.6387
231900 15.6269
232000 15.5523
232100 15.6903
232200 15.5629
232300 15.6374
232400 15.5393
232500 15.5569
232600 15.5903
232700 15.5861
232800 15.505
232900 15.4262
233000 15.5626
233100 15.4634
233200 15.542
233300 15.5545
233400 15.5961
233500 15.5246
233600 15.5413
233700 15.5061
233800 15.5406
233900 15.5841
234000 15.6162
234100 15.6894
234200 15.5377
234300 15.5329
234400 15.5474
234500 15.5104
234600 15.6484
234700 15.6912
234800 15.7467
234900 15.6496
235000 15.6213
235100 15.5796
235200 15.673
235300 15.6973
235400 15.7304
235500 15.7124
235600 15.8402
235700 15.7418
235800 15.785
235900 15.7657
236000 15.7222
236100 15.6996
236200 15.8123
236300 15.7333
236400 15.6085
236500 15.6028
236600 15.6832
236700 15.601
236800 15.6437
236900 15.6319
237000 15.7585
237100 15.7006
237200 15.7699
237300 15.8229
237400 15.856
237500 15.8453
237600 15.7352
237700 15.8629
237800 15.8916
237900 15.8161
238000 15.8556
238100 15.8007
238200 15.7446
238300 15.8393
238400 15.6953
238500 15.8921
238600 15.7122
238700 15.7754
238800 15.7755
238900 15.8043
239000 15.7818
239100 15.8178
239200 15.7506
239300 15.8351
239400 15.936
239500 15.9102
239600 15.9429
239700 15.8708
239800 15.8891
239900 16.0231
240000 15.8857
240100 15.9035
240200 15.8878
240300 15.83
240400 15.886
240500 15.887
240600 15.8572
240700 15.91
240800 15.8915
240900 15.8699
241000 15.9012
241100 15.8284
241200 15.9615
241300 15.9524
241400 15.8933
241500 15.882
241600 15.9474
241700 15.9043
241800 15.8307
241900 15.7768
242000 15.885
242100 15.8145
242200 15.8904
242300 15.8838
242400 15.7971
242500 15.8647
242600 15.8838
242700 15.8486
242800 15.8742
242900 15.9424
243000 15.976
243100 15.957
243200 15.9881
243300 15.9392
243400 16.0147
243500 15.9966
243600 16.0528
243700 16.0884
243800 16.0838
243900 16.1737
244000 16.0898
244100 16.0603
244200 16.1296
244300 16.0323
244400 15.9943
244500 15.8442
244600 16.1099
244700 16.1209
244800 16.094
244900 15.9796
245000 16.0241
245100 16.0557
245200 15.9831
245300 15.9348
245400 16.0217
245500 16.1555
245600 15.9822
245700 15.9852
245800 16.0935
245900 15.9566
246000 16.0828
246100 16.1197
246200 16.1304
246300 16.0896
246400 16.168
246500 16.2222
246600 16.157
246700 16.0517
246800 16.0571
246900 15.999
247000 16.0276
247100 16.077
247200 16.159
247300 16.1845
247400 16.1829
247500 16.1294
247600 16.2413
247700 16.2198
247800 16.076
247900 16.2377
248000 16.1918
248100 16.0633
248200 16.134
248300 16.1093
248400 16.0972
248500 16.1345
248600 16.1563
248700 16.173
248800 16.1995
248900 16.0959
249000 16.1905
249100 16.1742
249200 16.1096
249300 16.1443
249400 16.1412
249500 16.1267
249600 16.1018
249700 15.9834
249800 16.1846
249900 16.1113
250000 16.2371
250100 16.1967
250200 16.0988
250300 16.1571
250400 16.152
250500 16.0979
250600 16.0836
250700 16.1521
250800 16.1334
250900 16.1961
251000 16.029
251100 16.0902
251200 16.2339
251300 16.1756
251400 16.2338
251500 16.2552
251600 16.2791
251700 16.2363
251800 16.2759
251900 16.3277
252000 16.2951
252100 16.3787
252200 16.3038
252300 16.3721
252400 16.3969
252500 16.3507
252600 16.2343
252700 16.2035
252800 16.2936
252900 16.279
253000 16.1848
253100 16.3203
253200 16.3524
253300 16.2862
253400 16.2799
253500 16.3044
253600 16.2323
253700 16.2763
253800 16.2091
253900 16.3482
254000 16.2715
254100 16.3261
254200 16.3699
254300 16.3193
254400 16.3293
254500 16.4011
254600 16.4154
254700 16.4279
254800 16.3693
254900 16.3265
255000 16.3733
255100 16.2603
255200 16.4428
255300 16.4154
255400 16.4269
255500 16.5292
255600 16.4948
255700 16.5459
255800 16.5802
255900 16.6396
256000 16.4724
256100 16.5449
256200 16.5124
256300 16.5598
256400 16.5307
256500 16.6607
256600 16.6102
256700 16.5254
256800 16.6782
256900 16.67
257000 16.6958
257100 16.6298
257200 16.7258
257300 16.6078
257400 16.6589
257500 16.5849
257600 16.6205
257700 16.476
257800 16.5817
257900 16.5987
258000 16.4928
258100 16.5312
258200 16.3999
258300 16.4418
258400 16.4179
258500 16.4209
258600 16.4571
258700 16.536
258800 16.4369
258900 16.5463
259000 16.7357
259100 16.6017
259200 16.6745
259300 16.6123
259400 16.5996
259500 16.5274
259600 16.6493
259700 16.6725
259800 16.5859
259900 16.6162
260000 16.5247
260100 16.5249
260200 16.6328
260300 16.5839
260400 16.6153
260500 16.7312
260600 16.6403
260700 16.5641
260800 16.6289
260900 16.6173
261000 16.6234
261100 16.7146
261200 16.5275
261300 16.585
261400 16.6426
261500 16.6141
261600 16.4376
261700 16.6218
261800 16.7542
261900 16.6169
262000 16.5432
262100 16.5471
262200 16.576
262300 16.6237
262400 16.4586
262500 16.6478
262600 16.6855
262700 16.7367
262800 16.6398
262900 16.6764
263000 16.6523
263100 16.7915
263200 16.8315
263300 16.875
263400 16.7286
263500 16.7564
263600 16.6416
263700 16.732
263800 16.8
263900 16.7174
264000 16.7388
264100 16.8197
264200 16.6085
264300 16.7092
264400 16.6877
264500 16.8418
264600 16.785
264700 16.7683
264800 16.7687
264900 16.8102
265000 16.8671
265100 16.7656
265200 16.7482
265300 16.6892
265400 16.7698
265500 16.8766
265600 16.8299
265700 16.886
265800 16.8148
265900 16.7309
266000 16.761
266100 16.8388
266200 16.7233
266300 16.7457
266400 16.7072
266500 16.7034
266600 16.6161
266700 16.6996
266800 16.7106
266900 16.6059
267000 16.6886
267100 16.7681
267200 16.7785
267300 16.6936
267400 16.682
267500 16.688
267600 16.4289
267700 16.6497
267800 16.5891
267900 16.6421
268000 16.6845
268100 16.6776
268200 16.6719
268300 16.7681
268400 16.6508
268500 16.5718
268600 16.6718
268700 16.4768
268800 16.556
268900 16.5984
269000 16.6851
269100 16.6037
269200 16.6663
269300 16.7233
269400 16.6655
269500 16.8661
269600 16.8414
269700 16.871
269800 16.8415
269900 16.8104
270000 16.7084
270100 16.8049
270200 16.7102
270300 16.7263
270400 16.8109
270500 16.7867
270600 16.7602
270700 16.9776
270800 16.8856
270900 16.7337
271000 16.8216
271100 16.7915
271200 16.8024
271300 16.8495
271400 16.8281
271500 16.8445
271600 16.8217
271700 16.7922
271800 16.679
271900 16.8194
272000 16.9258
272100 16.7399
272200 16.7357
272300 16.7726
272400 16.8411
272500 16.8375
272600 16.8442
272700 16.8022
272800 16.7896
272900 16.8646
273000 16.7891
273100 16.7762
273200 16.8885
273300 16.8901
273400 16.8068
273500 16.861
273600 16.8241
273700 16.9786
273800 17.0029
273900 16.9375
274000 16.9421
274100 16.971
274200 16.9203
274300 17.0328
274400 16.9387
274500 17.0378
274600 16.954
274700 16.9868
274800 16.9488
274900 16.8681
275000 16.849
275100 16.9023
275200 16.9286
275300 16.9807
275400 16.9938
275500 16.9794
275600 16.9265
275700 16.8581
275800 16.9623
275900 16.8969
276000 17.127
276100 16.8939
276200 16.9523
276300 16.9438
276400 17.1469
276500 16.9343
276600 17.1019
276700 16.9921
276800 17.0093
276900 17.0241
277000 17.1111
277100 17.1319
277200 17.0852
277300 16.9639
277400 17.0341
277500 17.0178
277600 17.01
277700 17.1953
277800 17.1009
277900 17.0442
278000 17.0095
278100 17.0546
278200 16.9391
278300 17.0289
278400 16.907
278500 17.0732
278600 17.0961
278700 16.9686
278800 17.004
278900 17.1082
279000 17.1251
279100 17.0422
279200 16.9023
279300 16.9996
279400 17.0849
279500 17.1401
279600 17.0862
279700 17.0893
279800 17.2009
279900 17.2296
280000 17.2002
280100 17.1
280200 17.2447
280300 17.2323
280400 17.0684
280500 17.1714
280600 17.2088
280700 17.2354
280800 17.1986
280900 17.1436
281000 17.046
281100 17.1846
281200 17.1343
281300 17.1671
281400 17.084
281500 17.1389
281600 17.1977
281700 17.1129
281800 17.1398
281900 17.058
282000 16.9829
282100 17.0412
282200 17.031
282300 17.0846
282400 17.1374
282500 17.0549
282600 17.1491
282700 17.0401
282800 17.2093
282900 17.1589
283000 17.125
283100 17.2099
283200 17.0917
283300 17.0491
283400 17.1707
283500 17.0883
283600 17.1254
283700 17.2377
283800 17.2358
283900 17.1457
284000 17.046
284100 17.235
284200 17.1631
284300 17.0915
284400 17.2287
284500 17.161
284600 17.117
284700 17.0883
284800 17.135
284900 17.1255
285000 17.162
285100 17.2002
285200 17.1786
285300 17.1843
285400 17.1059
285500 17.1089
285600 17.3717
285700 17.1911
285800 17.1175
285900 17.0828
286000 17.198
286100 17.2186
286200 17.2358
286300 17.16
286400 17.0279
286500 17.0966
286600 17.1322
286700 17.0808
286800 17.2598
286900 17.1369
287000 17.1015
287100 17.1447
287200 17.3143
287300 17.2812
287400 17.1916
287500 17.1815
287600 17.1979
287700 17.2168
287800 17.1551
287900 17.1505
288000 17.223
288100 17.3078
288200 17.3138
288300 17.222
288400 17.1405
288500 17.1416
288600 17.2403
288700 17.4421
288800 17.3448
288900 17.2847
289000 17.3778
289100 17.3172
289200 17.2771
289300 17.1326
289400 17.3032
289500 17.3042
289600 17.2813
289700 17.2438
289800 17.3295
289900 17.2231
290000 17.1836
290100 17.2564
290200 17.214
290300 17.1808
290400 17.1865
290500 17.3102
290600 17.1349
290700 17.1614
290800 17.1656
290900 17.404
291000 17.2621
291100 17.307
291200 17.2818
291300 17.2593
291400 17.283
291500 17.2337
291600 17.1717
291700 17.1705
291800 17.2931
291900 17.314
292000 17.2619
292100 17.2451
292200 17.1912
292300 17.3575
292400 17.1975
292500 17.2233
292600 17.3597
292700 17.2342
292800 17.2965
292900 17.3304
293000 17.2756
293100 17.3343
293200 17.3697
293300 17.2395
293400 17.2359
293500 17.2119
293600 17.1274
293700 17.1761
293800 17.1732
293900 17.1965
294000 17.224
294100 17.2305
294200 17.302
294300 17.2814
294400 17.2943
294500 17.2794
294600 17.2213
294700 17.2798
294800 17.2419
294900 17.2303
295000 17.2622
295100 17.2425
295200 17.2105
295300 17.1797
295400 17.1339
295500 17.1774
295600 17.2149
295700 17.192
295800 17.1673
295900 17.1817
296000 17.1681
296100 17.1651
296200 17.2176
296300 17.0938
296400 17.1877
296500 17.1357
296600 17.1642
296700 17.0608
296800 17.3032
296900 17.2279
297000 17.2508
297100 17.2833
297200 17.2041
297300 17.3597
297400 17.3541
297500 17.3849
297600 17.3687
297700 17.3285
297800 17.3114
297900 17.3112
298000 17.451
298100 17.4398
298200 17.469
298300 17.3218
298400 17.3873
298500 17.4449
298600 17.429
298700 17.4022
298800 17.3608
298900 17.3284
299000 17.2808
299100 17.3781
299200 17.4407
299300 17.4089
299400 17.4428
299500 17.5227
299600 17.4068
299700 17.5673
299800 17.4524
299900 17.506
300000 17.4887
300100 17.422
300200 17.4119
300300 17.5601
300400 17.573
300500 17.5061
300600 17.5391
300700 17.461
300800 17.5133
300900 17.5005
301000 17.5885
301100 17.5488
301200 17.4273
301300 17.5181
301400 17.5927
301500 17.4644
301600 17.5047
301700 17.4652
301800 17.5752
301900 17.6156
302000 17.6876
302100 17.6175
302200 17.4475
302300 17.4653
302400 17.5481
302500 17.5338
302600 17.4603
302700 17.5849
302800 17.6916
302900 17.6812
303000 17.4956
303100 17.4638
303200 17.6248
303300 17.6138
303400 17.5574
303500 17.5885
303600 17.7041
303700 17.5618
303800 17.6275
303900 17.6354
304000 17.6226
304100 17.5081
304200 17.6239
304300 17.5995
304400 17.5836
304500 17.514
304600 17.6644
304700 17.6364
304800 17.5283
304900 17.5349
305000 17.5009
305100 17.4874
305200 17.6109
305300 17.5793
305400 17.6785
305500 17.511
305600 17.5852
305700 17.6235
305800 17.7028
305900 17.5861
306000 17.5009
306100 17.6503
306200 17.638
306300 17.5472
306400 17.6444
306500 17.6168
306600 17.5695
306700 17.6852
306800 17.5544
306900 17.491
307000 17.6087
307100 17.5952
307200 17.5858
307300 17.6171
307400 17.7123
307500 17.6888
307600 17.487
307700 17.4765
307800 17.7161
307900 17.6936
308000 17.7895
308100 17.6368
308200 17.6615
308300 17.7242
308400 17.6463
308500 17.6904
308600 17.6839
308700 17.763
308800 17.7777
308900 17.726
309000 17.5774
309100 17.6054
309200 17.6108
309300 17.6595
309400 17.653
309500 17.6093
309600 17.7072
309700 17.5768
309800 17.6436
309900 17.7245
310000 17.8511
310100 17.6134
310200 17.6335
310300 17.7546
310400 17.6498
310500 17.6838
310600 17.5829
310700 17.6697
310800 17.7662
310900 17.68
311000 17.6666
311100 17.5834
311200 17.6969
311300 17.7792
311400 17.6546
311500 17.7167
311600 17.8431
311700 17.7455
311800 17.7463
311900 17.6842
312000 17.7605
312100 17.7651
312200 17.7513
312300 17.9378
312400 17.9951
312500 17.865
312600 17.7475
312700 17.8643
312800 17.7652
312900 17.9305
313000 17.9484
313100 17.8927
313200 17.864
313300 17.994
313400 17.9253
313500 17.8914
313600 17.8993
313700 17.9474
313800 17.9264
313900 17.8288
314000 17.905
314100 17.7625
314200 17.8288
314300 17.7363
314400 17.7593
314500 17.8002
314600 17.8352
314700 17.7846
314800 17.774
314900 17.7768
315000 17.7653
315100 17.7343
315200 17.8285
315300 17.8552
315400 17.9605
315500 18.0181
315600 18.0127
315700 17.9788
315800 18.0026
315900 18.0472
316000 17.9986
316100 18.0099
316200 18.148
316300 18.1082
316400 18.0895
316500 18.0963
316600 18.1417
316700 18.0603
316800 18.0211
316900 18.1772
317000 17.982
317100 18.012
317200 18.1292
317300 18.08
317400 18.0393
317500 18.1014
317600 18.171
317700 18.1053
317800 17.9928
317900 18.0714
318000 18.1769
318100 18.1476
318200 18.1129
318300 18.1335
318400 18.1152
318500 18.1131
318600 18.1305
318700 18.0897
318800 18.1423
318900 18.0831
319000 17.9865
319100 18.0266
319200 18.084
319300 18.0946
319400 18.0583
319500 17.981
319600 18.0564
319700 18.1112
319800 18.1487
319900 18.2571
320000 18.0505
320100 18.1965
320200 18.1351
320300 18.1051
320400 18.0599
320500 18.2066
320600 18.1419
320700 18.2719
320800 18.2523
320900 18.1428
321000 18.1751
321100 18.2195
321200 18.2397
321300 18.2865
321400 18.2113
321500 18.1378
321600 18.1048
321700 18.15
321800 18.0823
321900 18.1242
322000 18.2295
322100 18.0973
322200 18.1483
322300 18.2553
322400 18.278
322500 18.292
322600 18.3253
322700 18.2266
322800 18.2038
322900 18.1828
323000 18.2166
323100 18.1594
323200 18.2622
323300 18.3822
323400 18.3294
323500 18.2422
323600 18.3468
323700 18.2319
323800 18.3892
323900 18.2601
324000 18.2422
324100 18.1931
324200 18.3307
324300 18.2398
324400 18.2689
324500 18.2442
324600 18.3649
324700 18.2862
324800 18.228
324900 18.3934
325000 18.3852
325100 18.3354
325200 18.4234
325300 18.3032
325400 18.3268
325500 18.3329
325600 18.2325
325700 18.275
325800 18.3605
325900 18.317
326000 18.3732
326100 18.3707
326200 18.3335
326300 18.24
326400 18.3102
326500 18.4214
326600 18.3995
326700 18.3374
326800 18.3999
326900 18.3614
327000 18.3453
327100 18.2595
327200 18.36
327300 18.3557
327400 18.2387
327500 18.3446
327600 18.3318
327700 18.4031
327800 18.2961
327900 18.4008
328000 18.4448
328100 18.2974
328200 18.2889
328300 18.3644
328400 18.464
328500 18.5283
328600 18.4793
328700 18.4331
328800 18.3778
328900 18.3892
329000 18.4566
329100 18.417
329200 18.4357
329300 18.3927
329400 18.3765
329500 18.4582
329600 18.465
329700 18.345
329800 18.4437
329900 18.3879
330000 18.3655
330100 18.343
330200 18.3566
330300 18.3187
330400 18.3723
330500 18.3589
330600 18.4286
330700 18.493
330800 18.3904
330900 18.5062
331000 18.4716
331100 18.6519
331200 18.4073
331300 18.5468
331400 18.5774
331500 18.4772
331600 18.5217
331700 18.5133
331800 18.4801
331900 18.3186
332000 18.5004
332100 18.4451
332200 18.4908
332300 18.4936
332400 18.5249
332500 18.5534
332600 18.3715
332700 18.4295
332800 18.4878
332900 18.4611
333000 18.482
333100 18.5754
333200 18.5141
333300 18.5177
333400 18.4832
333500 18.5553
333600 18.5515
333700 18.4934
333800 18.4246
333900 18.4668
334000 18.4491
334100 18.3665
334200 18.5008
334300 18.6317
334400 18.462
334500 18.4918
334600 18.5175
334700 18.5572
334800 18.6051
334900 18.517
335000 18.527
335100 18.456
335200 18.4196
335300 18.4478
335400 18.5105
335500 18.3848
335600 18.3848
335700 18.4604
335800 18.3197
335900 18.4259
336000 18.4197
336100 18.3987
336200 18.4938
336300 18.4953
336400 18.4726
336500 18.4402
336600 18.5273
336700 18.5273
336800 18.4505
336900 18.5058
337000 18.3891
337100 18.4404
337200 18.571
337300 18.6403
337400 18.6033
337500 18.613
337600 18.531
337700 18.5674
337800 18.5677
337900 18.5901
338000 18.6091
338100 18.7016
338200 18.6602
338300 18.6703
338400 18.459
338500 18.5989
338600 18.5684
338700 18.6123
338800 18.5336
338900 18.5094
339000 18.5822
339100 18.5854
339200 18.4932
339300 18.6176
339400 18.5393
339500 18.5728
339600 18.6067
339700 18.4688
339800 18.3437
339900 18.4416
340000 18.7174
340100 18.6311
340200 18.4969
340300 18.5711
340400 18.6273
340500 18.5609
340600 18.5246
340700 18.6929
340800 18.6964
340900 18.6435
341000 18.6504
341100 18.5995
341200 18.4823
341300 18.4418
341400 18.5721
341500 18.757
341600 18.6953
341700 18.7262
341800 18.5679
341900 18.6159
342000 18.6074
342100 18.5816
342200 18.7175
342300 18.6965
342400 18.7365
342500 18.7056
342600 18.5137
342700 18.714
342800 18.5789
342900 18.6901
343000 18.7578
343100 18.6159
343200 18.6085
343300 18.6545
343400 18.6981
343500 18.6999
343600 18.6685
343700 18.7172
343800 18.7441
343900 18.6134
344000 18.7199
344100 18.7552
344200 18.6595
344300 18.6921
344400 18.7362
344500 18.6279
344600 18.6458
344700 18.5822
344800 18.7523
344900 18.6781
345000 18.6047
345100 18.6465
345200 18.5214
345300 18.5504
345400 18.6524
345500 18.5918
345600 18.5831
345700 18.718
345800 18.7394
345900 18.7398
346000 18.7792
346100 18.7292
346200 18.6978
346300 18.6893
346400 18.6767
346500 18.7178
346600 18.6376
346700 18.6186
346800 18.6578
346900 18.6449
347000 18.6329
347100 18.5766
347200 18.7271
347300 18.596
347400 18.7378
347500 18.7646
347600 18.6916
347700 18.6982
347800 18.722
347900 18.833
348000 18.8307
348100 18.8764
348200 18.6991
348300 18.836
348400 18.6613
348500 18.6564
348600 18.6975
348700 18.7001
348800 18.6685
348900 18.7032
349000 18.7814
349100 18.6759
349200 18.8241
349300 18.6907
349400 18.6872
349500 18.6151
349600 18.6486
349700 18.7454
349800 18.7389
349900 18.6607
350000 18.8424
