# Time-averaged data for fix all_msd
# TimeStep c_msd1[4]
0 2.04939e-29
100 0.196387
200 0.295838
300 0.426915
400 0.56897
500 0.745777
600 0.929579
700 1.0886
800 1.30047
900 1.44043
1000 1.45675
1100 1.6
1200 1.7417
1300 1.85008
1400 1.93449
1500 2.05619
1600 2.22041
1700 2.27192
1800 2.35461
1900 2.51411
2000 2.60025
2100 2.70632
2200 2.76087
2300 2.88942
2400 2.93673
2500 3.0412
2600 3.0972
2700 3.18934
2800 3.28905
2900 3.37416
3000 3.50196
3100 3.42717
3200 3.56073
3300 3.66563
3400 3.76939
3500 3.82654
3600 3.86722
3700 3.94767
3800 4.01509
3900 4.10995
4000 4.0718
4100 4.15538
4200 4.29538
4300 4.30211
4400 4.37151
4500 4.39261
4600 4.45478
4700 4.52403
4800 4.57594
4900 4.68145
5000 4.75778
5100 4.74038
5200 4.81657
5300 4.86794
5400 4.86212
5500 4.83277
5600 4.92897
5700 4.95381
5800 4.9818
5900 5.06432
6000 5.11414
6100 5.15448
6200 5.2356
6300 5.31639
6400 5.35827
6500 5.40225
6600 5.524
6700 5.61075
6800 5.73067
6900 5.78271
7000 5.79108
7100 5.80646
7200 5.86699
7300 5.9121
7400 5.93173
7500 6.05095
7600 6.06169
7700 6.11263
7800 6.10868
7900 6.30036
8000 6.22828
8100 6.26211
8200 6.31633
8300 6.36235
8400 6.36686
8500 6.42356
8600 6.4763
8700 6.52458
8800 6.51232
8900 6.65201
9000 6.63117
9100 6.54924
9200 6.66116
9300 6.64543
9400 6.7095
9500 6.71068
9600 6.76449
9700 6.8419
9800 6.88543
9900 7.03321
10000 6.99418
10100 6.92756
10200 7.02911
10300 7.07273
10400 7.15564
10500 7.21119
10600 7.15153
10700 7.25814
10800 7.21972
10900 7.35709
11000 7.34267
11100 7.38938
11200 7.43149
11300 7.46122
11400 7.46984
11500 7.44268
11600 7.4998
11700 7.50582
11800 7.56201
11900 7.64149
12000 7.72127
12100 7.68296
12200 7.6019
12300 7.8054
12400 7.82111
12500 7.8518
12600 7.89019
12700 7.94351
12800 7.96646
12900 7.94852
13000 8.04465
13100 7.89228
13200 8.10841
13300 8.20456
13400 8.20776
13500 8.28256
13600 8.37709
13700 8.3399
13800 8.36499
13900 8.34581
14000 8.34687
14100 8.41881
14200 8.46103
14300 8.3534
14400 8.50221
14500 8.58437
14600 8.53448
14700 8.4838
14800 8.59174
14900 8.50423
15000 8.57627
15100 8.5728
15200 8.49938
15300 8.54128
15400 8.56974
15500 8.61402
15600 8.64613
15700 8.6189
15800 8.53891
15900 8.60156
16000 8.61635
16100 8.63567
16200 8.67422
16300 8.73216
16400 8.91555
16500 8.87637
16600 8.92611
16700 8.88877
16800 9.10179
16900 8.97386
17000 9.09787
17100 9.07667
17200 9.12344
17300 9.19471
17400 9.12684
17500 9.09867
17600 9.30659
17700 9.10839
17800 9.20297
17900 9.16735
18000 9.3027
18100 9.25134
18200 9.28047
18300 9.22393
18400 9.30227
18500 9.37678
18600 9.32021
18700 9.54512
18800 9.47068
18900 9.57237
19000 9.58685
19100 9.47478
19200 9.45617
19300 9.59497
19400 9.63662
19500 9.79044
19600 9.74114
19700 9.66511
19800 9.71558
19900 9.65845
20000 9.66251
20100 9.76007
20200 9.92039
20300 9.84874
20400 9.82683
20500 9.88293
20600 9.75676
20700 9.99191
20800 9.8266
20900 10.0015
21000 9.88582
21100 10.0349
21200 10.0265
21300 10.0464
21400 9.98769
21500 9.93776
21600 10.004
21700 10.0856
21800 10.0824
21900 10.1791
22000 10.1579
22100 10.3023
22200 10.2669
22300 10.3885
22400 10.4782
22500 10.395
22600 10.3076
22700 10.4761
22800 10.5433
22900 10.4861
23000 10.3986
23100 10.395
23200 10.3485
23300 10.3434
23400 10.4703
23500 10.5207
23600 10.606
23700 10.6473
23800 10.6622
23900 10.6189
24000 10.6104
24100 10.5412
24200 10.7155
24300 10.6342
24400 10.7109
24500 10.7056
24600 10.6698
24700 10.6712
24800 10.9826
24900 10.9107
25000 10.8002
25100 11.0146
25200 11.0381
25300 11.0006
25400 10.9486
25500 10.9758
25600 10.956
25700 10.9361
25800 10.9389
25900 10.9099
26000 10.9707
26100 10.9471
26200 10.9468
26300 10.9791
26400 10.9683
26500 10.9873
26600 10.9373
26700 11.0401
26800 11.0895
26900 11.0566
27000 11.1643
27100 11.3081
27200 11.3807
27300 11.379
27400 11.452
27500 11.3337
27600 11.287
27700 11.3434
27800 11.3313
27900 11.3544
28000 11.3303
28100 11.4399
28200 11.2948
28300 11.3832
28400 11.3065
28500 11.3101
28600 11.2167
28700 11.3113
28800 11.3204
28900 11.4784
29000 11.3639
29100 11.4439
29200 11.3562
29300 11.4304
29400 11.3806
29500 11.3856
29600 11.3704
29700 11.4068
29800 11.5317
29900 11.4427
30000 11.5479
30100 11.6329
30200 11.6204
30300 11.8107
30400 11.8384
30500 11.7915
30600 11.6931
30700 11.6598
30800 11.789
30900 11.8388
31000 11.7164
31100 11.8755
31200 11.8812
31300 11.8357
31400 11.6326
31500 11.8541
31600 11.8919
31700 11.8062
31800 11.8003
31900 11.8903
32000 11.9657
32100 11.8446
32200 11.9055
32300 11.9543
32400 11.9627
32500 11.814
32600 11.9645
32700 12.0141
32800 11.9588
32900 11.9831
33000 12.0333
33100 12.0312
33200 12.068
33300 12.1339
33400 12.2222
33500 12.2484
33600 12.1971
33700 12.2503
33800 12.2388
33900 12.1956
34000 12.2007
34100 12.2853
34200 12.2951
34300 12.2114
34400 12.3317
34500 12.4567
34600 12.4338
34700 12.2708
34800 12.3903
34900 12.3915
35000 12.4011
35100 12.4454
35200 12.3518
35300 12.5931
35400 12.5624
35500 12.6323
35600 12.6143
35700 12.6448
35800 12.7128
35900 12.5504
36000 12.5704
36100 12.5056
36200 12.5665
36300 12.5421
36400 12.6809
36500 12.7274
36600 12.82
36700 12.8948
36800 12.9665
36900 12.7795
37000 12.8337
37100 12.8027
37200 12.8581
37300 12.8627
37400 12.9423
37500 12.926
37600 12.9695
37700 12.9994
37800 12.9024
37900 12.992
38000 12.8631
38100 12.8564
38200 12.9856
38300 13.0617
38400 13.0265
38500 12.8881
38600 13.0953
38700 13.0389
38800 12.9429
38900 13.0359
39000 13.0651
39100 13.2105
39200 13.2711
39300 13.2793
39400 13.2961
39500 13.3874
39600 13.5145
39700 13.4228
39800 13.4789
39900 13.5843
40000 13.7249
40100 13.7263
40200 13.75
40300 13.8135
40400 13.7748
40500 13.6776
40600 13.7116
40700 13.8164
40800 13.7147
40900 13.7202
41000 13.7314
41100 13.7828
41200 13.8312
41300 13.7889
41400 13.9097
41500 13.8474
41600 13.8861
41700 13.819
41800 13.8987
41900 13.9117
42000 13.9277
42100 14.0445
42200 14.0402
42300 14.0659
42400 14.0841
42500 14.2503
42600 14.2942
42700 14.2832
42800 14.3674
42900 14.3402
43000 14.3607
43100 14.3868
43200 14.4111
43300 14.4312
43400 14.3184
43500 14.3655
43600 14.4418
43700 14.5441
43800 14.6215
43900 14.6238
44000 14.593
44100 14.7078
44200 14.6625
44300 14.761
44400 14.7649
44500 14.8174
44600 14.8584
44700 14.8435
44800 14.8326
44900 14.9848
45000 14.9899
45100 14.8737
45200 15.0458
45300 14.8825
45400 14.9598
45500 14.881
45600 14.9258
45700 14.8593
45800 14.773
45900 15.0688
46000 15.1369
46100 14.9467
46200 15.0091
46300 14.968
46400 15.1148
46500 15.1897
46600 15.128
46700 15.2658
46800 15.1448
46900 15.2484
47000 15.1826
47100 15.2217
47200 15.2958
47300 15.2969
47400 15.3618
47500 15.3717
47600 15.3832
47700 15.2794
47800 15.3767
47900 15.4343
48000 15.5786
48100 15.3972
48200 15.3394
48300 15.4771
48400 15.5071
48500 15.4536
48600 15.6098
48700 15.4053
48800 15.4586
48900 15.5532
49000 15.5026
49100 15.6273
49200 15.5298
49300 15.663
49400 15.6731
49500 15.8252
49600 15.8306
49700 15.8173
49800 15.8181
49900 15.7605
50000 15.736
50100 15.8127
50200 15.7979
50300 15.7981
50400 15.8113
50500 15.6239
50600 15.614
50700 15.6877
50800 15.6976
50900 15.8576
51000 15.824
51100 15.797
51200 15.8106
51300 15.7806
51400 15.9613
51500 15.8644
51600 15.9091
51700 15.956
51800 15.9957
51900 16.0348
52000 16.0878
52100 15.9861
52200 16.0165
52300 16.1347
52400 16.2852
52500 16.2201
52600 16.2608
52700 16.2871
52800 16.2867
52900 16.3108
53000 16.4686
53100 16.5016
53200 16.6156
53300 16.4453
53400 16.4416
53500 16.5604
53600 16.6
53700 16.5994
53800 16.6022
53900 16.788
54000 16.7829
54100 16.7977
54200 16.7833
54300 16.7477
54400 16.7808
54500 16.794
54600 16.8904
54700 16.8308
54800 17.0069
54900 17.0899
55000 17.0486
55100 16.9748
55200 16.9777
55300 17.0468
55400 17.1289
55500 17.1658
55600 17.2121
55700 17.293
55800 17.308
55900 17.2622
56000 17.3403
56100 17.3538
56200 17.2252
56300 17.5654
56400 17.4801
56500 17.4691
56600 17.5753
56700 17.5586
56800 17.5036
56900 17.5454
57000 17.4635
57100 17.4814
57200 17.5523
57300 17.5986
57400 17.4117
57500 17.3508
57600 17.4768
57700 17.4069
57800 17.5324
57900 17.4566
58000 17.4893
58100 17.4453
58200 17.5095
58300 17.6516
58400 17.6231
58500 17.6094
58600 17.5806
58700 17.5302
58800 17.5697
58900 17.4787
59000 17.4786
59100 17.6046
59200 17.5591
59300 17.5831
59400 17.6377
59500 17.692
59600 17.6024
59700 17.742
59800 17.7025
59900 17.7886
60000 17.8688
60100 17.8282
60200 17.754
60300 17.6434
60400 17.8324
60500 17.7938
60600 17.9128
60700 17.966
60800 18.0886
60900 18.1026
61000 18.1566
61100 18.1764
61200 18.0557
61300 18.0786
61400 18.0011
61500 17.9762
61600 18.1996
61700 18.0922
61800 18.204
61900 18.1408
62000 18.1594
62100 18.1364
62200 18.2699
62300 18.1835
62400 18.2785
62500 18.2548
62600 18.3412
62700 18.302
62800 18.367
62900 18.3086
63000 18.3487
63100 18.2219
63200 18.3108
63300 18.3426
63400 18.2757
63500 18.2166
63600 18.1603
63700 18.2327
63800 18.3095
63900 18.3427
64000 18.3427
64100 18.3812
64200 18.2957
64300 18.3073
64400 18.246
64500 18.3488
64600 18.2645
64700 18.3805
64800 18.3543
64900 18.3336
65000 18.1774
65100 18.375
65200 18.3651
65300 18.363
65400 18.2552
65500 18.3815
65600 18.3995
65700 18.5263
65800 18.4494
65900 18.3586
66000 18.4029
66100 18.2658
66200 18.3815
66300 18.4115
66400 18.4555
66500 18.544
66600 18.3973
66700 18.355
66800 18.4554
66900 18.4296
67000 18.4371
67100 18.3568
67200 18.4954
67300 18.5525
67400 18.5535
67500 18.7082
67600 18.6582
67700 18.5907
67800 18.6147
67900 18.6949
68000 18.7638
68100 18.6142
68200 18.7436
68300 18.7476
68400 18.5838
68500 18.6769
68600 18.6693
68700 18.6794
68800 18.6716
68900 18.5973
69000 18.5685
69100 18.7842
69200 18.767
69300 18.7514
69400 18.7885
69500 18.9071
69600 18.9102
69700 18.9675
69800 19.0412
69900 18.9713
70000 19.0245
70100 18.97
70200 19.071
70300 19.0902
70400 19.1608
70500 19.0386
70600 19.0406
70700 19.286
70800 19.1659
70900 19.2888
71000 19.4725
71100 19.3818
71200 19.4922
71300 19.3816
71400 19.3732
71500 19.3728
71600 19.3692
71700 19.3025
71800 19.3294
71900 19.2257
72000 19.3171
72100 19.5399
72200 19.4676
72300 19.5234
72400 19.4644
72500 19.4114
72600 19.6013
72700 19.5132
72800 19.591
72900 19.4568
73000 19.6901
73100 19.6055
73200 19.6166
73300 19.3976
73400 19.6842
73500 19.747
73600 19.7412
73700 19.522
73800 19.6611
73900 19.7388
74000 19.8709
74100 19.8226
74200 19.9072
74300 19.7559
74400 19.8063
74500 19.8373
74600 19.908
74700 19.7295
74800 19.9261
74900 19.8096
75000 19.7862
75100 20.0742
75200 20.0154
75300 20.1604
75400 19.9565
75500 20.1287
75600 20.0763
75700 20.1812
75800 20.0956
75900 20.0641
76000 20.0853
76100 20.1135
76200 20.0893
76300 20.1792
76400 20.1717
76500 20.1939
76600 20.1142
76700 20.1571
76800 20.0136
76900 20.0497
77000 20.0446
77100 20.1732
77200 20.2015
77300 20.2004
77400 20.188
77500 20.248
77600 20.2219
77700 20.1496
77800 20.1972
77900 20.2392
78000 20.2767
78100 20.2293
78200 20.1927
78300 20.2493
78400 20.3245
78500 20.3536
78600 20.325
78700 20.3809
78800 20.4658
78900 20.4603
79000 20.5183
79100 20.4838
79200 20.5479
79300 20.5713
79400 20.4936
79500 20.6641
79600 20.6346
79700 20.6655
79800 20.5262
79900 20.5203
80000 20.6038
80100 20.6132
80200 20.7372
80300 20.7143
80400 20.836
80500 20.5667
80600 20.7404
80700 20.8614
80800 20.8553
80900 20.8678
81000 20.8326
81100 20.8627
81200 20.8374
81300 20.8232
81400 20.8975
81500 20.8006
81600 20.6694
81700 20.6472
81800 20.8898
81900 20.9405
82000 20.856
82100 20.7332
82200 20.8604
82300 20.8214
82400 20.8272
82500 20.7013
82600 20.8322
82700 20.7363
82800 20.7863
82900 20.8432
83000 20.873
83100 20.7769
83200 20.9886
83300 20.9232
83400 21.0651
83500 21.0907
83600 21.0601
83700 21.1401
83800 21.0612
83900 21.0663
84000 21.1313
84100 21.2402
84200 21.2374
84300 21.0937
84400 21.0996
84500 21.32
84600 21.2764
84700 21.3454
84800 21.3328
84900 21.3278
85000 21.255
85100 21.2281
85200 21.3091
85300 21.3427
85400 21.5253
85500 21.4359
85600 21.5392
85700 21.5127
85800 21.3966
85900 21.5139
86000 21.453
86100 21.5496
86200 21.458
86300 21.589
86400 21.7351
86500 21.5576
86600 21.6372
86700 21.7644
86800 21.6393
86900 21.7307
87000 21.9037
87100 21.7433
87200 21.6131
87300 21.6681
87400 21.7973
87500 21.9155
87600 21.7867
87700 21.8401
87800 21.8098
87900 21.9869
88000 21.8377
88100 21.9071
88200 21.9474
88300 21.874
88400 21.8363
88500 21.8748
88600 22.0718
88700 22.0083
88800 22.0173
88900 22.1144
89000 22.1459
89100 22.3047
89200 22.2016
89300 22.1763
89400 22.187
89500 22.2002
89600 22.1078
89700 22.2034
89800 22.1775
89900 22.2141
90000 22.2308
90100 22.1412
90200 22.3118
90300 22.3853
90400 22.2487
90500 22.3924
90600 22.4092
90700 22.5594
90800 22.3809
90900 22.4382
91000 22.325
91100 22.2786
91200 22.4354
91300 22.2516
91400 22.3403
91500 22.5076
91600 22.4185
91700 22.4401
91800 22.7153
91900 22.6472
92000 22.5469
92100 22.3951
92200 22.5963
92300 22.8262
92400 22.8934
92500 22.8578
92600 22.8666
92700 22.9728
92800 22.8166
92900 22.8442
93000 23.1044
93100 22.9612
93200 23.129
93300 23.2924
93400 23.211
93500 23.1379
93600 23.0256
93700 23.0497
93800 23.2784
93900 23.1945
94000 22.9908
94100 23.1418
94200 23.2556
94300 23.3598
94400 23.2733
94500 23.4238
94600 23.4266
94700 23.3557
94800 23.4872
94900 23.3029
95000 23.258
95100 23.2906
95200 23.4075
95300 23.4107
95400 23.2995
95500 23.2822
95600 23.3369
95700 23.4794
95800 23.463
95900 23.623
96000 23.634
96100 23.4397
96200 23.4757
96300 23.2555
96400 23.4943
96500 23.4972
96600 23.3642
96700 23.4454
96800 23.6692
96900 23.6427
97000 23.5233
97100 23.6361
97200 23.7367
97300 23.8365
97400 23.7836
97500 23.819
97600 23.8797
97700 23.7828
97800 23.6107
97900 23.8182
98000 23.9533
98100 23.9046
98200 23.8904
98300 23.8828
98400 24.0038
98500 24.0602
98600 24.0242
98700 24.0584
98800 24.1997
98900 24.3051
99000 24.1037
99100 24.0532
99200 24.0888
99300 24.3536
99400 24.1856
99500 24.1123
99600 24.2719
99700 24.2725
99800 24.2176
99900 24.1356
100000 24.2116
100100 24.2314
100200 24.2463
100300 24.1969
100400 24.2248
100500 24.1423
100600 24.2324
100700 24.1198
100800 24.2869
100900 24.3684
101000 24.0761
101100 24.1781
101200 24.1566
101300 24.0579
101400 24.2278
101500 24.264
101600 24.3433
101700 24.4597
101800 24.4337
101900 24.4499
102000 24.4685
102100 24.4453
102200 24.4369
102300 24.5243
102400 24.7017
102500 24.7414
102600 24.6247
102700 24.6168
102800 24.5161
102900 24.8034
103000 24.8036
103100 24.8222
103200 24.9028
103300 24.7825
103400 24.5909
103500 24.8907
103600 24.8638
103700 24.8125
103800 24.7289
103900 24.7683
104000 24.8194
104100 24.9847
104200 24.9057
104300 24.8067
104400 25.0199
104500 24.976
104600 24.9887
104700 25.0992
104800 25.1509
104900 25.1121
105000 25.1263
105100 25.2588
105200 24.9374
105300 24.9601
105400 25.1995
105500 25.1998
105600 25.1239
105700 25.106
105800 25.2289
105900 25.393
106000 25.1357
106100 25.3051
106200 25.1422
106300 25.3014
106400 25.367
106500 25.3972
106600 25.1821
106700 25.2092
106800 25.3194
106900 25.4519
107000 25.2572
107100 25.1902
107200 25.4239
107300 25.4435
107400 25.2917
107500 25.3985
107600 25.4732
107700 25.476
107800 25.357
107900 25.543
108000 25.6352
108100 25.4864
108200 25.6452
108300 25.5628
108400 25.5096
108500 25.5288
108600 25.5705
108700 25.7202
108800 25.7332
108900 25.6122
109000 25.8818
109100 25.9756
109200 25.9593
109300 25.847
109400 25.889
109500 25.8657
109600 26.0141
109700 25.9786
109800 26.1155
109900 26.0925
110000 26.0465
110100 26.1151
110200 25.9981
110300 25.9397
110400 26.2041
110500 26.1399
110600 26.2194
110700 26.2267
110800 26.0177
110900 26.0643
111000 25.9309
111100 26.1712
111200 26.0368
111300 25.871
111400 25.9093
111500 25.7931
111600 25.9321
111700 25.9955
111800 26.0987
111900 26.1402
112000 26.0936
112100 25.9536
112200 25.9379
112300 25.9644
112400 25.969
112500 26.0254
112600 26.1341
112700 26.0082
112800 26.1705
112900 26.1084
113000 25.9006
113100 26.1999
113200 26.2201
113300 26.1273
113400 26.1499
113500 26.0668
113600 26.0656
113700 26.305
113800 26.4387
113900 26.44
114000 26.3089
114100 26.2765
114200 26.3285
114300 26.2699
114400 26.3044
114500 26.3138
114600 26.221
114700 26.3051
114800 26.3705
114900 26.2413
115000 26.3917
115100 26.3728
115200 26.3282
115300 26.3526
115400 26.4475
115500 26.4489
115600 26.4213
115700 26.6297
115800 26.7409
115900 26.7164
116000 26.4617
116100 26.5748
116200 26.5957
116300 26.548
116400 26.5938
116500 26.7822
116600 26.7932
116700 26.7197
116800 26.8701
116900 26.9367
117000 27.0278
117100 27.0263
117200 26.7756
117300 26.8026
117400 26.8548
117500 26.9834
117600 26.9706
117700 27.0352
117800 27.1496
117900 27.126
118000 27.1096
118100 27.0871
118200 27.0568
118300 26.9838
118400 26.8737
118500 26.9732
118600 26.9288
118700 27.1209
118800 27.1957
118900 27.2669
119000 27.2474
119100 27.0516
119200 27.2493
119300 27.2206
119400 27.2079
119500 27.0301
119600 27.2269
119700 27.1784
119800 27.3042
119900 27.2427
120000 27.1888
120100 27.0817
120200 27.2215
120300 27.1774
120400 27.2485
120500 27.2472
120600 27.3134
120700 27.3735
120800 27.4334
120900 27.2677
121000 27.1094
121100 27.1968
121200 27.2956
121300 27.2276
121400 27.2179
121500 27.1992
121600 27.1768
121700 27.4167
121800 27.2275
121900 27.4588
122000 27.1968
122100 27.4541
122200 27.4283
122300 27.4872
122400 27.6472
122500 27.6871
122600 27.6832
122700 27.5163
122800 27.6957
122900 27.6882
123000 27.7411
123100 27.7887
123200 27.7613
123300 27.5811
123400 27.6731
123500 27.7364
123600 27.7259
123700 27.8214
123800 27.8305
123900 27.8136
124000 27.834
124100 27.843
124200 27.7238
124300 27.7426
124400 27.7927
124500 27.7731
124600 27.7594
124700 27.8455
124800 27.8334
124900 27.9451
125000 27.8789
125100 28.021
125200 28.0921
125300 27.9855
125400 27.9701
125500 27.8919
125600 27.9866
125700 28.0015
125800 28.1815
125900 28.2533
126000 28.3017
126100 28.3364
126200 28.2595
126300 28.1306
126400 28.028
126500 28.2489
126600 28.2954
126700 28.2736
126800 28.2198
126900 28.4304
127000 28.5051
127100 28.3768
127200 28.3797
127300 28.3322
127400 28.4913
127500 28.3692
127600 28.2123
127700 28.4291
127800 28.4298
127900 28.5474
128000 28.451
128100 28.3497
128200 28.6618
128300 28.5385
128400 28.5749
128500 28.4565
128600 28.6395
128700 28.6543
128800 28.6547
128900 28.7573
129000 28.7281
129100 28.595
129200 28.7891
129300 28.834
129400 28.7907
129500 28.6012
129600 28.6102
129700 28.5887
129800 28.8588
129900 28.9523
130000 28.8157
130100 28.9187
130200 28.8499
130300 28.6312
130400 28.6835
130500 28.7205
130600 28.7675
130700 28.88
130800 28.8101
130900 28.8471
131000 28.8714
131100 29.0402
131200 28.7125
131300 28.71
131400 28.6315
131500 28.6891
131600 28.6606
131700 28.6738
131800 28.8692
131900 29.1203
132000 29.0013
132100 28.8617
132200 29.0441
132300 28.8988
132400 28.9309
132500 28.9385
132600 28.9551
132700 29.1498
132800 28.9293
132900 28.883
133000 28.9856
133100 28.9637
133200 28.8403
133300 29.023
133400 29.0929
133500 29.0686
133600 29.2043
133700 29.12
133800 29.0985
133900 29.2049
134000 28.9675
134100 29.1261
134200 28.9468
134300 29.0434
134400 29.0344
134500 28.9521
134600 29.1639
134700 29.0887
134800 29.3629
134900 29.3568
135000 29.3899
135100 29.4491
135200 29.3583
135300 29.3784
135400 29.6203
135500 29.6184
135600 29.5653
135700 29.6337
135800 29.6655
135900 29.8574
136000 29.7729
136100 29.6987
136200 29.6109
136300 29.7879
136400 29.7916
136500 29.8498
136600 29.9431
136700 30.0889
136800 29.9955
136900 30.0298
137000 30.0312
137100 30.0934
137200 30.1115
137300 30.0769
137400 30.0548
137500 30.1397
137600 30.0408
137700 29.958
137800 30.085
137900 30.1342
138000 30.002
138100 30.0241
138200 30.1457
138300 30.1752
138400 30.1901
138500 30.1282
138600 30.0438
138700 30.1497
138800 30.4317
138900 30.3766
139000 30.27
139100 30.5247
139200 30.2249
139300 30.1567
139400 30.1632
139500 30.3845
139600 30.4172
139700 30.4829
139800 30.2026
139900 30.2708
140000 30.1776
140100 30.3244
140200 30.2332
140300 30.3109
140400 30.4676
140500 30.4062
140600 30.3208
140700 30.417
140800 30.317
140900 30.21
141000 30.2285
141100 30.2469
141200 30.269
141300 30.2509
141400 30.3336
141500 30.4546
141600 30.5353
141700 30.5906
141800 30.6701
141900 30.4787
142000 30.417
142100 30.525
142200 30.2381
142300 30.2811
142400 30.4705
142500 30.4172
142600 30.255
142700 30.33
142800 30.4788
142900 30.5488
143000 30.3996
143100 30.1997
143200 30.5106
143300 30.6945
143400 30.5878
143500 30.5805
143600 30.6502
143700 30.5623
143800 30.6862
143900 30.7489
144000 30.6877
144100 30.6544
144200 30.6765
144300 30.8611
144400 30.6852
144500 30.6943
144600 30.729
144700 30.8541
144800 30.6314
144900 30.7725
145000 30.6795
145100 30.7565
145200 30.9221
145300 30.8986
145400 30.7189
145500 30.7828
145600 30.8205
145700 30.8399
145800 30.8387
145900 30.9256
146000 31.0028
146100 31.1351
146200 30.996
146300 31.0566
146400 30.8824
146500 31.0829
146600 31.1741
146700 31.1655
146800 31.2554
146900 31.2722
147000 30.9967
147100 31.203
147200 31.2653
147300 31.0402
147400 31.0005
147500 30.9985
147600 31.0217
147700 30.9707
147800 30.9178
147900 31.1451
148000 31.2542
148100 31.1183
148200 31.1901
148300 31.1622
148400 31.2212
148500 31.3902
148600 31.2713
148700 31.163
148800 31.1528
148900 31.4733
149000 31.4348
149100 31.3689
149200 31.2156
149300 31.1599
149400 31.4971
149500 31.4704
149600 31.3942
149700 31.5753
149800 31.4455
149900 31.4774
150000 31.4762
150100 31.7111
150200 31.6621
150300 31.553
150400 31.748
150500 31.7519
150600 31.6683
150700 31.6265
150800 31.5227
150900 31.6636
151000 31.5868
151100 31.6412
151200 31.7152
151300 31.6259
151400 31.7573
151500 31.6539
151600 31.8545
151700 31.7989
151800 31.7116
151900 31.6671
152000 31.8664
152100 31.8487
152200 31.7921
152300 31.7126
152400 31.6533
152500 31.6968
152600 31.6169
152700 31.7735
152800 31.7934
152900 31.8136
153000 31.8451
153100 31.8478
153200 31.7365
153300 31.6632
153400 31.9152
153500 31.675
153600 32.0071
153700 31.8744
153800 31.8585
153900 31.7746
154000 31.8994
154100 31.9869
154200 31.9944
154300 31.9363
154400 32.1174
154500 31.9413
154600 31.9312
154700 31.8277
154800 32.0887
154900 32.0792
155000 31.9791
155100 32.001
155200 32.0938
155300 31.9731
155400 32.0439
155500 31.8448
155600 31.7785
155700 32.1371
155800 31.9875
155900 31.9613
156000 32.06
156100 31.9021
156200 31.9969
156300 31.8552
156400 31.9644
156500 32.0624
156600 31.9365
156700 31.8572
156800 31.9949
156900 32.1583
157000 31.945
157100 31.9314
157200 32.0763
157300 32.1182
157400 32.1574
157500 32.0972
157600 32.0106
157700 31.9855
157800 31.9466
157900 31.8396
158000 31.9533
158100 31.8281
158200 31.9162
158300 32.1256
158400 32.1797
158500 32.0979
158600 32.1307
158700 31.9778
158800 32.0616
158900 32.0753
159000 32.0822
159100 31.8644
159200 32.1698
159300 32.1687
159400 32.2986
159500 32.0414
159600 32.2128
159700 32.2075
159800 32.1101
159900 32.1162
160000 32.0714
160100 32.3793
160200 32.3049
160300 32.228
160400 32.1747
160500 32.322
160600 32.4913
160700 32.2392
160800 32.1171
160900 32.2978
161000 32.3607
161100 32.4952
161200 32.2772
161300 32.3679
161400 32.2088
161500 32.1107
161600 32.3363
161700 32.2603
161800 32.4403
161900 32.4513
162000 32.5403
162100 32.636
162200 32.5575
162300 32.4935
162400 32.4895
162500 32.8067
162600 32.6883
162700 32.5699
162800 32.6996
162900 32.8929
163000 32.5185
163100 32.7576
163200 32.6466
163300 32.6405
163400 32.7501
163500 32.6797
163600 32.5434
163700 32.6458
163800 32.5527
163900 32.704
164000 32.7438
164100 32.9062
164200 32.8651
164300 32.5017
164400 32.6186
164500 32.9165
164600 32.733
164700 32.7231
164800 32.6058
164900 32.504
165000 32.5818
165100 32.6256
165200 32.6161
165300 32.6263
165400 32.5255
165500 32.5995
165600 32.9539
165700 33.158
165800 32.8967
165900 32.8695
166000 32.8357
166100 32.8281
166200 33.0707
166300 32.9086
166400 32.986
166500 32.9893
166600 32.7717
166700 32.9387
166800 32.8472
166900 33.0685
167000 32.9907
167100 32.9294
167200 32.9357
167300 32.8838
167400 33.0077
167500 33.0091
167600 32.9573
167700 33.0483
167800 33.17
167900 33.1547
168000 33.0476
168100 33.2768
168200 33.0929
168300 33.4111
168400 33.3757
168500 33.1672
168600 33.3663
168700 33.3395
168800 33.1892
168900 33.0501
169000 33.2047
169100 33.0959
169200 33.1541
169300 33.2737
169400 33.2871
169500 33.2761
169600 33.3241
169700 33.1539
169800 33.4491
169900 33.3879
170000 33.4436
170100 33.4128
170200 33.4308
170300 33.746
170400 33.529
170500 33.3382
170600 33.3775
170700 33.2161
170800 33.501
170900 33.4161
171000 33.5378
171100 33.4901
171200 33.5508
171300 33.491
171400 33.4976
171500 33.5145
171600 33.3105
171700 33.4684
171800 33.5478
171900 33.3807
172000 33.4059
172100 33.47
172200 33.3302
172300 33.2441
172400 33.6779
172500 33.6224
172600 33.4932
172700 33.4297
172800 33.4609
172900 33.695
173000 33.7241
173100 33.7791
173200 33.5933
173300 33.6093
173400 33.5482
173500 33.6019
173600 33.7258
173700 33.6739
173800 33.6108
173900 33.6837
174000 33.7605
174100 33.8138
174200 33.5049
174300 33.6914
174400 33.8466
174500 33.9008
174600 33.6522
174700 33.7618
174800 33.8264
174900 33.9153
175000 33.9477
175100 33.9117
175200 33.6826
175300 33.8502
175400 33.956
175500 34.1881
175600 34.0885
175700 33.9986
175800 34.1446
175900 34.3478
176000 34.0302
176100 34.0654
176200 34.1984
176300 34.0298
176400 34.0479
176500 33.8232
176600 34.0735
176700 33.9751
176800 33.9205
176900 34.1209
177000 34.1107
177100 34.3351
177200 34.4551
177300 34.3446
177400 34.2002
177500 34.2167
177600 34.0979
177700 34.1111
177800 34.305
177900 34.2168
178000 34.2646
178100 34.1183
178200 34.142
178300 33.9842
178400 34.2588
178500 34.2401
178600 34.28
178700 34.5272
178800 34.2985
178900 34.3706
179000 34.4332
179100 34.5622
179200 34.633
179300 34.7737
179400 34.554
179500 34.6461
179600 34.578
179700 34.5916
179800 34.4676
179900 34.4857
180000 34.4298
180100 34.429
180200 34.4204
180300 34.5788
180400 34.6455
180500 34.5687
180600 34.5341
180700 34.752
180800 34.8153
180900 34.8219
181000 34.8399
181100 34.6555
181200 34.8105
181300 34.7371
181400 34.8477
181500 34.9509
181600 35.0401
181700 35.0647
181800 35.1702
181900 34.9836
182000 34.9995
182100 35.057
182200 34.9705
182300 35.018
182400 35.1705
182500 35.155
182600 35.0237
182700 35.0948
182800 35.0407
182900 35.2005
183000 35.1422
183100 35.4157
183200 35.2768
183300 35.1806
183400 35.333
183500 35.192
183600 35.1474
183700 35.2673
183800 35.1497
183900 35.155
184000 35.1515
184100 35.2404
184200 35.0772
184300 35.0432
184400 35.092
184500 35.2883
184600 35.108
184700 35.2991
184800 35.2462
184900 35.3302
185000 35.1907
185100 35.372
185200 35.1655
185300 35.2208
185400 35.2937
185500 35.3747
185600 35.4844
185700 35.3049
185800 35.5874
185900 35.5347
186000 35.3854
186100 35.4417
186200 35.5454
186300 35.4901
186400 35.3086
186500 35.3572
186600 35.5496
186700 35.2978
186800 35.3968
186900 35.6091
187000 35.5473
187100 35.6887
187200 35.9329
187300 35.6868
187400 35.715
187500 35.6871
187600 35.6911
187700 35.4606
187800 35.4788
187900 35.7514
188000 35.8836
188100 35.8976
188200 35.7217
188300 35.9089
188400 35.7573
188500 35.8963
188600 35.8298
188700 35.758
188800 35.8809
188900 35.6932
189000 35.8142
189100 35.94
189200 36.0323
189300 35.9628
189400 36.1166
189500 36.0528
189600 36.0878
189700 35.8364
189800 35.7942
189900 35.95
190000 35.8796
190100 35.844
190200 36.0598
190300 36.0866
190400 36.1914
190500 36.3872
190600 36.2253
190700 36.2709
190800 36.3837
190900 36.1748
191000 36.203
191100 36.1534
191200 36.2326
191300 36.3143
191400 36.1767
191500 36.3169
191600 36.4751
191700 36.4222
191800 36.546
191900 36.473
192000 36.6214
192100 36.723
192200 36.6122
192300 36.5528
192400 36.6273
192500 36.3766
192600 36.4494
192700 36.4177
192800 36.3865
192900 36.4456
193000 36.5758
193100 36.4317
193200 36.5718
193300 36.5169
193400 36.5041
193500 36.7563
193600 36.2467
193700 36.3131
193800 36.544
193900 36.7313
194000 36.5999
194100 36.436
194200 36.6731
194300 36.6259
194400 36.6544
194500 36.8947
194600 36.5915
194700 36.4213
194800 36.4843
194900 36.7149
195000 36.5256
195100 36.5954
195200 36.4532
195300 36.476
195400 36.4107
195500 36.4009
195600 36.4209
195700 36.3464
195800 36.5018
195900 36.5814
196000 36.4168
196100 36.5113
196200 36.3424
196300 36.4363
196400 36.4538
196500 36.4267
196600 36.6328
196700 36.6041
196800 36.582
196900 36.5905
197000 36.5208
197100 36.6912
197200 36.8236
197300 36.7511
197400 36.7752
197500 36.5149
197600 36.5091
197700 36.5761
197800 36.6699
197900 36.8373
198000 36.5753
198100 36.7569
198200 36.5056
198300 36.5336
198400 36.5839
198500 36.4828
198600 36.5582
198700 36.7324
198800 36.7565
198900 36.5801
199000 36.6852
199100 36.7176
199200 36.7778
199300 36.632
199400 36.6821
199500 36.6958
199600 36.7301
199700 36.7625
199800 36.8923
199900 37.0508
200000 37.1719
200100 37.0243
200200 36.9505
200300 37.1318
200400 37.1555
200500 37.0844
200600 37.1038
200700 37.079
200800 37.2073
200900 37.0846
201000 37.111
201100 37.3104
201200 37.3604
201300 37.2856
201400 37.1629
201500 37.2537
201600 37.2566
201700 36.9968
201800 37.3709
201900 37.2582
202000 37.251
202100 37.2913
202200 37.1654
202300 37.2053
202400 37.2854
202500 37.2934
202600 37.0701
202700 37.2202
202800 37.4416
202900 37.3811
203000 37.525
203100 37.573
203200 37.523
203300 37.4847
203400 37.4267
203500 37.5646
203600 37.6645
203700 37.498
203800 37.8089
203900 37.9309
204000 37.8265
204100 37.7558
204200 37.8057
204300 37.8701
204400 37.6535
204500 37.9628
204600 37.8439
204700 37.6498
204800 37.8312
204900 37.6982
205000 37.6808
205100 37.5544
205200 37.6457
205300 37.677
205400 37.76
205500 37.7692
205600 37.7481
205700 37.7383
205800 37.6713
205900 37.7115
206000 37.9738
206100 37.5382
206200 37.9139
206300 37.8041
206400 37.7016
206500 37.731
206600 37.7501
206700 37.8908
206800 37.7947
206900 37.76
207000 37.84
207100 37.9365
207200 37.8578
207300 37.9819
207400 37.9339
207500 38.1175
207600 38.0464
207700 37.9822
207800 38.0077
207900 37.8904
208000 37.9827
208100 37.9057
208200 37.788
208300 37.752
208400 37.9886
208500 38.1176
208600 37.9706
208700 38.02
208800 38.1514
208900 38.1984
209000 38.1491
209100 38.0415
209200 38.104
209300 37.9044
209400 38.1322
209500 37.9025
209600 37.9986
209700 37.9821
209800 38.2467
209900 38.3696
210000 38.3591
210100 38.2708
210200 38.428
210300 38.3625
210400 38.3329
210500 38.5537
210600 38.5026
210700 38.2556
210800 38.4109
210900 38.3968
211000 38.3942
211100 38.2866
211200 38.3725
211300 38.4003
211400 38.1889
211500 38.3053
211600 38.3666
211700 38.4463
211800 38.6459
211900 38.4783
212000 38.6449
212100 38.5865
212200 38.7889
212300 38.7533
212400 38.8309
212500 38.7911
212600 38.7037
212700 38.6978
212800 38.5993
212900 38.7451
213000 38.8385
213100 38.7765
213200 38.7943
213300 38.9912
213400 38.7643
213500 39.0799
213600 38.8685
213700 38.5422
213800 38.984
213900 39.0028
214000 38.9721
214100 39.0432
214200 39.0427
214300 39.0713
214400 39.0806
214500 39.2283
214600 39.0907
214700 39.0691
214800 39.1503
214900 39.3413
215000 39.3061
215100 39.283
215200 39.263
215300 39.5719
215400 39.2128
215500 39.2748
215600 39.1085
215700 39.3001
215800 39.3795
215900 39.4622
216000 39.522
216100 39.6328
216200 39.7508
216300 39.6305
216400 39.6017
216500 39.801
216600 39.7296
216700 39.7041
216800 39.8097
216900 39.9588
217000 39.8103
217100 39.6104
217200 39.5877
217300 39.7185
217400 39.6924
217500 39.6425
217600 39.6264
217700 39.5846
217800 39.5965
217900 39.5093
218000 39.5637
218100 39.6106
218200 39.7149
218300 39.7914
218400 39.8517
218500 39.9279
218600 39.5431
218700 39.5978
218800 39.6577
218900 39.7307
219000 39.6808
219100 39.7733
219200 40.0488
219300 40.0057
219400 40.1253
219500 40.2193
219600 40.3338
219700 40.2753
219800 40.4946
219900 40.5002
220000 40.5582
220100 40.5407
220200 40.5589
220300 40.6152
220400 40.736
220500 40.6458
220600 40.5975
220700 40.5811
220800 40.7033
220900 40.7115
221000 40.5895
221100 40.7205
221200 40.8569
221300 40.9859
221400 40.8865
221500 40.7356
221600 40.8183
221700 40.775
221800 40.6875
221900 40.6549
222000 40.3693
222100 40.5446
222200 40.8547
222300 40.7578
222400 40.69
222500 40.5373
222600 40.6801
222700 40.6271
222800 40.7933
222900 40.8115
223000 40.7376
223100 40.7001
223200 40.9678
223300 41.1124
223400 40.9414
223500 40.869
223600 41.0045
223700 41.0896
223800 41.0272
223900 40.8643
224000 40.7552
224100 41.0438
224200 41.0664
224300 41.1295
224400 41.2224
224500 40.9736
224600 41.0526
224700 41.039
224800 40.9761
224900 40.8315
225000 41.1974
225100 41.14
225200 40.9492
225300 41.076
225400 41.1704
225500 41.3454
225600 41.3508
225700 41.1934
225800 41.2914
225900 41.4172
226000 41.1979
226100 41.242
226200 41.3599
226300 41.4282
226400 41.3748
226500 41.3825
226600 41.402
226700 41.4353
226800 41.3831
226900 41.3419
227000 41.1489
227100 41.4319
227200 41.3629
227300 41.4208
227400 41.499
227500 41.5561
227600 41.6105
227700 41.5963
227800 41.449
227900 41.531
228000 41.5113
228100 41.4127
228200 41.382
228300 41.6446
228400 41.2981
228500 41.4484
228600 41.6259
228700 41.5849
228800 41.549
228900 41.6111
229000 41.3908
229100 41.3591
229200 41.4799
229300 41.6399
229400 41.8808
229500 41.7253
229600 41.8729
229700 41.6898
229800 41.6981
229900 41.5746
230000 41.6714
230100 41.8979
230200 41.9858
230300 42.2534
230400 41.8188
230500 41.8433
230600 41.7535
230700 41.7551
230800 41.6359
230900 41.9461
231000 41.9877
231100 41.7237
231200 41.5778
231300 41.5834
231400 41.5214
231500 41.3608
231600 41.795
231700 41.6824
231800 41.7476
231900 41.5504
232000 41.9212
232100 42.0169
232200 41.7312
232300 41.9894
232400 41.9529
232500 41.9057
232600 41.8636
232700 41.9266
232800 41.8466
232900 41.8348
233000 42.1182
233100 42.2135
233200 42.0796
233300 42.1556
233400 42.1446
233500 42.3788
233600 42.184
233700 42.2962
233800 42.0908
233900 42.2671
234000 42.0651
234100 42.183
234200 42.28
234300 42.4315
234400 42.4827
234500 42.5555
234600 42.4358
234700 42.2955
234800 42.1599
234900 42.3322
235000 42.2718
235100 42.4716
235200 42.3683
235300 42.7042
235400 42.6212
235500 42.8108
235600 42.6207
235700 42.7056
235800 42.7075
235900 42.6988
236000 42.7473
236100 42.7508
236200 42.7607
236300 42.7639
236400 42.5919
236500 42.5449
236600 42.5242
236700 42.6532
236800 42.5426
236900 42.7423
237000 42.586
237100 42.6811
237200 42.5981
237300 42.7585
237400 42.9986
237500 42.8477
237600 42.9626
237700 43.1123
237800 43.0599
237900 42.9478
238000 42.8205
238100 43.0006
238200 43.1509
238300 43.3245
238400 42.957
238500 43.2764
238600 43.1829
238700 43.2028
238800 43.0755
238900 43.2616
239000 43.2793
239100 43.298
239200 43.4106
239300 43.4206
239400 43.5133
239500 43.2685
239600 43.3316
239700 43.1923
239800 43.4021
239900 43.4773
240000 43.5995
240100 43.6577
240200 43.6595
240300 43.7906
240400 43.5667
240500 43.6417
240600 43.461
240700 43.7037
240800 43.7113
240900 43.7298
241000 43.6166
241100 44.13
241200 44.1838
241300 44.0243
241400 43.9739
241500 43.843
241600 43.8058
241700 43.9978
241800 44.0431
241900 43.9561
242000 44.0031
242100 43.8307
242200 44.2902
242300 43.8966
242400 43.9758
242500 43.9868
242600 44.0753
242700 44.0446
242800 43.7601
242900 43.905
243000 44.1231
243100 43.9685
243200 43.8228
243300 44.2102
243400 44.1113
243500 44.2663
243600 44.2825
243700 43.9541
243800 44.1548
243900 44.0918
244000 44.0268
244100 44.1015
244200 44.139
244300 44.089
244400 44.3079
244500 44.1734
244600 44.2061
244700 44.0918
244800 44.2112
244900 43.7718
245000 44.1055
245100 44.0441
245200 44.6224
245300 44.4063
245400 44.5195
245500 44.2803
245600 44.3991
245700 44.0826
245800 44.3394
245900 44.3172
246000 44.2622
246100 44.3282
246200 44.2839
246300 44.2953
246400 44.3725
246500 44.3663
246600 44.4875
246700 44.3836
246800 44.2855
246900 44.3817
247000 44.3821
247100 44.3491
247200 44.622
247300 44.8186
247400 44.5531
247500 44.7144
247600 44.9149
247700 44.7396
247800 44.8348
247900 44.9164
248000 44.945
248100 44.7872
248200 44.8086
248300 44.8247
248400 44.9221
248500 45.1994
248600 45.0676
248700 45.0551
248800 45.006
248900 44.9964
249000 45.1278
249100 45.1001
249200 45.1753
249300 45.168
249400 45.2533
249500 45.1018
249600 45.1868
249700 45.1386
249800 44.8562
249900 44.8683
250000 44.996
250100 45.0296
250200 44.9537
250300 45.0572
250400 45.1672
250500 45.0113
250600 45.1015
250700 44.9603
250800 45.1836
250900 45.329
251000 45.2478
251100 45.399
251200 45.4852
251300 45.3179
251400 45.1264
251500 45.057
251600 45.27
251700 45.0096
251800 45.3559
251900 45.3218
252000 45.4448
252100 45.3545
252200 45.5628
252300 45.5189
252400 45.6294
252500 45.6752
252600 45.4229
252700 45.5142
252800 45.7721
252900 45.7322
253000 45.7778
253100 45.6081
253200 45.6839
253300 45.5926
253400 45.571
253500 45.5852
253600 45.6572
253700 45.9726
253800 45.9507
253900 45.9395
254000 45.7483
254100 45.6304
254200 45.7916
254300 45.6798
254400 45.4756
254500 45.8392
254600 45.769
254700 45.7446
254800 45.8732
254900 45.8287
255000 45.6061
255100 46.0483
255200 45.9229
255300 45.9444
255400 46.2176
255500 46.0331
255600 46.097
255700 45.9403
255800 46.107
255900 46.1523
256000 46.0181
256100 46.2588
256200 46.0727
256300 46.2745
256400 46.0623
256500 46.0537
256600 46.1859
256700 46.0366
256800 46.4961
256900 46.1092
257000 46.1153
257100 46.1562
257200 46.4289
257300 46.4247
257400 46.5318
257500 46.4907
257600 46.612
257700 46.4603
257800 46.8596
257900 46.5807
258000 46.4923
258100 46.444
258200 46.3503
258300 46.3345
258400 46.4302
258500 46.2751
258600 46.4481
258700 46.2869
258800 46.2488
258900 46.3789
259000 46.5826
259100 46.4465
259200 46.7527
259300 46.6553
259400 46.6476
259500 46.6678
259600 46.886
259700 46.6875
259800 46.6741
259900 46.8059
260000 46.4648
260100 46.4838
260200 46.6698
260300 46.67
260400 46.7125
260500 46.6689
260600 46.5722
260700 46.5358
260800 46.3771
260900 46.515
261000 46.6699
261100 46.5434
261200 46.4875
261300 46.3736
261400 46.7804
261500 46.7019
261600 46.5917
261700 46.6275
261800 46.7717
261900 46.8776
262000 46.9847
262100 46.8294
262200 47.0846
262300 47.1094
262400 46.9971
262500 46.9095
262600 46.6771
262700 46.7987
262800 46.6269
262900 46.5555
263000 46.7813
263100 46.9751
263200 47.0666
263300 47.1138
263400 47.0203
263500 47.1342
263600 46.8734
263700 46.9544
263800 47.1082
263900 47.2053
264000 46.8891
264100 47.2919
264200 47.0711
264300 47.4538
264400 47.308
264500 47.1954
264600 47.3549
264700 47.3215
264800 47.1924
264900 47.2074
265000 47.2747
265100 47.2842
265200 47.2716
265300 47.2363
265400 47.3729
265500 47.3248
265600 47.6977
265700 47.2165
265800 47.1186
265900 47.5072
266000 47.3755
266100 47.3869
266200 47.2186
266300 46.9565
266400 47.2727
266500 47.459
266600 47.462
266700 47.2349
266800 47.5353
266900 47.4404
267000 47.7232
267100 47.6117
267200 47.6034
267300 47.3562
267400 47.4851
267500 47.3899
267600 47.7298
267700 47.9111
267800 47.7385
267900 47.564
268000 47.6728
268100 47.8244
268200 47.7181
268300 47.6998
268400 47.613
268500 47.7977
268600 47.9616
268700 47.8584
268800 47.7623
268900 47.6398
269000 47.8305
269100 47.693
269200 48.0719
269300 48.1432
269400 48.2216
269500 48.3025
269600 48.218
269700 47.9857
269800 48.2144
269900 48.3236
270000 48.2634
270100 48.4797
270200 48.1848
270300 48.3161
270400 48.5065
270500 48.1332
270600 48.1842
270700 48.2909
270800 48.0437
270900 48.2799
271000 48.1031
271100 48.1182
271200 48.2184
271300 48.1866
271400 48.2922
271500 48.2648
271600 48.2908
271700 48.2766
271800 48.2479
271900 48.1193
272000 48.2286
272100 48.2451
272200 48.3036
272300 48.275
272400 48.2975
272500 48.3654
272600 48.3963
272700 48.3954
272800 48.3681
272900 48.4044
273000 48.4149
273100 48.5353
273200 48.6561
273300 48.5489
273400 48.3979
273500 48.3676
273600 48.3846
273700 48.3926
273800 48.4177
273900 48.577
274000 48.518
274100 48.7086
274200 48.3836
274300 48.4033
274400 48.4672
274500 48.4768
274600 48.3747
274700 48.4095
274800 48.4032
274900 48.4056
275000 48.3985
275100 48.6162
275200 48.2955
275300 48.4814
275400 48.527
275500 48.7061
275600 48.6418
275700 48.4037
275800 48.3744
275900 48.2784
276000 48.3501
276100 48.6343
276200 48.6183
276300 48.7118
276400 48.8772
276500 48.7263
276600 48.6125
276700 48.858
276800 48.8973
276900 48.9084
277000 48.6962
277100 48.8273
277200 48.9036
277300 48.8014
277400 48.7768
277500 48.8996
277600 48.787
277700 48.7458
277800 48.6601
277900 49.0077
278000 48.7992
278100 48.8912
278200 49.0801
278300 48.8748
278400 48.9732
278500 49.1442
278600 48.9384
278700 49.1417
278800 48.94
278900 48.9416
279000 49.0185
279100 48.9299
279200 49.0436
279300 49.2552
279400 49.1144
279500 49.1571
279600 49.0766
279700 49.2398
279800 49.0517
279900 49.1595
280000 49.2286
280100 49.271
280200 49.1914
280300 49.1997
280400 49.1076
280500 48.9564
280600 48.9355
280700 49.1122
280800 49.1984
280900 49.3267
281000 49.2485
281100 49.3667
281200 49.3684
281300 49.1129
281400 49.132
281500 49.1772
281600 48.8938
281700 49.0508
281800 48.9002
281900 49.1939
282000 49.0529
282100 49.0593
282200 48.998
282300 49.0957
282400 48.9808
282500 48.7667
282600 49.0344
282700 48.9557
282800 49.1878
282900 48.9993
283000 49.4146
283100 49.0096
283200 49.1955
283300 49.1898
283400 49.2781
283500 49.1485
283600 49.221
283700 49.2223
283800 49.1209
283900 49.0468
284000 49.2651
284100 49.2734
284200 49.6167
284300 49.5893
284400 49.6424
284500 49.7677
284600 49.5498
284700 49.5381
284800 49.6502
284900 49.7857
285000 49.695
285100 49.7308
285200 49.4792
285300 49.7692
285400 49.7195
285500 49.6342
285600 49.581
285700 49.5772
285800 49.6102
285900 49.5845
286000 49.6541
286100 49.8138
286200 49.7
286300 49.6382
286400 49.4706
286500 49.7231
286600 49.6435
286700 49.6171
286800 49.5274
286900 49.7253
287000 49.8639
287100 49.8726
287200 49.7674
287300 49.6337
287400 49.8783
287500 50.0573
287600 49.8993
287700 50.1005
287800 50.1455
287900 49.8294
288000 49.9348
288100 50.0761
288200 50.1808
288300 50.2674
288400 50.3348
288500 50.0926
288600 49.8948
288700 50.0531
288800 50.2217
288900 50.309
289000 50.3366
289100 50.3585
289200 50.1504
289300 50.1471
289400 49.9411
289500 50.2417
289600 50.1962
289700 49.927
289800 50.2709
289900 50.3449
290000 50.0887
290100 50.2074
290200 50.3477
290300 50.2786
290400 50.3678
290500 50.5002
290600 50.7211
290700 50.5408
290800 50.336
290900 50.3644
291000 50.3985
291100 50.2985
291200 50.6087
291300 50.5469
291400 50.6267
291500 50.6019
291600 50.535
291700 50.7915
291800 50.7428
291900 50.5537
292000 50.6638
292100 50.6993
292200 50.6157
292300 50.5269
292400 50.7142
292500 50.7081
292600 50.8289
292700 50.8427
292800 50.9291
292900 50.7647
293000 50.8231
293100 50.9966
293200 50.9978
293300 50.7649
293400 50.9812
293500 51.0223
293600 50.8301
293700 50.8748
293800 51.1
293900 50.8871
294000 51.0071
294100 50.8082
294200 50.6892
294300 51.1101
294400 50.9111
294500 50.9663
294600 51.0249
294700 51.0099
294800 51.2629
294900 51.167
295000 51.201
295100 51.3647
295200 50.8851
295300 51.1477
295400 51.377
295500 51.198
295600 51.1763
295700 51.1237
295800 51.285
295900 50.9925
296000 51.1908
296100 51.4018
296200 51.3296
296300 51.3826
296400 51.601
296500 51.7561
296600 51.4307
296700 51.6054
296800 51.5726
296900 51.5166
297000 51.6564
297100 51.4378
297200 51.578
297300 51.5091
297400 51.7292
297500 51.6399
297600 51.5566
297700 51.4671
297800 51.6612
297900 51.5188
298000 51.7559
298100 51.7704
298200 51.6829
298300 51.7471
298400 51.9869
298500 51.7596
298600 51.7251
298700 51.8891
298800 51.6804
298900 51.7041
299000 51.7376
299100 52.1011
299200 51.8831
299300 52.3878
299400 52.2737
299500 52.3227
299600 52.1194
299700 52.3043
299800 52.1182
299900 52.2585
300000 52.2777
300100 52.3517
300200 52.2438
300300 52.4446
300400 52.2678
300500 52.3063
300600 52.2165
300700 52.0936
300800 52.2342
300900 51.9928
301000 52.1125
301100 52.0169
301200 52.2954
301300 52.3074
301400 52.368
301500 52.4232
301600 52.3488
301700 52.5009
301800 52.59
301900 52.4596
302000 52.7016
302100 52.6861
302200 52.6195
302300 52.6633
302400 52.283
302500 52.3595
302600 52.5962
302700 52.2816
302800 52.5523
302900 52.3756
303000 52.4256
303100 52.5523
303200 52.4417
303300 52.6217
303400 52.4781
303500 52.4539
303600 52.3437
303700 52.4667
303800 52.7304
303900 52.9454
304000 52.4062
304100 52.4468
304200 52.4809
304300 52.5512
304400 52.8113
304500 52.6999
304600 52.5855
304700 52.6169
304800 52.2797
304900 52.5456
305000 52.4196
305100 52.603
305200 52.7091
305300 52.7903
305400 52.6942
305500 52.8958
305600 52.9538
305700 52.8674
305800 52.7721
305900 52.9662
306000 52.7899
306100 52.8868
306200 53.1675
306300 53.2443
306400 52.8339
306500 52.7955
306600 53.0687
306700 52.9097
306800 52.8489
306900 52.6154
307000 52.8698
307100 52.7421
307200 52.9488
307300 52.8458
307400 52.9678
307500 53.1585
307600 53.0708
307700 53.2002
307800 53.1839
307900 52.7188
308000 52.959
308100 52.7522
308200 53.0903
308300 52.914
308400 52.95
308500 53.2182
308600 53.2776
308700 53.1117
308800 52.8591
308900 53.2338
309000 53.1538
309100 53.2807
309200 52.9842
309300 53.0989
309400 53.4544
309500 53.2404
309600 53.0672
309700 53.1217
309800 53.2045
309900 53.2723
310000 53.1318
310100 52.9818
310200 53.1277
310300 53.2974
310400 53.2095
310500 53.2562
310600 53.2622
310700 53.3897
310800 53.4673
310900 53.3887
311000 53.2756
311100 53.5129
311200 53.5965
311300 53.4143
311400 53.3466
311500 53.2863
311600 53.3587
311700 53.2888
311800 53.6724
311900 53.8612
312000 53.44
312100 53.5831
312200 53.5298
312300 53.3288
312400 53.5169
312500 53.3972
312600 53.6171
312700 53.7662
312800 53.483
312900 53.6377
313000 53.6194
313100 53.7158
313200 53.4974
313300 53.9451
313400 53.7869
313500 53.6846
313600 53.4044
313700 53.6985
313800 53.7565
313900 53.6795
314000 53.4666
314100 53.896
314200 53.7643
314300 53.7328
314400 53.7583
314500 53.8071
314600 53.7583
314700 53.641
314800 53.6208
314900 53.52
315000 53.7604
315100 53.5408
315200 53.258
315300 53.374
315400 53.3687
315500 53.6015
315600 53.7782
315700 53.7203
315800 53.5419
315900 53.682
316000 53.6713
316100 53.5833
316200 53.7478
316300 53.6677
316400 53.919
316500 53.6721
316600 53.7008
316700 53.8698
316800 53.9069
316900 53.9646
317000 53.8359
317100 54.1031
317200 54.1282
317300 54.0538
317400 53.7719
317500 54.1032
317600 54.0511
317700 54.1004
317800 53.7664
317900 53.9379
318000 53.8122
318100 53.7851
318200 54.0517
318300 54.2551
318400 54.2884
318500 54.0824
318600 54.3448
318700 54.0321
318800 54.1493
318900 54.2747
319000 54.1647
319100 54.1636
319200 54.0089
319300 53.9431
319400 53.9693
319500 54.116
319600 54.2094
319700 54.3325
319800 54.3916
319900 54.427
320000 54.4923
320100 54.4488
320200 54.7166
320300 54.6791
320400 54.5889
320500 54.7145
320600 54.5982
320700 54.5165
320800 54.5193
320900 54.6823
321000 54.6667
321100 54.8194
321200 54.6926
321300 54.7747
321400 54.9963
321500 54.8934
321600 55.1037
321700 55.0701
321800 54.9836
321900 54.8736
322000 54.7185
322100 54.7422
322200 54.8476
322300 54.6442
322400 54.8483
322500 54.8756
322600 54.8544
322700 54.9592
322800 55.0458
322900 54.9423
323000 55.2341
323100 55.131
323200 54.965
323300 54.9632
323400 54.8885
323500 54.8125
323600 55.1867
323700 54.8513
323800 55.4158
323900 55.4533
324000 55.2893
324100 55.1997
324200 55.1102
324300 55.2962
324400 55.0213
324500 55.28
324600 55.4045
324700 55.377
324800 55.1955
324900 55.3268
325000 55.1995
325100 55.2232
325200 55.389
325300 55.1838
325400 55.1443
325500 55.2956
325600 55.412
325700 55.5601
325800 55.2483
325900 55.678
326000 55.5719
326100 55.4909
326200 55.6326
326300 55.3744
326400 55.2947
326500 55.5803
326600 55.6608
326700 55.7935
326800 55.7158
326900 55.4392
327000 55.4314
327100 55.336
327200 55.8014
327300 55.4862
327400 55.7053
327500 55.5457
327600 55.6741
327700 55.9266
327800 55.8977
327900 55.921
328000 55.8897
328100 55.9395
328200 55.8182
328300 55.5682
328400 55.7526
328500 55.8495
328600 55.8824
328700 55.7789
328800 55.6926
328900 55.9859
329000 55.9298
329100 55.9069
329200 55.962
329300 55.7926
329400 55.8844
329500 55.8964
329600 55.9329
329700 55.6366
329800 55.4827
329900 55.9018
330000 55.5589
330100 55.7169
330200 55.7393
330300 55.7889
330400 55.6751
330500 55.7843
330600 55.81
330700 55.9858
330800 55.9089
330900 55.9901
331000 55.7804
331100 55.9258
331200 55.8271
331300 55.689
331400 55.6132
331500 55.2544
331600 55.506
331700 55.2925
331800 55.6147
331900 55.7233
332000 55.8538
332100 55.9765
332200 55.6582
332300 55.9112
332400 55.6843
332500 55.5464
332600 55.9399
332700 55.931
332800 55.8484
332900 55.9386
333000 56.0166
333100 56.1718
333200 56.039
333300 55.8373
333400 56.0368
333500 56.0908
333600 56.0125
333700 56.1857
333800 56.154
333900 56.0563
334000 56.0747
334100 56.1345
334200 55.9615
334300 56.067
334400 56.175
334500 56.0812
334600 56.2946
334700 55.9779
334800 56.4544
334900 56.2814
335000 56.1071
335100 56.309
335200 56.2308
335300 56.3731
335400 56.3872
335500 56.4875
335600 56.2695
335700 56.3926
335800 56.5111
335900 56.4163
336000 56.3796
336100 56.2864
336200 56.5313
336300 56.3487
336400 56.6425
336500 56.748
336600 56.3976
336700 56.279
336800 56.3615
336900 56.5375
337000 56.5272
337100 56.5539
337200 56.5069
337300 56.4837
337400 56.7562
337500 56.7033
337600 56.6636
337700 56.8303
337800 56.9632
337900 56.8191
338000 56.8434
338100 56.9521
338200 56.888
338300 56.4792
338400 56.8742
338500 56.72
338600 56.6539
338700 56.8204
338800 56.8658
338900 56.9578
339000 56.6354
339100 56.8339
339200 57.0125
339300 57.0311
339400 56.9772
339500 56.9132
339600 56.8959
339700 56.9511
339800 56.9553
339900 57.0369
340000 57.3243
340100 57.205
340200 57.1287
340300 57.0999
340400 57.2818
340500 57.4867
340600 57.4688
340700 57.4246
340800 57.337
340900 57.4323
341000 57.5924
341100 57.6153
341200 57.3808
341300 57.5078
341400 57.3676
341500 57.6137
341600 57.7698
341700 57.6252
341800 57.8144
341900 57.6314
342000 57.5489
342100 57.5671
342200 57.5222
342300 57.7503
342400 57.6116
342500 57.6013
342600 57.3994
342700 57.3972
342800 57.2712
342900 57.8054
343000 57.7642
343100 57.8387
343200 57.8527
343300 57.8785
343400 57.7662
343500 57.7955
343600 57.722
343700 57.7642
343800 57.8316
343900 57.8722
344000 57.962
344100 58.2021
344200 58.0816
344300 58.2398
344400 58.2358
344500 58.1337
344600 58.1746
344700 58.3442
344800 58.3346
344900 58.2918
345000 58.2746
345100 58.3968
345200 58.4752
345300 58.3379
345400 58.3558
345500 58.6661
345600 58.564
345700 58.5716
345800 58.7807
345900 58.9741
346000 59.1442
346100 58.8284
346200 59.04
346300 58.9126
346400 58.8142
346500 58.9662
346600 58.9653
346700 58.93
346800 59.0947
346900 58.916
347000 58.9581
347100 59.0216
347200 58.6707
347300 58.7266
347400 59.0149
347500 59.0678
347600 58.9264
347700 59.0274
347800 59.0196
347900 58.848
348000 58.895
348100 58.9255
348200 58.9199
348300 58.9672
348400 59.0033
348500 59.0026
348600 58.9471
348700 58.9468
348800 58.9055
348900 59.0931
349000 59.1352
349100 59.1299
349200 59.0298
349300 58.9299
349400 59.2401
349500 59.0049
349600 59.1452
349700 59.0338
349800 59.033
349900 59.2582
350000 59.2274
