# Time-averaged data for fix all_msd
# TimeStep c_msd1[4]
0 2.04939e-29
100 0.103255
200 0.161792
300 0.22458
400 0.282438
500 0.334557
600 0.432351
700 0.531448
800 0.646462
900 0.713863
1000 0.781719
1100 0.849075
1200 0.900559
1300 1.01114
1400 1.04
1500 1.10189
1600 1.14282
1700 1.20098
1800 1.27552
1900 1.26019
2000 1.32777
2100 1.33634
2200 1.39945
2300 1.48521
2400 1.49056
2500 1.51814
2600 1.56549
2700 1.57968
2800 1.63642
2900 1.68308
3000 1.70706
3100 1.72208
3200 1.75569
3300 1.73485
3400 1.80205
3500 1.82175
3600 1.83527
3700 1.86871
3800 1.90531
3900 1.93964
4000 1.96237
4100 1.95115
4200 2.0049
4300 2.00945
4400 2.02715
4500 2.01154
4600 2.07277
4700 2.09215
4800 2.11978
4900 2.16669
5000 2.19969
5100 2.23056
5200 2.23001
5300 2.26626
5400 2.28227
5500 2.27866
5600 2.3048
5700 2.28972
5800 2.27963
5900 2.29561
6000 2.28909
6100 2.38788
6200 2.41278
6300 2.37563
6400 2.43576
6500 2.43523
6600 2.40291
6700 2.44167
6800 2.46107
6900 2.50656
7000 2.50132
7100 2.49833
7200 2.53103
7300 2.52359
7400 2.52733
7500 2.51071
7600 2.57509
7700 2.58877
7800 2.55305
7900 2.53637
8000 2.55251
8100 2.5625
8200 2.56316
8300 2.61339
8400 2.59467
8500 2.63491
8600 2.65468
8700 2.64443
8800 2.72186
8900 2.76763
9000 2.73664
9100 2.80447
9200 2.79787
9300 2.8318
9400 2.83147
9500 2.82227
9600 2.82641
9700 2.82004
9800 2.84733
9900 2.87634
10000 2.84874
10100 2.90763
10200 2.85986
10300 2.88445
10400 2.91234
10500 2.90245
10600 2.92344
10700 2.88322
10800 2.91644
10900 2.8673
11000 2.90897
11100 2.95365
11200 2.88044
11300 2.99528
11400 2.97418
11500 2.99269
11600 3.05279
11700 2.98731
11800 3.00628
11900 3.00588
12000 3.0196
12100 3.01173
12200 3.06388
12300 3.16925
12400 3.13702
12500 3.09311
12600 3.12639
12700 3.15199
12800 3.11462
12900 3.17183
13000 3.13225
13100 3.22001
13200 3.18302
13300 3.21125
13400 3.21157
13500 3.21228
13600 3.22611
13700 3.1784
13800 3.21646
13900 3.25903
14000 3.26632
14100 3.23947
14200 3.24838
14300 3.27942
14400 3.22561
14500 3.22242
14600 3.23651
14700 3.23658
14800 3.21259
14900 3.28175
15000 3.31349
15100 3.27531
15200 3.25639
15300 3.2787
15400 3.23001
15500 3.24362
15600 3.25879
15700 3.26341
15800 3.27532
15900 3.33305
16000 3.27814
16100 3.28614
16200 3.33996
16300 3.36942
16400 3.37774
16500 3.34018
16600 3.35374
16700 3.37584
16800 3.36278
16900 3.38487
17000 3.37926
17100 3.37481
17200 3.35609
17300 3.33386
17400 3.33042
17500 3.30761
17600 3.33104
17700 3.3702
17800 3.35934
17900 3.4062
18000 3.37085
18100 3.35576
18200 3.36901
18300 3.40391
18400 3.42508
18500 3.42317
18600 3.40112
18700 3.42091
18800 3.44995
18900 3.42309
19000 3.45907
19100 3.4401
19200 3.38369
19300 3.42167
19400 3.51048
19500 3.46266
19600 3.48918
19700 3.45868
19800 3.4654
19900 3.53102
20000 3.49841
20100 3.56659
20200 3.57848
20300 3.57708
20400 3.55297
20500 3.55503
20600 3.61451
20700 3.62906
20800 3.59013
20900 3.63143
21000 3.6619
21100 3.64935
21200 3.62931
21300 3.66378
21400 3.68209
21500 3.65787
21600 3.65147
21700 3.67812
21800 3.71716
21900 3.74916
22000 3.75384
22100 3.68023
22200 3.68388
22300 3.72371
22400 3.71055
22500 3.75103
22600 3.80805
22700 3.84796
22800 3.82427
22900 3.80395
23000 3.87399
23100 3.91793
23200 3.88148
23300 3.91985
23400 3.95909
23500 3.87878
23600 3.86679
23700 3.91284
23800 3.86371
23900 3.90306
24000 3.92295
24100 3.9174
24200 3.92818
24300 3.87781
24400 3.86704
24500 3.85487
24600 3.92224
24700 3.91897
24800 3.95638
24900 3.932
25000 3.91491
25100 3.93022
25200 3.89858
25300 3.91804
25400 3.95525
25500 3.93997
25600 3.93923
25700 3.93833
25800 3.94155
25900 3.93987
26000 3.90976
26100 3.96107
26200 3.95827
26300 3.99307
26400 4.02958
26500 3.98655
26600 3.98538
26700 4.05241
26800 4.01321
26900 4.06151
27000 4.09133
27100 4.1396
27200 4.07366
27300 4.12543
27400 4.03364
27500 4.03052
27600 4.05778
27700 4.01158
27800 4.06453
27900 4.09272
28000 4.11858
28100 4.11305
28200 4.17177
28300 4.15833
28400 4.13169
28500 4.14744
28600 4.1695
28700 4.20742
28800 4.16016
28900 4.21562
29000 4.23892
29100 4.21615
29200 4.26127
29300 4.27534
29400 4.22974
29500 4.17354
29600 4.18663
29700 4.28781
29800 4.29309
29900 4.32762
30000 4.32707
30100 4.24217
30200 4.29473
30300 4.26153
30400 4.28544
30500 4.27525
30600 4.26907
30700 4.23548
30800 4.24479
30900 4.31003
31000 4.2759
31100 4.26209
31200 4.27524
31300 4.2641
31400 4.27994
31500 4.2819
31600 4.2775
31700 4.20286
31800 4.26234
31900 4.26271
32000 4.29353
32100 4.30687
32200 4.35837
32300 4.19541
32400 4.23581
32500 4.26858
32600 4.28285
32700 4.27488
32800 4.3439
32900 4.2573
33000 4.30282
33100 4.32158
33200 4.29663
33300 4.33178
33400 4.30245
33500 4.31732
33600 4.3547
33700 4.40377
33800 4.33157
33900 4.36319
34000 4.37322
34100 4.39348
34200 4.40748
34300 4.41007
34400 4.42286
34500 4.40407
34600 4.40465
34700 4.43718
34800 4.43025
34900 4.39837
35000 4.47185
35100 4.41641
35200 4.43688
35300 4.39347
35400 4.41465
35500 4.38714
35600 4.42244
35700 4.45071
35800 4.43779
35900 4.42916
36000 4.41412
36100 4.44542
36200 4.44157
36300 4.4609
36400 4.41404
36500 4.48341
36600 4.45931
36700 4.46667
36800 4.45667
36900 4.52634
37000 4.51504
37100 4.44388
37200 4.51101
37300 4.5036
37400 4.5124
37500 4.52036
37600 4.51334
37700 4.50709
37800 4.50897
37900 4.4834
38000 4.47713
38100 4.47864
38200 4.44473
38300 4.4692
38400 4.52211
38500 4.56794
38600 4.51917
38700 4.50022
38800 4.4415
38900 4.50112
39000 4.47919
39100 4.52132
39200 4.49636
39300 4.51709
39400 4.56068
39500 4.51855
39600 4.50537
39700 4.50247
39800 4.50953
39900 4.53347
40000 4.58
40100 4.54924
40200 4.54375
40300 4.55225
40400 4.60727
40500 4.56543
40600 4.53962
40700 4.51473
40800 4.54251
40900 4.526
41000 4.61981
41100 4.57853
41200 4.57606
41300 4.54515
41400 4.55083
41500 4.51905
41600 4.48974
41700 4.5829
41800 4.60198
41900 4.57471
42000 4.59479
42100 4.57433
42200 4.6145
42300 4.53522
42400 4.57234
42500 4.59409
42600 4.61702
42700 4.59719
42800 4.61491
42900 4.59403
43000 4.59214
43100 4.5654
43200 4.5818
43300 4.53538
43400 4.47997
43500 4.49218
43600 4.47608
43700 4.50333
43800 4.54448
43900 4.49404
44000 4.58837
44100 4.57482
44200 4.54743
44300 4.54443
44400 4.56832
44500 4.53865
44600 4.64499
44700 4.67107
44800 4.65548
44900 4.64691
45000 4.67164
45100 4.63787
45200 4.65361
45300 4.68797
45400 4.67551
45500 4.72476
45600 4.73789
45700 4.74797
45800 4.75182
45900 4.7326
46000 4.70465
46100 4.71578
46200 4.73127
46300 4.77106
46400 4.73971
46500 4.73623
46600 4.72498
46700 4.70666
46800 4.74544
46900 4.71516
47000 4.77194
47100 4.80147
47200 4.73608
47300 4.77572
47400 4.79578
47500 4.74304
47600 4.81269
47700 4.79191
47800 4.83762
47900 4.82531
48000 4.8478
48100 4.84688
48200 4.80714
48300 4.84861
48400 4.87933
48500 4.90149
48600 4.89424
48700 4.90232
48800 4.91455
48900 4.86345
49000 4.88384
49100 4.89898
49200 4.90916
49300 4.91582
49400 4.86247
49500 4.88056
49600 4.87808
49700 4.85375
49800 4.9036
49900 4.84799
50000 4.89823
50100 4.90083
50200 4.87128
50300 4.83698
50400 4.83113
50500 4.88054
50600 4.89946
50700 4.84989
50800 4.90076
50900 4.89734
51000 4.91407
51100 4.86157
51200 4.92708
51300 4.89944
51400 4.86182
51500 4.92468
51600 4.89302
51700 4.92896
51800 4.88528
51900 4.89185
52000 4.91458
52100 4.908
52200 4.84433
52300 4.85363
52400 4.87998
52500 4.83907
52600 4.85362
52700 4.85249
52800 4.89757
52900 4.96535
53000 4.95061
53100 4.92498
53200 4.87129
53300 4.89999
53400 4.85502
53500 4.89643
53600 4.91951
53700 4.89373
53800 4.87901
53900 4.83216
54000 4.85276
54100 4.85416
54200 4.87089
54300 4.91645
54400 4.89826
54500 4.92353
54600 4.91492
54700 4.8061
54800 4.87337
54900 4.92173
55000 4.88231
55100 4.87627
55200 4.89952
55300 4.94238
55400 4.97606
55500 4.97604
55600 4.97175
55700 4.9727
55800 4.97273
55900 4.92339
56000 4.96539
56100 5.00594
56200 4.98797
56300 5.01876
56400 5.00794
56500 4.98529
56600 5.00677
56700 5.01663
56800 5.01368
56900 4.98705
57000 4.94936
57100 4.98762
57200 5.02731
57300 4.9969
57400 5.02687
57500 5.00728
57600 4.96965
57700 4.96789
57800 4.96721
57900 4.93617
58000 4.97654
58100 5.03317
58200 5.01804
58300 5.03913
58400 4.98796
58500 4.99544
58600 5.04434
58700 4.99715
58800 5.01432
58900 5.01575
59000 4.98436
59100 4.99478
59200 5.05487
59300 4.99911
59400 5.06336
59500 5.06035
59600 5.03177
59700 5.02278
59800 5.04975
59900 5.08483
60000 5.05468
60100 5.06459
60200 5.09389
60300 5.11152
60400 5.06129
60500 5.11311
60600 5.15502
60700 5.11377
60800 5.10711
60900 5.18291
61000 5.19065
61100 5.17855
61200 5.16217
61300 5.14848
61400 5.17138
61500 5.12531
61600 5.09059
61700 5.11561
61800 5.12175
61900 5.10478
62000 5.10071
62100 5.04499
62200 5.12491
62300 5.10852
62400 5.1096
62500 5.10136
62600 5.13417
62700 5.13948
62800 5.13112
62900 5.11053
63000 5.1585
63100 5.11267
63200 5.10111
63300 5.13643
63400 5.138
63500 5.01706
63600 5.14553
63700 5.08894
63800 5.06577
63900 5.13675
64000 5.0932
64100 5.07335
64200 5.12139
64300 5.10936
64400 5.10916
64500 5.11218
64600 5.0953
64700 5.17791
64800 5.08146
64900 5.11227
65000 5.11885
65100 5.09311
65200 5.13879
65300 5.06848
65400 5.01063
65500 5.03734
65600 5.0795
65700 5.11485
65800 5.15183
65900 5.14249
66000 5.12124
66100 5.0593
66200 5.13577
66300 5.1281
66400 5.12288
66500 5.1101
66600 5.09174
66700 5.1213
66800 5.15681
66900 5.08151
67000 5.1035
67100 5.1137
67200 5.08178
67300 5.06341
67400 5.09273
67500 5.16993
67600 5.10264
67700 5.1795
67800 5.09468
67900 5.12821
68000 5.09492
68100 5.15166
68200 5.14161
68300 5.13971
68400 5.15007
68500 5.10261
68600 5.14737
68700 5.12218
68800 5.11756
68900 5.19438
69000 5.12344
69100 5.139
69200 5.08147
69300 5.0958
69400 5.13759
69500 5.19767
69600 5.15451
69700 5.11488
69800 5.1364
69900 5.18199
70000 5.17353
70100 5.12058
70200 5.18621
70300 5.15745
70400 5.22133
70500 5.20047
70600 5.21032
70700 5.1731
70800 5.16555
70900 5.17811
71000 5.18269
71100 5.16844
71200 5.20302
71300 5.18777
71400 5.1878
71500 5.19808
71600 5.1766
71700 5.16371
71800 5.18676
71900 5.17623
72000 5.15791
72100 5.15996
72200 5.18501
72300 5.22788
72400 5.17467
72500 5.24702
72600 5.23825
72700 5.20861
72800 5.15985
72900 5.2303
73000 5.27663
73100 5.25653
73200 5.2855
73300 5.27346
73400 5.19041
73500 5.19312
73600 5.28764
73700 5.28325
73800 5.25373
73900 5.23576
74000 5.31045
74100 5.25383
74200 5.16686
74300 5.25204
74400 5.33337
74500 5.32629
74600 5.33304
74700 5.25515
74800 5.30325
74900 5.27814
75000 5.26028
75100 5.27772
75200 5.20828
75300 5.24333
75400 5.26909
75500 5.22638
75600 5.2486
75700 5.26282
75800 5.31134
75900 5.27011
76000 5.22495
76100 5.326
76200 5.31253
76300 5.28901
76400 5.34726
76500 5.32585
76600 5.3518
76700 5.24035
76800 5.28619
76900 5.3274
77000 5.33175
77100 5.29285
77200 5.31662
77300 5.29227
77400 5.35858
77500 5.31107
77600 5.35645
77700 5.35583
77800 5.29835
77900 5.35541
78000 5.40329
78100 5.39766
78200 5.32076
78300 5.3766
78400 5.32066
78500 5.34447
78600 5.31859
78700 5.27188
78800 5.36586
78900 5.32698
79000 5.29867
79100 5.33095
79200 5.3995
79300 5.33284
79400 5.32191
79500 5.3297
79600 5.32224
79700 5.34715
79800 5.32537
79900 5.38094
80000 5.30811
80100 5.32375
80200 5.38516
80300 5.27123
80400 5.31009
80500 5.3178
80600 5.32018
80700 5.31309
80800 5.40061
80900 5.36375
81000 5.37972
81100 5.41431
81200 5.42608
81300 5.35582
81400 5.39212
81500 5.34098
81600 5.38994
81700 5.3999
81800 5.38447
81900 5.42813
82000 5.413
82100 5.39259
82200 5.47544
82300 5.47298
82400 5.44911
82500 5.43579
82600 5.51944
82700 5.48059
82800 5.43393
82900 5.46159
83000 5.44768
83100 5.51441
83200 5.52812
83300 5.48194
83400 5.44592
83500 5.42872
83600 5.45984
83700 5.47404
83800 5.52333
83900 5.45279
84000 5.46891
84100 5.46413
84200 5.48695
84300 5.4124
84400 5.4403
84500 5.44237
84600 5.47359
84700 5.44784
84800 5.43122
84900 5.41712
85000 5.42043
85100 5.46887
85200 5.43901
85300 5.45696
85400 5.51572
85500 5.45703
85600 5.40574
85700 5.47296
85800 5.54072
85900 5.4833
86000 5.54645
86100 5.44841
86200 5.50882
86300 5.49343
86400 5.47936
86500 5.52644
86600 5.51188
86700 5.48628
86800 5.56899
86900 5.52013
87000 5.50484
87100 5.52824
87200 5.58266
87300 5.54066
87400 5.53557
87500 5.5513
87600 5.60958
87700 5.55744
87800 5.58215
87900 5.54775
88000 5.55096
88100 5.57112
88200 5.5294
88300 5.52346
88400 5.60664
88500 5.57116
88600 5.62475
88700 5.58106
88800 5.55561
88900 5.62748
89000 5.61632
89100 5.60051
89200 5.66566
89300 5.6078
89400 5.56745
89500 5.6398
89600 5.63746
89700 5.61474
89800 5.67277
89900 5.66847
90000 5.67132
90100 5.67995
90200 5.67445
90300 5.67914
90400 5.62835
90500 5.65218
90600 5.64425
90700 5.61759
90800 5.62002
90900 5.64015
91000 5.59636
91100 5.58455
91200 5.61859
91300 5.63061
91400 5.66026
91500 5.66969
91600 5.65798
91700 5.6256
91800 5.67367
91900 5.69232
92000 5.68759
92100 5.66703
92200 5.64092
92300 5.71041
92400 5.64518
92500 5.70127
92600 5.75381
92700 5.74979
92800 5.72503
92900 5.68266
93000 5.68272
93100 5.67029
93200 5.74095
93300 5.67954
93400 5.69987
93500 5.72043
93600 5.67869
93700 5.57901
93800 5.62591
93900 5.72348
94000 5.62848
94100 5.69198
94200 5.7002
94300 5.72243
94400 5.69455
94500 5.71335
94600 5.73412
94700 5.77032
94800 5.7029
94900 5.6619
95000 5.7116
95100 5.66922
95200 5.66142
95300 5.73383
95400 5.72525
95500 5.74201
95600 5.70905
95700 5.67323
95800 5.72525
95900 5.78494
96000 5.70514
96100 5.75041
96200 5.74069
96300 5.71867
96400 5.76151
96500 5.66
96600 5.73419
96700 5.71885
96800 5.75376
96900 5.78678
97000 5.71725
97100 5.79163
97200 5.70001
97300 5.7149
97400 5.72721
97500 5.71963
97600 5.784
97700 5.72322
97800 5.71101
97900 5.78616
98000 5.75423
98100 5.79056
98200 5.81585
98300 5.83278
98400 5.75347
98500 5.75853
98600 5.72436
98700 5.77029
98800 5.76209
98900 5.74616
99000 5.72229
99100 5.70112
99200 5.73482
99300 5.76854
99400 5.76917
99500 5.69554
99600 5.70644
99700 5.72359
99800 5.72993
99900 5.75214
100000 5.79943
100100 5.82305
100200 5.75039
100300 5.7138
100400 5.75648
100500 5.75038
100600 5.65127
100700 5.69718
100800 5.65401
100900 5.66335
101000 5.6989
101100 5.64774
101200 5.72942
101300 5.70408
101400 5.68655
101500 5.75222
101600 5.72738
101700 5.70679
101800 5.78781
101900 5.81209
102000 5.80181
102100 5.78037
102200 5.73867
102300 5.80586
102400 5.77602
102500 5.83239
102600 5.80204
102700 5.79016
102800 5.85771
102900 5.81613
103000 5.74682
103100 5.79966
103200 5.83263
103300 5.75288
103400 5.79749
103500 5.80071
103600 5.80569
103700 5.7456
103800 5.77277
103900 5.71578
104000 5.77385
104100 5.74959
104200 5.74809
104300 5.7574
104400 5.77262
104500 5.80066
104600 5.78885
104700 5.73704
104800 5.68946
104900 5.66614
105000 5.79707
105100 5.76725
105200 5.81298
105300 5.87597
105400 5.81183
105500 5.74062
105600 5.76334
105700 5.82483
105800 5.84701
105900 5.8861
106000 5.83594
106100 5.80038
106200 5.8064
106300 5.82327
106400 5.80364
106500 5.79287
106600 5.88075
106700 5.86124
106800 5.91412
106900 5.88882
107000 5.89578
107100 5.89035
107200 5.8866
107300 5.83667
107400 5.95666
107500 5.94405
107600 5.92673
107700 5.92802
107800 5.94634
107900 5.94228
108000 5.91222
108100 5.95759
108200 5.951
108300 5.95805
108400 5.95153
108500 5.95926
108600 5.98461
108700 5.94719
108800 5.97024
108900 5.90696
109000 5.96828
109100 5.8878
109200 5.9063
109300 5.87758
109400 5.90441
109500 5.93121
109600 5.93204
109700 5.89975
109800 5.93583
109900 5.91405
110000 5.91237
110100 5.91212
110200 5.96787
110300 5.92839
110400 5.96912
110500 5.96968
110600 5.93856
110700 5.9681
110800 5.99345
110900 5.92039
111000 5.95961
111100 5.916
111200 5.87053
111300 5.93303
111400 6.01771
111500 6.02657
111600 6.02143
111700 5.94213
111800 5.97969
111900 5.97601
112000 5.95315
112100 6.01077
112200 5.99117
112300 6.02715
112400 5.91042
112500 5.93986
112600 5.95509
112700 5.95919
112800 5.94826
112900 5.8277
113000 5.9238
113100 5.93393
113200 5.90029
113300 5.88913
113400 5.88367
113500 5.87635
113600 5.90607
113700 5.90828
113800 5.94456
113900 5.9623
114000 6.01389
114100 6.01953
114200 5.95638
114300 5.93116
114400 6.00392
114500 5.99481
114600 5.98176
114700 6.00525
114800 5.96316
114900 5.9841
115000 5.99608
115100 6.05843
115200 5.99308
115300 5.94618
115400 5.96079
115500 6.00501
115600 5.92277
115700 5.96794
115800 5.99561
115900 6.0081
116000 6.01878
116100 6.03626
116200 5.96347
116300 6.01241
116400 5.99958
116500 6.03841
116600 6.0573
116700 6.00944
116800 6.01769
116900 6.02773
117000 6.01752
117100 5.9803
117200 6.01364
117300 6.03706
117400 6.03848
117500 6.01914
117600 5.97261
117700 5.99477
117800 6.02658
117900 5.99466
118000 6.11256
118100 6.04915
118200 6.06189
118300 6.07776
118400 6.01463
118500 6.02268
118600 6.05534
118700 6.00808
118800 6.01012
118900 6.01767
119000 6.04293
119100 5.99018
119200 6.05837
119300 6.07517
119400 6.02993
119500 5.97091
119600 5.97539
119700 5.983
119800 5.98839
119900 5.95574
120000 5.97755
120100 5.98844
120200 6.06459
120300 6.07542
120400 6.0413
120500 6.03224
120600 6.04013
120700 6.03212
120800 5.99432
120900 5.97508
121000 5.94941
121100 6.00621
121200 6.05087
121300 6.06361
121400 5.99151
121500 6.00667
121600 6.07305
121700 5.97916
121800 5.99147
121900 6.0922
122000 6.04718
122100 5.99087
122200 6.0755
122300 6.12713
122400 6.08608
122500 6.04816
122600 6.01909
122700 6.04399
122800 5.99154
122900 6.04381
123000 6.04433
123100 6.0175
123200 6.08783
123300 6.10525
123400 6.05279
123500 6.07183
123600 6.07688
123700 6.0485
123800 6.09632
123900 6.02678
124000 6.02063
124100 6.02308
124200 6.03956
124300 6.04769
124400 6.04759
124500 6.01485
124600 5.95359
124700 5.99883
124800 5.99299
124900 6.00645
125000 6.02209
125100 6.06611
125200 6.05359
125300 6.072
125400 5.98991
125500 6.02116
125600 6.02944
125700 5.96211
125800 6.00726
125900 6.00761
126000 6.00232
126100 5.98344
126200 6.0312
126300 6.02599
126400 5.97244
126500 5.9712
126600 5.98409
126700 6.0164
126800 5.99257
126900 6.0359
127000 5.99835
127100 6.0318
127200 6.01216
127300 5.99306
127400 6.01914
127500 5.98033
127600 5.98977
127700 6.08472
127800 5.99505
127900 5.99771
128000 6.03897
128100 6.04969
128200 6.01656
128300 6.05193
128400 6.12828
128500 6.05811
128600 6.08363
128700 6.01692
128800 6.04989
128900 6.09507
129000 6.10622
129100 6.06944
129200 6.07349
129300 6.09178
129400 6.01653
129500 6.12867
129600 6.09876
129700 6.10488
129800 6.07628
129900 6.09899
130000 6.14795
130100 6.14398
130200 6.10472
130300 6.13181
130400 6.09757
130500 6.12619
130600 6.03722
130700 6.07125
130800 6.09667
130900 6.05162
131000 6.10688
131100 6.0558
131200 6.07501
131300 6.08632
131400 6.09537
131500 6.03906
131600 6.07087
131700 6.124
131800 6.12417
131900 6.16228
132000 6.11297
132100 6.06677
132200 6.13049
132300 6.11244
132400 6.06852
132500 6.02698
132600 6.07825
132700 6.07294
132800 6.06871
132900 6.15882
133000 6.09673
133100 6.08361
133200 6.05627
133300 6.04445
133400 6.08798
133500 6.0399
133600 6.04643
133700 6.07068
133800 6.10743
133900 6.01187
134000 5.99923
134100 6.041
134200 6.09967
134300 6.06937
134400 6.10347
134500 6.06003
134600 6.03078
134700 6.10158
134800 6.09977
134900 6.1435
135000 6.12817
135100 6.09697
135200 6.14095
135300 6.13476
135400 6.11432
135500 6.10539
135600 6.11141
135700 6.0921
135800 6.12921
135900 6.04928
136000 6.14784
136100 6.11144
136200 5.99846
136300 6.0922
136400 6.11364
136500 6.11517
136600 6.09552
136700 6.10626
136800 6.15775
136900 6.11291
137000 6.13107
137100 6.14118
137200 6.14901
137300 6.14873
137400 6.15991
137500 6.18364
137600 6.19727
137700 6.22377
137800 6.15901
137900 6.22508
138000 6.16246
138100 6.19083
138200 6.1245
138300 6.06846
138400 6.11097
138500 6.17327
138600 6.08681
138700 6.15683
138800 6.13389
138900 6.14565
139000 6.06982
139100 6.15152
139200 6.13806
139300 6.10366
139400 6.13035
139500 6.09289
139600 6.11421
139700 6.14248
139800 6.20845
139900 6.13705
140000 6.16873
140100 6.07251
140200 6.05787
140300 6.02706
140400 6.10881
140500 6.11245
140600 6.07182
140700 6.03291
140800 6.06417
140900 6.11935
141000 6.14045
141100 6.1327
141200 6.09776
141300 6.05558
141400 6.18006
141500 6.17227
141600 6.11112
141700 6.12951
141800 6.13634
141900 6.17681
142000 6.07693
142100 6.09369
142200 6.04559
142300 6.16822
142400 6.11911
142500 6.11672
142600 6.1688
142700 6.10978
142800 6.16864
142900 6.13411
143000 6.18351
143100 6.16536
143200 6.0174
143300 6.06721
143400 6.11736
143500 6.18099
143600 6.1098
143700 6.07239
143800 6.14456
143900 6.15023
144000 6.09118
144100 6.17997
144200 6.18436
144300 6.11791
144400 6.09698
144500 6.09773
144600 6.14136
144700 6.11758
144800 6.15566
144900 6.16241
145000 6.16391
145100 6.1408
145200 6.16435
145300 6.13038
145400 6.2053
145500 6.17455
145600 6.16874
145700 6.1469
145800 6.14596
145900 6.15927
146000 6.11669
146100 6.22871
146200 6.18132
146300 6.14211
146400 6.1438
146500 6.19688
146600 6.17762
146700 6.24543
146800 6.16093
146900 6.12281
147000 6.18789
147100 6.18826
147200 6.13668
147300 6.1551
147400 6.1933
147500 6.17226
147600 6.15216
147700 6.16539
147800 6.11014
147900 6.11214
148000 6.20689
148100 6.21544
148200 6.13849
148300 6.16519
148400 6.16247
148500 6.09141
148600 6.12355
148700 6.18312
148800 6.1683
148900 6.15517
149000 6.1642
149100 6.068
149200 6.14692
149300 6.25524
149400 6.19523
149500 6.16531
149600 6.1946
149700 6.18932
149800 6.22503
149900 6.14389
150000 6.17456
150100 6.17515
150200 6.11751
150300 6.18426
150400 6.20153
150500 6.18001
150600 6.20489
150700 6.1398
150800 6.17358
150900 6.20655
151000 6.21004
151100 6.19382
151200 6.22611
151300 6.19559
151400 6.16051
151500 6.22923
151600 6.19396
151700 6.24407
151800 6.2693
151900 6.215
152000 6.22829
152100 6.23106
152200 6.16622
152300 6.20338
152400 6.22098
152500 6.18726
152600 6.16718
152700 6.2067
152800 6.17494
152900 6.10134
153000 6.21312
153100 6.20642
153200 6.20465
153300 6.25338
153400 6.27881
153500 6.21101
153600 6.25324
153700 6.23911
153800 6.14899
153900 6.15938
154000 6.21849
154100 6.24842
154200 6.24746
154300 6.27234
154400 6.18758
154500 6.25448
154600 6.2576
154700 6.24883
154800 6.27375
154900 6.21579
155000 6.20841
155100 6.18256
155200 6.17833
155300 6.26356
155400 6.23276
155500 6.20572
155600 6.25346
155700 6.28449
155800 6.24597
155900 6.2867
156000 6.34375
156100 6.30316
156200 6.27044
156300 6.29237
156400 6.30164
156500 6.2421
156600 6.29326
156700 6.27731
156800 6.32365
156900 6.38092
157000 6.32011
157100 6.32024
157200 6.34098
157300 6.2774
157400 6.34475
157500 6.34224
157600 6.39116
157700 6.36274
157800 6.29703
157900 6.41557
158000 6.35911
158100 6.36211
158200 6.30574
158300 6.36939
158400 6.33096
158500 6.3048
158600 6.27617
158700 6.29863
158800 6.27358
158900 6.281
159000 6.28397
159100 6.30454
159200 6.30971
159300 6.29775
159400 6.29814
159500 6.34993
159600 6.36875
159700 6.2826
159800 6.36083
159900 6.30384
160000 6.27288
160100 6.33959
160200 6.36566
160300 6.35248
160400 6.30638
160500 6.31041
160600 6.2498
160700 6.28002
160800 6.3449
160900 6.30216
161000 6.24663
161100 6.30242
161200 6.30855
161300 6.28559
161400 6.33204
161500 6.28548
161600 6.28345
161700 6.26139
161800 6.31885
161900 6.28531
162000 6.32241
162100 6.3082
162200 6.30386
162300 6.26452
162400 6.29713
162500 6.24597
162600 6.2394
162700 6.21406
162800 6.23572
162900 6.23406
163000 6.23231
163100 6.2374
163200 6.25262
163300 6.24497
163400 6.24378
163500 6.24072
163600 6.17205
163700 6.22218
163800 6.2741
163900 6.25767
164000 6.23676
164100 6.2116
164200 6.25511
164300 6.2475
164400 6.23024
164500 6.31739
164600 6.21903
164700 6.25929
164800 6.26865
164900 6.25734
165000 6.29092
165100 6.21261
165200 6.21312
165300 6.20206
165400 6.26141
165500 6.21981
165600 6.20441
165700 6.31294
165800 6.29116
165900 6.25746
166000 6.31092
166100 6.29605
166200 6.32456
166300 6.32326
166400 6.3089
166500 6.23813
166600 6.33548
166700 6.3206
166800 6.38726
166900 6.42325
167000 6.3782
167100 6.40867
167200 6.35571
167300 6.37305
167400 6.39328
167500 6.42171
167600 6.41054
167700 6.38688
167800 6.46227
167900 6.40196
168000 6.3263
168100 6.38569
168200 6.38512
168300 6.43251
168400 6.41129
168500 6.37999
168600 6.35661
168700 6.3005
168800 6.34209
168900 6.36992
169000 6.36925
169100 6.33582
169200 6.35464
169300 6.38953
169400 6.38766
169500 6.45693
169600 6.40424
169700 6.39222
169800 6.48463
169900 6.42709
170000 6.41052
170100 6.42657
170200 6.43925
170300 6.42933
170400 6.37618
170500 6.39743
170600 6.4198
170700 6.42826
170800 6.44903
170900 6.45681
171000 6.3626
171100 6.39034
171200 6.44356
171300 6.44656
171400 6.43571
171500 6.35019
171600 6.34311
171700 6.35526
171800 6.39427
171900 6.39243
172000 6.39548
172100 6.38206
172200 6.33251
172300 6.36314
172400 6.38759
172500 6.32008
172600 6.39388
172700 6.48417
172800 6.42054
172900 6.4045
173000 6.35833
173100 6.35356
173200 6.3331
173300 6.268
173400 6.33484
173500 6.3804
173600 6.36759
173700 6.35782
173800 6.34566
173900 6.36819
174000 6.36199
174100 6.31427
174200 6.29124
174300 6.26756
174400 6.33556
174500 6.39577
174600 6.35403
174700 6.37588
174800 6.41914
174900 6.3922
175000 6.45354
175100 6.421
175200 6.42639
175300 6.38119
175400 6.39219
175500 6.36534
175600 6.36403
175700 6.35425
175800 6.32682
175900 6.3604
176000 6.32225
176100 6.329
176200 6.33412
176300 6.36706
176400 6.39601
176500 6.37604
176600 6.34343
176700 6.32739
176800 6.33861
176900 6.39675
177000 6.4097
177100 6.39948
177200 6.38034
177300 6.42459
177400 6.41294
177500 6.40771
177600 6.33403
177700 6.42781
177800 6.39598
177900 6.37759
178000 6.41276
178100 6.47269
178200 6.43072
178300 6.43544
178400 6.3675
178500 6.3443
178600 6.35514
178700 6.37449
178800 6.45564
178900 6.46209
179000 6.40933
179100 6.44627
179200 6.32959
179300 6.3743
179400 6.41183
179500 6.40486
179600 6.44306
179700 6.43753
179800 6.41734
179900 6.43906
180000 6.42329
180100 6.39853
180200 6.42963
180300 6.40757
180400 6.40091
180500 6.38709
180600 6.3998
180700 6.40935
180800 6.35069
180900 6.349
181000 6.43817
181100 6.46813
181200 6.41021
181300 6.40727
181400 6.42039
181500 6.45432
181600 6.39598
181700 6.40536
181800 6.45467
181900 6.45393
182000 6.45875
182100 6.51339
182200 6.41422
182300 6.40233
182400 6.43039
182500 6.43565
182600 6.45875
182700 6.47858
182800 6.4778
182900 6.53802
183000 6.47168
183100 6.53286
183200 6.48887
183300 6.54982
183400 6.58057
183500 6.53424
183600 6.50319
183700 6.54029
183800 6.55965
183900 6.58364
184000 6.54305
184100 6.52921
184200 6.53315
184300 6.42604
184400 6.46961
184500 6.55849
184600 6.53319
184700 6.50766
184800 6.46981
184900 6.47438
185000 6.5305
185100 6.51689
185200 6.50421
185300 6.45722
185400 6.49988
185500 6.47304
185600 6.42405
185700 6.53622
185800 6.45704
185900 6.50164
186000 6.46988
186100 6.44897
186200 6.54118
186300 6.4977
186400 6.47457
186500 6.55018
186600 6.56547
186700 6.46221
186800 6.47931
186900 6.57769
187000 6.61001
187100 6.49017
187200 6.51562
187300 6.54897
187400 6.55713
187500 6.56298
187600 6.52295
187700 6.54923
187800 6.46728
187900 6.49432
188000 6.5184
188100 6.47199
188200 6.56662
188300 6.58607
188400 6.58364
188500 6.55641
188600 6.58694
188700 6.55732
188800 6.52676
188900 6.55536
189000 6.54454
189100 6.58991
189200 6.5781
189300 6.59736
189400 6.55438
189500 6.58454
189600 6.62153
189700 6.54822
189800 6.55657
189900 6.55807
190000 6.55362
190100 6.57408
190200 6.47848
190300 6.52327
190400 6.54588
190500 6.54628
190600 6.49173
190700 6.53526
190800 6.52135
190900 6.52541
191000 6.47046
191100 6.43065
191200 6.46513
191300 6.55113
191400 6.53732
191500 6.58268
191600 6.55734
191700 6.53142
191800 6.51734
191900 6.55526
192000 6.56185
192100 6.53872
192200 6.59602
192300 6.50387
192400 6.55716
192500 6.56613
192600 6.53578
192700 6.56568
192800 6.5422
192900 6.50119
193000 6.63881
193100 6.59592
193200 6.53936
193300 6.53704
193400 6.59845
193500 6.57967
193600 6.61833
193700 6.60789
193800 6.56933
193900 6.52055
194000 6.52694
194100 6.49439
194200 6.46938
194300 6.55235
194400 6.61427
194500 6.56545
194600 6.57519
194700 6.59457
194800 6.61434
194900 6.59437
195000 6.58619
195100 6.63605
195200 6.57052
195300 6.55038
195400 6.58767
195500 6.56999
195600 6.55056
195700 6.57447
195800 6.66756
195900 6.63307
196000 6.63068
196100 6.66706
196200 6.68959
196300 6.63005
196400 6.6095
196500 6.63081
196600 6.68128
196700 6.63472
196800 6.61749
196900 6.60585
197000 6.65681
197100 6.67477
197200 6.655
197300 6.70146
197400 6.60634
197500 6.68146
197600 6.68337
197700 6.71313
197800 6.67283
197900 6.65829
198000 6.6717
198100 6.66317
198200 6.61697
198300 6.67163
198400 6.71067
198500 6.70466
198600 6.71282
198700 6.69265
198800 6.62692
198900 6.67958
199000 6.76667
199100 6.71701
199200 6.75326
199300 6.75637
199400 6.66212
199500 6.70621
199600 6.75999
199700 6.76161
199800 6.73439
199900 6.79328
200000 6.68082
200100 6.6832
200200 6.66974
200300 6.6817
200400 6.66779
200500 6.64656
200600 6.71808
200700 6.67382
200800 6.66222
200900 6.63541
201000 6.67652
201100 6.67926
201200 6.58968
201300 6.68466
201400 6.73763
201500 6.67475
201600 6.64548
201700 6.67856
201800 6.62535
201900 6.63836
202000 6.63556
202100 6.7337
202200 6.71099
202300 6.67376
202400 6.70595
202500 6.70196
202600 6.6834
202700 6.62428
202800 6.64625
202900 6.63701
203000 6.63739
203100 6.66559
203200 6.65025
203300 6.75461
203400 6.77029
203500 6.70656
203600 6.6314
203700 6.64796
203800 6.59904
203900 6.67565
204000 6.65024
204100 6.69807
204200 6.68802
204300 6.70587
204400 6.73638
204500 6.71792
204600 6.76734
204700 6.76397
204800 6.80435
204900 6.73024
205000 6.77725
205100 6.84493
205200 6.79884
205300 6.81418
205400 6.77069
205500 6.67015
205600 6.74578
205700 6.71248
205800 6.69652
205900 6.69812
206000 6.68231
206100 6.71268
206200 6.69818
206300 6.67981
206400 6.59466
206500 6.69961
206600 6.7137
206700 6.77107
206800 6.71935
206900 6.74695
207000 6.76286
207100 6.69497
207200 6.76239
207300 6.75325
207400 6.74253
207500 6.77484
207600 6.71228
207700 6.75381
207800 6.78253
207900 6.70911
208000 6.75142
208100 6.73947
208200 6.6583
208300 6.7261
208400 6.69366
208500 6.71066
208600 6.8002
208700 6.74089
208800 6.81127
208900 6.7323
209000 6.7039
209100 6.74815
209200 6.79731
209300 6.78865
209400 6.71699
209500 6.74931
209600 6.74747
209700 6.7351
209800 6.71931
209900 6.71596
210000 6.69367
210100 6.71395
210200 6.65506
210300 6.72726
210400 6.69193
210500 6.66411
210600 6.72629
210700 6.67668
210800 6.68343
210900 6.75002
211000 6.68668
211100 6.6681
211200 6.7186
211300 6.71392
211400 6.66807
211500 6.70398
211600 6.65607
211700 6.63975
211800 6.72482
211900 6.64985
212000 6.73486
212100 6.72561
212200 6.71023
212300 6.7053
212400 6.69007
212500 6.73
212600 6.66747
212700 6.70508
212800 6.67078
212900 6.73514
213000 6.69782
213100 6.74314
213200 6.67278
213300 6.71541
213400 6.73744
213500 6.66714
213600 6.67699
213700 6.75288
213800 6.67579
213900 6.64002
214000 6.75895
214100 6.77121
214200 6.72756
214300 6.7117
214400 6.68952
214500 6.71694
214600 6.73625
214700 6.70136
214800 6.6501
214900 6.6857
215000 6.65506
215100 6.75055
215200 6.68009
215300 6.71419
215400 6.7091
215500 6.72246
215600 6.6803
215700 6.69788
215800 6.67937
215900 6.69292
216000 6.76072
216100 6.69678
216200 6.71028
216300 6.7351
216400 6.7699
216500 6.7644
216600 6.80496
216700 6.79177
216800 6.75314
216900 6.72079
217000 6.75267
217100 6.76296
217200 6.79593
217300 6.87356
217400 6.86245
217500 6.77136
217600 6.79518
217700 6.78951
217800 6.7943
217900 6.7745
218000 6.77003
218100 6.83546
218200 6.89409
218300 6.79452
218400 6.82588
218500 6.84948
218600 6.78416
218700 6.77001
218800 6.79497
218900 6.74081
219000 6.69913
219100 6.70242
219200 6.71058
219300 6.73307
219400 6.76315
219500 6.75017
219600 6.75259
219700 6.74874
219800 6.78014
219900 6.76486
220000 6.75185
220100 6.77187
220200 6.77976
220300 6.81036
220400 6.7948
220500 6.87606
220600 6.82105
220700 6.78892
220800 6.73709
220900 6.7491
221000 6.76418
221100 6.81419
221200 6.79567
221300 6.80872
221400 6.82248
221500 6.84513
221600 6.89666
221700 6.85202
221800 6.86347
221900 6.82135
222000 6.80307
222100 6.72121
222200 6.78216
222300 6.73366
222400 6.83972
222500 6.85871
222600 6.78343
222700 6.82235
222800 6.75004
222900 6.77468
223000 6.77417
223100 6.81762
223200 6.78168
223300 6.88923
223400 6.83276
223500 6.8165
223600 6.85319
223700 6.79038
223800 6.8431
223900 6.87526
224000 6.83949
224100 6.84666
224200 6.86142
224300 6.87229
224400 6.7694
224500 6.89708
224600 6.82004
224700 6.86785
224800 6.89546
224900 6.85954
225000 6.85405
225100 6.90445
225200 6.8754
225300 6.83212
225400 6.87642
225500 6.8533
225600 6.87977
225700 6.85189
225800 6.83463
225900 6.82355
226000 6.85894
226100 6.78605
226200 6.76437
226300 6.90303
226400 6.844
226500 6.85136
226600 6.88822
226700 6.82305
226800 6.81442
226900 6.88516
227000 6.93033
227100 6.88348
227200 6.85715
227300 6.85793
227400 6.88667
227500 6.89895
227600 6.85794
227700 6.87297
227800 6.84644
227900 6.87098
228000 6.83442
228100 6.86068
228200 6.92976
228300 6.82345
228400 6.85714
228500 6.85435
228600 6.91505
228700 6.89507
228800 6.93897
228900 6.93019
229000 6.93496
229100 6.82501
229200 6.85265
229300 6.91543
229400 6.93739
229500 6.92622
229600 6.90475
229700 6.88976
229800 6.90119
229900 6.95773
230000 6.92969
230100 6.92572
230200 6.95037
230300 6.91041
230400 6.96403
230500 7.00342
230600 7.00858
230700 6.96599
230800 6.98202
230900 6.98856
231000 6.96831
231100 6.9614
231200 6.95258
231300 7.00746
231400 6.94645
231500 6.96539
231600 6.95172
231700 6.90283
231800 7.04825
231900 7.0065
232000 6.9902
232100 6.97429
232200 7.02972
232300 6.98896
232400 6.93757
232500 6.95927
232600 7.04301
232700 6.99067
232800 6.93139
232900 6.96142
233000 7.04238
233100 6.94392
233200 7.07513
233300 7.04129
233400 7.02603
233500 6.96959
233600 6.98602
233700 7.00148
233800 7.00772
233900 7.047
234000 7.05967
234100 6.97853
234200 7.05766
234300 7.04182
234400 7.06375
234500 7.03144
234600 7.0466
234700 7.04878
234800 7.04789
234900 6.99105
235000 7.08907
235100 7.07104
235200 7.14096
235300 7.0954
235400 7.14007
235500 7.04335
235600 7.06853
235700 7.04167
235800 7.10528
235900 7.14961
236000 7.08596
236100 7.12559
236200 7.15979
236300 7.10065
236400 7.07768
236500 7.11122
236600 7.1351
236700 7.09293
236800 7.04133
236900 7.18947
237000 7.12236
237100 7.08373
237200 7.0891
237300 7.11292
237400 7.11067
237500 7.07168
237600 7.0435
237700 6.99984
237800 7.04573
237900 7.0358
238000 7.06757
238100 7.08719
238200 7.0543
238300 7.0457
238400 7.09076
238500 7.18163
238600 7.05296
238700 7.10264
238800 7.06969
238900 7.11291
239000 7.02224
239100 7.09288
239200 7.04656
239300 7.01817
239400 7.10717
239500 7.07551
239600 7.07149
239700 7.07239
239800 7.06288
239900 7.10027
240000 7.18442
240100 7.11718
240200 7.1232
240300 7.19055
240400 7.07913
240500 7.06627
240600 7.13162
240700 7.12286
240800 7.06926
240900 7.10444
241000 7.06743
241100 7.0667
241200 7.02761
241300 7.1534
241400 7.08274
241500 7.06669
241600 7.09579
241700 7.06985
241800 7.10223
241900 7.1006
242000 7.1984
242100 7.08929
242200 7.12636
242300 7.08706
242400 7.08481
242500 7.12726
242600 7.15034
242700 7.11045
242800 7.13381
242900 7.14297
243000 7.1281
243100 7.07866
243200 7.05126
243300 7.12957
243400 7.13726
243500 7.13324
243600 7.15216
243700 7.21147
243800 7.15911
243900 7.14513
244000 7.27333
244100 7.12518
244200 7.12701
244300 7.18247
244400 7.13789
244500 7.13559
244600 7.17237
244700 7.15054
244800 7.21152
244900 7.16176
245000 7.0957
245100 7.06393
245200 7.11817
245300 7.14441
245400 7.08644
245500 7.12834
245600 7.13808
245700 7.16277
245800 7.13825
245900 7.09611
246000 7.06263
246100 7.10914
246200 7.12422
246300 7.06882
246400 7.05863
246500 7.08874
246600 7.05986
246700 7.09979
246800 7.12436
246900 7.08841
247000 7.1001
247100 7.17495
247200 7.05776
247300 7.0469
247400 7.04431
247500 7.10617
247600 7.1305
247700 7.10512
247800 7.07506
247900 7.06895
248000 7.07488
248100 7.02432
248200 7.04194
248300 7.11994
248400 7.17159
248500 7.16918
248600 7.21071
248700 7.14247
248800 7.12034
248900 7.09804
249000 7.09068
249100 7.16889
249200 7.16527
249300 7.0873
249400 7.12399
249500 7.06629
249600 7.08579
249700 7.13292
249800 7.09323
249900 7.16624
250000 7.15151
250100 7.08441
250200 7.11324
250300 7.11561
250400 7.13045
250500 7.10548
250600 7.13356
250700 7.15009
250800 7.11994
250900 7.14546
251000 7.09905
251100 7.20227
251200 7.13661
251300 7.12075
251400 7.20383
251500 7.1538
251600 7.07083
251700 7.06953
251800 7.1322
251900 7.15189
252000 7.15266
252100 7.11197
252200 7.16485
252300 7.16862
252400 7.1587
252500 7.1603
252600 7.11595
252700 7.09402
252800 7.10252
252900 7.17357
253000 7.18422
253100 7.23753
253200 7.19602
253300 7.15116
253400 7.11265
253500 7.18825
253600 7.18555
253700 7.1672
253800 7.16761
253900 7.21324
254000 7.16719
254100 7.08986
254200 7.10752
254300 7.17749
254400 7.11682
254500 7.1159
254600 7.10978
254700 7.09746
254800 7.09024
254900 7.15163
255000 7.10491
255100 7.0853
255200 7.10603
255300 7.12015
255400 7.16023
255500 7.13695
255600 7.15057
255700 7.15334
255800 7.10364
255900 7.19858
256000 7.14309
256100 7.05259
256200 7.08491
256300 7.08616
256400 7.19931
256500 7.15051
256600 7.10736
256700 7.0812
256800 7.10845
256900 7.12779
257000 7.13336
257100 7.20284
257200 7.22777
257300 7.14155
257400 7.13452
257500 7.18176
257600 7.13104
257700 7.20173
257800 7.17027
257900 7.21425
258000 7.20443
258100 7.16857
258200 7.23956
258300 7.1578
258400 7.12542
258500 7.17498
258600 7.16612
258700 7.2808
258800 7.22865
258900 7.25106
259000 7.17688
259100 7.22327
259200 7.14712
259300 7.13879
259400 7.19783
259500 7.22701
259600 7.16131
259700 7.26911
259800 7.18917
259900 7.2575
260000 7.19976
260100 7.15406
260200 7.27521
260300 7.24728
260400 7.2904
260500 7.244
260600 7.27109
260700 7.22531
260800 7.2712
260900 7.2084
261000 7.29815
261100 7.24584
261200 7.29453
261300 7.22086
261400 7.32493
261500 7.27749
261600 7.23375
261700 7.34206
261800 7.25469
261900 7.25011
262000 7.22911
262100 7.27286
262200 7.26966
262300 7.256
262400 7.32377
262500 7.26008
262600 7.28391
262700 7.33294
262800 7.26914
262900 7.37437
263000 7.32931
263100 7.3066
263200 7.26281
263300 7.34412
263400 7.24962
263500 7.36625
263600 7.28996
263700 7.29579
263800 7.33625
263900 7.33969
264000 7.36705
264100 7.31433
264200 7.28165
264300 7.35107
264400 7.26367
264500 7.35726
264600 7.32539
264700 7.34691
264800 7.29656
264900 7.29231
265000 7.32507
265100 7.31754
265200 7.30393
265300 7.31069
265400 7.38138
265500 7.24066
265600 7.24998
265700 7.28682
265800 7.30532
265900 7.26904
266000 7.31432
266100 7.35899
266200 7.36998
266300 7.37795
266400 7.34476
266500 7.35177
266600 7.3678
266700 7.27078
266800 7.38082
266900 7.37045
267000 7.27427
267100 7.38117
267200 7.39027
267300 7.37277
267400 7.36388
267500 7.32959
267600 7.3412
267700 7.31269
267800 7.33622
267900 7.30907
268000 7.38017
268100 7.36907
268200 7.35831
268300 7.31498
268400 7.36391
268500 7.42873
268600 7.38505
268700 7.2957
268800 7.38882
268900 7.37113
269000 7.33201
269100 7.39455
269200 7.41347
269300 7.38176
269400 7.30535
269500 7.38088
269600 7.31922
269700 7.36893
269800 7.39998
269900 7.4392
270000 7.48966
270100 7.44352
270200 7.43592
270300 7.39648
270400 7.37325
270500 7.40544
270600 7.3281
270700 7.34911
270800 7.43492
270900 7.28151
271000 7.36973
271100 7.33714
271200 7.35867
271300 7.36928
271400 7.37901
271500 7.31712
271600 7.37224
271700 7.41582
271800 7.47209
271900 7.35926
272000 7.383
272100 7.35961
272200 7.36165
272300 7.3336
272400 7.30698
272500 7.35762
272600 7.28222
272700 7.33028
272800 7.37562
272900 7.34603
273000 7.36903
273100 7.3452
273200 7.31053
273300 7.29366
273400 7.26834
273500 7.25356
273600 7.35367
273700 7.34661
273800 7.33044
273900 7.39185
274000 7.34939
274100 7.37524
274200 7.28864
274300 7.27332
274400 7.36813
274500 7.37218
274600 7.40801
274700 7.44326
274800 7.34211
274900 7.41833
275000 7.39381
275100 7.3394
275200 7.40828
275300 7.34574
275400 7.40088
275500 7.38142
275600 7.34921
275700 7.36807
275800 7.36427
275900 7.33362
276000 7.34334
276100 7.28385
276200 7.35857
276300 7.33396
276400 7.37336
276500 7.36314
276600 7.37294
276700 7.34389
276800 7.34165
276900 7.31638
277000 7.28672
277100 7.33376
277200 7.30252
277300 7.35217
277400 7.35367
277500 7.27148
277600 7.31509
277700 7.2863
277800 7.29842
277900 7.28181
278000 7.37038
278100 7.3357
278200 7.29458
278300 7.33827
278400 7.34684
278500 7.37944
278600 7.31528
278700 7.35665
278800 7.32847
278900 7.36286
279000 7.29153
279100 7.26261
279200 7.33334
279300 7.29735
279400 7.32089
279500 7.34567
279600 7.26195
279700 7.29446
279800 7.30657
279900 7.28835
280000 7.33549
280100 7.29098
280200 7.35379
280300 7.38941
280400 7.4051
280500 7.28191
280600 7.3083
280700 7.3524
280800 7.37793
280900 7.32893
281000 7.26447
281100 7.28785
281200 7.40392
281300 7.37164
281400 7.31512
281500 7.30706
281600 7.3231
281700 7.32841
281800 7.31065
281900 7.34111
282000 7.33948
282100 7.30963
282200 7.361
282300 7.38493
282400 7.36905
282500 7.39049
282600 7.39282
282700 7.29756
282800 7.34393
282900 7.30197
283000 7.44133
283100 7.33272
283200 7.35841
283300 7.37327
283400 7.36863
283500 7.35161
283600 7.34556
283700 7.29166
283800 7.32475
283900 7.36732
284000 7.32451
284100 7.32335
284200 7.32026
284300 7.35109
284400 7.36585
284500 7.3351
284600 7.3579
284700 7.33824
284800 7.35913
284900 7.31107
285000 7.43485
285100 7.4204
285200 7.40701
285300 7.45168
285400 7.35879
285500 7.36671
285600 7.35298
285700 7.29309
285800 7.4352
285900 7.35271
286000 7.37452
286100 7.37335
286200 7.3621
286300 7.38881
286400 7.36624
286500 7.40119
286600 7.373
286700 7.34958
286800 7.32574
286900 7.39273
287000 7.32648
287100 7.24444
287200 7.28706
287300 7.29174
287400 7.31115
287500 7.2945
287600 7.3295
287700 7.35524
287800 7.29606
287900 7.38251
288000 7.27
288100 7.34089
288200 7.30235
288300 7.33077
288400 7.30066
288500 7.26819
288600 7.31751
288700 7.34262
288800 7.27366
288900 7.31652
289000 7.31588
289100 7.38169
289200 7.33678
289300 7.3354
289400 7.29694
289500 7.33853
289600 7.27147
289700 7.27389
289800 7.29367
289900 7.28857
290000 7.28997
290100 7.26871
290200 7.34304
290300 7.26174
290400 7.33508
290500 7.38253
290600 7.40975
290700 7.40089
290800 7.40162
290900 7.41883
291000 7.39146
291100 7.39597
291200 7.39144
291300 7.41132
291400 7.41268
291500 7.39401
291600 7.37311
291700 7.31344
291800 7.4148
291900 7.35716
292000 7.45379
292100 7.47932
292200 7.43732
292300 7.44312
292400 7.34774
292500 7.47838
292600 7.40265
292700 7.39546
292800 7.40937
292900 7.42619
293000 7.42183
293100 7.37712
293200 7.4065
293300 7.39204
293400 7.46543
293500 7.41498
293600 7.38309
293700 7.40191
293800 7.39682
293900 7.42587
294000 7.36354
294100 7.43584
294200 7.38224
294300 7.36973
294400 7.43084
294500 7.42072
294600 7.41757
294700 7.47385
294800 7.47698
294900 7.40558
295000 7.38029
295100 7.43982
295200 7.44444
295300 7.39899
295400 7.44236
295500 7.44371
295600 7.41655
295700 7.40753
295800 7.41294
295900 7.46451
296000 7.43959
296100 7.44667
296200 7.37453
296300 7.46727
296400 7.37125
296500 7.41412
296600 7.51568
296700 7.33709
296800 7.39077
296900 7.3906
297000 7.40246
297100 7.41445
297200 7.41675
297300 7.38991
297400 7.34702
297500 7.41113
297600 7.33614
297700 7.3835
297800 7.40722
297900 7.41572
298000 7.35692
298100 7.3742
298200 7.4451
298300 7.37775
298400 7.34605
298500 7.45603
298600 7.43047
298700 7.44883
298800 7.46628
298900 7.44894
299000 7.35035
299100 7.39211
299200 7.42676
299300 7.37189
299400 7.33834
299500 7.3732
299600 7.42392
299700 7.43237
299800 7.43627
299900 7.45247
300000 7.37937
300100 7.38724
300200 7.33523
300300 7.40763
300400 7.41079
300500 7.31262
300600 7.41594
300700 7.45119
300800 7.39238
300900 7.3985
301000 7.47518
301100 7.36858
301200 7.30758
301300 7.41425
301400 7.43843
301500 7.43717
301600 7.38743
301700 7.43961
301800 7.42975
301900 7.402
302000 7.3706
302100 7.39105
302200 7.47265
302300 7.37194
302400 7.4027
302500 7.37204
302600 7.35194
302700 7.4351
302800 7.4801
302900 7.47765
303000 7.41462
303100 7.43667
303200 7.47191
303300 7.47126
303400 7.39857
303500 7.45813
303600 7.4301
303700 7.45915
303800 7.49892
303900 7.3884
304000 7.37305
304100 7.42078
304200 7.43052
304300 7.4645
304400 7.49572
304500 7.39999
304600 7.45552
304700 7.48775
304800 7.45979
304900 7.52214
305000 7.47668
305100 7.49045
305200 7.5084
305300 7.46725
305400 7.45508
305500 7.4802
305600 7.43568
305700 7.42906
305800 7.38224
305900 7.38755
306000 7.44834
306100 7.46239
306200 7.45057
306300 7.42333
306400 7.46212
306500 7.44155
306600 7.40432
306700 7.48785
306800 7.44112
306900 7.40583
307000 7.41604
307100 7.40783
307200 7.46189
307300 7.44161
307400 7.48404
307500 7.46143
307600 7.45457
307700 7.50189
307800 7.46775
307900 7.48881
308000 7.44337
308100 7.50098
308200 7.45885
308300 7.43369
308400 7.34554
308500 7.41674
308600 7.49786
308700 7.45292
308800 7.41334
308900 7.50319
309000 7.38303
309100 7.39871
309200 7.49614
309300 7.51439
309400 7.44435
309500 7.49181
309600 7.49115
309700 7.45165
309800 7.44561
309900 7.46843
310000 7.55273
310100 7.50267
310200 7.42824
310300 7.48771
310400 7.41774
310500 7.52922
310600 7.51619
310700 7.50064
310800 7.50641
310900 7.5144
311000 7.42424
311100 7.46915
311200 7.54076
311300 7.4713
311400 7.55079
311500 7.48506
311600 7.4616
311700 7.48747
311800 7.47902
311900 7.38444
312000 7.38179
312100 7.44332
312200 7.44175
312300 7.42328
312400 7.39886
312500 7.30045
312600 7.39762
312700 7.37754
312800 7.42988
312900 7.4597
313000 7.4522
313100 7.46886
313200 7.46587
313300 7.39161
313400 7.38781
313500 7.39662
313600 7.44327
313700 7.48057
313800 7.4319
313900 7.45437
314000 7.39047
314100 7.4135
314200 7.4373
314300 7.47313
314400 7.4418
314500 7.51745
314600 7.57546
314700 7.49143
314800 7.44031
314900 7.43766
315000 7.47488
315100 7.45129
315200 7.47765
315300 7.44474
315400 7.50049
315500 7.47508
315600 7.48512
315700 7.50467
315800 7.48054
315900 7.4819
316000 7.45244
316100 7.45725
316200 7.43212
316300 7.53207
316400 7.52851
316500 7.42619
316600 7.44175
316700 7.47824
316800 7.55717
316900 7.50276
317000 7.49326
317100 7.51719
317200 7.56299
317300 7.47134
317400 7.53405
317500 7.54157
317600 7.51702
317700 7.53313
317800 7.53009
317900 7.47262
318000 7.56185
318100 7.50707
318200 7.45101
318300 7.41262
318400 7.39164
318500 7.51977
318600 7.48722
318700 7.52177
318800 7.51747
318900 7.5258
319000 7.49781
319100 7.465
319200 7.5396
319300 7.56172
319400 7.56019
319500 7.58263
319600 7.5103
319700 7.50478
319800 7.51437
319900 7.47334
320000 7.54878
320100 7.43787
320200 7.49232
320300 7.41816
320400 7.50091
320500 7.52964
320600 7.47805
320700 7.48717
320800 7.51068
320900 7.56379
321000 7.53512
321100 7.47862
321200 7.59414
321300 7.5155
321400 7.55551
321500 7.48684
321600 7.51205
321700 7.48285
321800 7.51374
321900 7.50383
322000 7.51455
322100 7.56001
322200 7.57875
322300 7.5429
322400 7.52769
322500 7.49248
322600 7.54576
322700 7.54052
322800 7.47099
322900 7.49053
323000 7.58939
323100 7.52429
323200 7.50592
323300 7.56174
323400 7.56888
323500 7.5396
323600 7.52353
323700 7.45382
323800 7.52357
323900 7.51554
324000 7.56165
324100 7.57692
324200 7.59427
324300 7.54558
324400 7.53717
324500 7.57027
324600 7.56593
324700 7.5692
324800 7.61525
324900 7.63826
325000 7.58514
325100 7.56227
325200 7.59194
325300 7.57806
325400 7.66507
325500 7.62895
325600 7.6973
325700 7.61189
325800 7.62978
325900 7.52642
326000 7.62551
326100 7.56936
326200 7.57876
326300 7.5693
326400 7.6042
326500 7.64454
326600 7.55101
326700 7.50352
326800 7.58978
326900 7.58257
327000 7.61456
327100 7.60465
327200 7.6462
327300 7.65765
327400 7.68568
327500 7.61314
327600 7.64793
327700 7.59559
327800 7.60859
327900 7.64835
328000 7.62788
328100 7.53757
328200 7.52297
328300 7.51504
328400 7.53889
328500 7.54209
328600 7.55026
328700 7.56651
328800 7.52417
328900 7.58647
329000 7.53477
329100 7.58835
329200 7.50935
329300 7.57766
329400 7.55722
329500 7.58376
329600 7.60878
329700 7.52919
329800 7.56004
329900 7.535
330000 7.52268
330100 7.60035
330200 7.57546
330300 7.55127
330400 7.61578
330500 7.55265
330600 7.57358
330700 7.49911
330800 7.5779
330900 7.60659
331000 7.59519
331100 7.60592
331200 7.51584
331300 7.56054
331400 7.56195
331500 7.52737
331600 7.58477
331700 7.59194
331800 7.58695
331900 7.58822
332000 7.53767
332100 7.55273
332200 7.54251
332300 7.56225
332400 7.56826
332500 7.56731
332600 7.59764
332700 7.53731
332800 7.61889
332900 7.56993
333000 7.54067
333100 7.54995
333200 7.60077
333300 7.59244
333400 7.57041
333500 7.55852
333600 7.58599
333700 7.55099
333800 7.54314
333900 7.56723
334000 7.58149
334100 7.61752
334200 7.63099
334300 7.61246
334400 7.62077
334500 7.66833
334600 7.5924
334700 7.5738
334800 7.55173
334900 7.62794
335000 7.56791
335100 7.62635
335200 7.58033
335300 7.60061
335400 7.62787
335500 7.69069
335600 7.66244
335700 7.55523
335800 7.56383
335900 7.65372
336000 7.60978
336100 7.61063
336200 7.7154
336300 7.60158
336400 7.58577
336500 7.58426
336600 7.60334
336700 7.64444
336800 7.51682
336900 7.57037
337000 7.62482
337100 7.685
337200 7.62166
337300 7.63915
337400 7.5433
337500 7.64842
337600 7.60409
337700 7.65984
337800 7.71847
337900 7.6538
338000 7.6822
338100 7.59307
338200 7.64217
338300 7.626
338400 7.69274
338500 7.68501
338600 7.61117
338700 7.59773
338800 7.56446
338900 7.65129
339000 7.65792
339100 7.68185
339200 7.69044
339300 7.60522
339400 7.56114
339500 7.65385
339600 7.6059
339700 7.55787
339800 7.58025
339900 7.58008
340000 7.59602
340100 7.58386
340200 7.57627
340300 7.63641
340400 7.6076
340500 7.63796
340600 7.63325
340700 7.57855
340800 7.57682
340900 7.62483
341000 7.63442
341100 7.63472
341200 7.63327
341300 7.65419
341400 7.64872
341500 7.70182
341600 7.73562
341700 7.63849
341800 7.64735
341900 7.66646
342000 7.66913
342100 7.62331
342200 7.62196
342300 7.66965
342400 7.63608
342500 7.64505
342600 7.65292
342700 7.71615
342800 7.66662
342900 7.62451
343000 7.56765
343100 7.6499
343200 7.65318
343300 7.64852
343400 7.70649
343500 7.71288
343600 7.63252
343700 7.66045
343800 7.60573
343900 7.64435
344000 7.6606
344100 7.54507
344200 7.60128
344300 7.71772
344400 7.70893
344500 7.70208
344600 7.68048
344700 7.63153
344800 7.6964
344900 7.61718
345000 7.61962
345100 7.68766
345200 7.68439
345300 7.69198
345400 7.70903
345500 7.63656
345600 7.64508
345700 7.62991
345800 7.70504
345900 7.69225
346000 7.72368
346100 7.64899
346200 7.72008
346300 7.76014
346400 7.69535
346500 7.74059
346600 7.68151
346700 7.66062
346800 7.71848
346900 7.68646
347000 7.64089
347100 7.77951
347200 7.72559
347300 7.74587
347400 7.69669
347500 7.71014
347600 7.6301
347700 7.72915
347800 7.75642
347900 7.66725
348000 7.66024
348100 7.6316
348200 7.68741
348300 7.66699
348400 7.74736
348500 7.58252
348600 7.68662
348700 7.68039
348800 7.61926
348900 7.62144
349000 7.68649
349100 7.68968
349200 7.7534
349300 7.76508
349400 7.74143
349500 7.69989
349600 7.69666
349700 7.68271
349800 7.71463
349900 7.76872
350000 7.68769
