# Time-averaged data for fix all_msd
# TimeStep c_msd1[4]
0 2.04939e-29
100 0.303935
200 0.495166
300 0.71306
400 0.978935
500 1.26013
600 1.48285
700 1.7561
800 2.00101
900 2.34186
1000 2.60469
1100 2.82951
1200 2.96244
1300 3.16196
1400 3.34502
1500 3.50166
1600 3.72467
1700 3.99219
1800 4.19268
1900 4.55567
2000 4.65663
2100 4.71473
2200 4.80224
2300 5.05025
2400 5.26326
2500 5.52897
2600 5.6368
2700 5.73364
2800 5.89962
2900 6.01453
3000 6.18905
3100 6.38554
3200 6.65278
3300 6.81639
3400 6.87888
3500 7.02854
3600 7.14563
3700 7.32625
3800 7.52869
3900 7.79169
4000 8.00357
4100 8.31877
4200 8.53518
4300 8.72134
4400 8.78764
4500 8.90673
4600 8.96526
4700 9.04729
4800 9.1933
4900 9.5772
5000 9.62107
5100 9.64708
5200 9.77961
5300 9.85012
5400 9.95472
5500 10.2208
5600 10.3935
5700 10.6952
5800 10.7278
5900 10.8414
6000 11.1307
6100 11.306
6200 11.4915
6300 11.5543
6400 11.6595
6500 11.91
6600 11.8543
6700 12.0686
6800 12.0751
6900 12.3313
7000 12.5787
7100 12.6934
7200 12.8535
7300 12.9052
7400 12.9272
7500 13.1985
7600 13.3896
7700 13.2889
7800 13.5276
7900 13.6877
8000 13.7081
8100 13.932
8200 14.042
8300 14.0448
8400 14.1641
8500 14.3418
8600 14.3794
8700 14.5615
8800 14.6995
8900 14.8827
9000 14.8772
9100 15.0288
9200 15.1973
9300 15.2861
9400 15.38
9500 15.2707
9600 15.5808
9700 15.5495
9800 15.7649
9900 16.0102
10000 16.1501
10100 16.2937
10200 16.4232
10300 16.433
10400 16.6542
10500 16.4407
10600 16.629
10700 16.6585
10800 16.652
10900 16.8898
11000 16.8236
11100 17.1631
11200 17.2798
11300 17.2868
11400 17.3226
11500 17.5253
11600 17.678
11700 17.8045
11800 18.0946
11900 18.0829
12000 18.2526
12100 18.4632
12200 18.5431
12300 18.5493
12400 18.7728
12500 18.7102
12600 18.883
12700 18.9909
12800 18.9874
12900 18.8667
13000 19.0455
13100 19.2756
13200 19.2961
13300 19.3315
13400 19.5245
13500 19.7432
13600 19.9859
13700 20.165
13800 20.0624
13900 20.2851
14000 20.6431
14100 20.7124
14200 20.8175
14300 20.8466
14400 21.0017
14500 21.0797
14600 21.2542
14700 21.4758
14800 21.4658
14900 21.6135
15000 21.7166
15100 21.8333
15200 21.9185
15300 22.0037
15400 22.3787
15500 22.4984
15600 22.715
15700 22.8837
15800 22.9322
15900 23.2052
16000 23.2026
16100 23.2057
16200 23.4382
16300 23.7115
16400 23.6642
16500 23.6889
16600 23.8834
16700 23.9587
16800 24.3318
16900 24.1097
17000 24.2429
17100 24.3931
17200 24.618
17300 24.5722
17400 25.0607
17500 24.8782
17600 24.8953
17700 24.9514
17800 24.8628
17900 25.0488
18000 25.0397
18100 25.4973
18200 25.2886
18300 25.264
18400 25.3996
18500 25.5113
18600 25.7346
18700 25.9329
18800 25.8817
18900 25.8205
19000 26.2281
19100 26.2655
19200 26.3636
19300 26.6087
19400 26.6644
19500 26.8699
19600 26.9831
19700 27.177
19800 27.1891
19900 27.0725
20000 27.3941
20100 27.5535
20200 27.6293
20300 27.6842
20400 27.7512
20500 27.8247
20600 28.0862
20700 28.1557
20800 28.5161
20900 28.7132
21000 28.8087
21100 28.8404
21200 29.0604
21300 29.0055
21400 28.9351
21500 29.0088
21600 29.1842
21700 29.1799
21800 29.2532
21900 29.5079
22000 29.7241
22100 29.8702
22200 29.9643
22300 29.8829
22400 30.1022
22500 30.1526
22600 30.1869
22700 30.4192
22800 30.302
22900 30.5299
23000 30.4794
23100 30.4464
23200 30.416
23300 30.5441
23400 30.8443
23500 31.1152
23600 31.0825
23700 30.8036
23800 31.2019
23900 31.6253
24000 31.4498
24100 31.6489
24200 31.5879
24300 31.5697
24400 31.8189
24500 31.6351
24600 31.8909
24700 32.2267
24800 32.1464
24900 32.1964
25000 32.1973
25100 32.3299
25200 32.5434
25300 32.8403
25400 32.9272
25500 33.3831
25600 33.3066
25700 33.3499
25800 33.6111
25900 33.569
26000 33.6521
26100 33.4164
26200 33.725
26300 33.9843
26400 33.9597
26500 34.1397
26600 34.2249
26700 34.1854
26800 34.3151
26900 34.4441
27000 34.5232
27100 34.7426
27200 34.6875
27300 34.6983
27400 34.8461
27500 34.9268
27600 35.2059
27700 35.4675
27800 35.6538
27900 35.4566
28000 35.7565
28100 36.0569
28200 35.8127
28300 36.0811
28400 36.4497
28500 36.2788
28600 36.4508
28700 36.4649
28800 36.5394
28900 36.6381
29000 36.613
29100 36.9306
29200 37.1587
29300 37.1204
29400 37.4071
29500 37.4478
29600 37.6324
29700 37.7875
29800 37.9986
29900 38.0651
30000 38.379
30100 38.4697
30200 38.5055
30300 38.569
30400 38.6333
30500 38.8112
30600 38.7951
30700 38.9015
30800 39.1352
30900 39.2944
31000 39.7508
31100 39.8692
31200 39.7981
31300 40.2412
31400 40.3611
31500 40.2492
31600 40.4894
31700 40.2676
31800 40.6812
31900 40.5958
32000 40.7267
32100 41.1615
32200 41.081
32300 41.5032
32400 41.6228
32500 41.9596
32600 41.9593
32700 41.8215
32800 42.0455
32900 41.9837
33000 42.0229
33100 42.1302
33200 42.0465
33300 42.3876
33400 42.4487
33500 42.3502
33600 42.5951
33700 42.8533
33800 43.0002
33900 42.9431
34000 43.1057
34100 43.0731
34200 43.2515
34300 43.523
34400 43.6231
34500 43.7458
34600 44.1699
34700 44.3638
34800 44.4616
34900 44.7641
35000 44.67
35100 44.7273
35200 44.9851
35300 45.3198
35400 45.1464
35500 45.1852
35600 45.152
35700 45.0735
35800 45.4425
35900 45.5744
36000 45.4917
36100 45.5603
36200 45.7493
36300 45.9467
36400 46.1458
36500 46.1636
36600 46.5
36700 46.5147
36800 46.6894
36900 46.8122
37000 46.8932
37100 47.456
37200 47.4162
37300 47.5336
37400 47.6773
37500 48.3404
37600 47.8616
37700 48.0923
37800 48.2485
37900 48.6447
38000 49.0564
38100 48.5966
38200 48.9591
38300 48.9164
38400 49.1816
38500 49.4675
38600 49.4902
38700 49.6062
38800 49.7273
38900 49.6753
39000 49.7242
39100 49.6643
39200 49.5834
39300 49.8303
39400 49.8266
39500 50.0148
39600 49.9184
39700 50.2221
39800 50.234
39900 50.4618
40000 50.5081
40100 50.8401
40200 50.99
40300 50.6707
40400 50.4756
40500 50.792
40600 51.2293
40700 51.0882
40800 51.1472
40900 51.0552
41000 51.753
41100 51.5617
41200 51.8451
41300 51.8578
41400 51.6528
41500 52.0215
41600 52.4265
41700 52.2241
41800 52.5115
41900 52.3741
42000 52.3993
42100 52.1808
42200 52.6541
42300 52.7055
42400 52.7866
42500 52.9745
42600 52.7343
42700 52.7396
42800 52.79
42900 53.1506
43000 53.1756
43100 53.0615
43200 53.2459
43300 53.6193
43400 53.2217
43500 53.4158
43600 53.4471
43700 54.0384
43800 53.8612
43900 53.6299
44000 53.8173
44100 54.3183
44200 54.1138
44300 54.5127
44400 54.5716
44500 54.7211
44600 54.8544
44700 55.0139
44800 55.05
44900 55.1343
45000 54.9963
45100 55.4657
45200 55.7968
45300 56.0955
45400 56.2373
45500 56.5515
45600 56.7327
45700 57.2549
45800 57.1745
45900 57.137
46000 56.9188
46100 56.8422
46200 57.5947
46300 57.5565
46400 57.4288
46500 57.8802
46600 57.9559
46700 58.0189
46800 57.958
46900 58.4084
47000 58.4468
47100 58.4385
47200 58.8201
47300 58.7407
47400 58.7591
47500 58.924
47600 59.1317
47700 59.3062
47800 59.2314
47900 59.1621
48000 59.847
48100 60.0985
48200 60.0781
48300 60.4839
48400 60.3899
48500 60.4993
48600 60.9221
48700 61.3383
48800 61.0071
48900 60.879
49000 60.931
49100 61.5596
49200 61.5499
49300 61.2192
49400 61.4103
49500 61.4616
49600 61.4868
49700 62.1848
49800 62.8597
49900 62.6393
50000 62.7948
50100 62.8615
50200 63.1278
50300 63.2411
50400 63.0931
50500 63.6882
50600 63.5413
50700 63.8441
50800 63.9424
50900 64.3138
51000 64.1471
51100 64.3054
51200 64.2003
51300 64.2099
51400 64.1857
51500 64.5891
51600 64.342
51700 64.7265
51800 64.5837
51900 64.7775
52000 64.2857
52100 64.3978
52200 65.0313
52300 64.9884
52400 65.2725
52500 64.8411
52600 65.5292
52700 65.7348
52800 65.7373
52900 65.8584
53000 65.6613
53100 65.6293
53200 65.6427
53300 65.8776
53400 65.8979
53500 66.3337
53600 66.2326
53700 66.5045
53800 66.6301
53900 66.3988
54000 66.6875
54100 66.9044
54200 66.8595
54300 66.6719
54400 66.7973
54500 67.2884
54600 67.3216
54700 67.3881
54800 67.6745
54900 67.8111
55000 67.919
55100 67.3906
55200 67.8039
55300 68.0801
55400 68.282
55500 68.0345
55600 68.0717
55700 68.2747
55800 68.5814
55900 68.3659
56000 68.6732
56100 68.633
56200 68.7281
56300 68.6673
56400 68.7011
56500 68.9954
56600 69.2062
56700 69.3201
56800 69.5736
56900 69.6717
57000 69.5734
57100 70.0938
57200 70.4114
57300 70.0864
57400 69.8647
57500 70.3224
57600 70.1109
57700 70.3082
57800 70.4653
57900 70.5865
58000 70.74
58100 70.9074
58200 70.8437
58300 71.2261
58400 71.1671
58500 71.5511
58600 71.6281
58700 72.086
58800 72.2873
58900 72.5643
59000 72.9671
59100 73.1401
59200 73.0828
59300 72.9367
59400 73.2838
59500 73.2803
59600 72.8474
59700 72.9774
59800 73.1649
59900 73.4866
60000 73.3691
60100 73.5003
60200 73.727
60300 73.7076
60400 74.0852
60500 74.431
60600 74.4511
60700 74.1912
60800 74.6616
60900 74.5652
61000 74.7488
61100 74.5797
61200 74.6635
61300 74.6266
61400 74.7804
61500 75.0611
61600 75.0825
61700 75.1088
61800 75.1597
61900 75.1787
62000 75.457
62100 75.5824
62200 75.6404
62300 75.7962
62400 75.9908
62500 75.8634
62600 76.0257
62700 76.1689
62800 76.9678
62900 76.9208
63000 76.7539
63100 76.9545
63200 77.1428
63300 77.1564
63400 77.3342
63500 77.9653
63600 78.1958
63700 77.9689
63800 77.9673
63900 78.0082
64000 77.8874
64100 77.845
64200 78.195
64300 78.4173
64400 78.4167
64500 78.7908
64600 78.7677
64700 79.0436
64800 79.3683
64900 79.3928
65000 79.617
65100 79.5982
65200 79.8487
65300 79.8763
65400 79.7732
65500 79.8364
65600 79.7491
65700 79.6953
65800 79.9359
65900 80.4876
66000 80.407
66100 80.3571
66200 80.3739
66300 80.343
66400 80.7697
66500 80.9582
66600 80.7349
66700 81.0235
66800 81.3047
66900 81.2158
67000 81.2067
67100 81.4969
67200 81.6772
67300 82.1127
67400 82.0986
67500 81.741
67600 81.6377
67700 82.0021
67800 82.064
67900 81.5104
68000 81.9364
68100 82.1419
68200 82.0833
68300 82.0172
68400 82.495
68500 82.5789
68600 83.0813
68700 82.8651
68800 83.1102
68900 83.4358
69000 83.725
69100 83.5371
69200 83.8655
69300 84.3812
69400 84.3133
69500 84.3669
69600 84.2688
69700 84.5147
69800 84.7935
69900 84.8638
70000 85.1983
70100 85.5038
70200 85.1409
70300 85.632
70400 85.8246
70500 86.3841
70600 86.1357
70700 86.1754
70800 86.161
70900 86.4508
71000 86.7581
71100 87.1273
71200 86.9395
71300 87.1445
71400 87.3099
71500 87.0427
71600 87.6308
71700 87.6789
71800 87.4512
71900 88.0473
72000 87.7369
72100 88.1924
72200 88.4362
72300 88.6928
72400 88.4065
72500 88.5777
72600 88.8314
72700 88.8022
72800 88.8515
72900 88.9223
73000 89.1418
73100 89.314
73200 89.8534
73300 89.9452
73400 89.8363
73500 90.2434
73600 90.2682
73700 90.5634
73800 90.7766
73900 90.7975
74000 90.8691
74100 91.2245
74200 91.0202
74300 91.2989
74400 91.471
74500 91.6141
74600 92.1865
74700 92.1981
74800 92.4451
74900 92.6721
75000 92.6813
75100 93.0816
75200 93.3244
75300 93.2868
75400 93.9915
75500 93.631
75600 93.9306
75700 93.5926
75800 94.4686
75900 94.3007
76000 94.82
76100 94.9692
76200 95.0004
76300 94.5796
76400 94.9358
76500 94.9299
76600 95.4362
76700 95.3876
76800 95.6307
76900 95.8237
77000 95.6755
77100 96.1213
77200 95.4916
77300 95.713
77400 95.6205
77500 95.7861
77600 96.0434
77700 96.5641
77800 96.6916
77900 96.4169
78000 96.504
78100 96.7849
78200 96.6034
78300 97.1504
78400 97.2288
78500 97.691
78600 97.6865
78700 97.5456
78800 97.3647
78900 97.5802
79000 97.653
79100 97.6851
79200 98.1058
79300 98.1655
79400 98.4224
79500 98.1241
79600 98.2965
79700 98.9747
79800 99.3026
79900 99.2557
80000 98.8911
80100 98.8343
80200 98.9459
80300 99.0911
80400 99.0168
80500 99.4909
80600 99.4096
80700 99.8782
80800 100.477
80900 100.526
81000 100.993
81100 101.504
81200 101.229
81300 100.922
81400 100.65
81500 100.88
81600 101.353
81700 101.591
81800 101.284
81900 101.4
82000 101.69
82100 101.563
82200 101.591
82300 101.832
82400 102.297
82500 102.341
82600 101.853
82700 102.115
82800 102.711
82900 102.21
83000 102.66
83100 102.314
83200 101.996
83300 102.198
83400 102.305
83500 102.64
83600 102.521
83700 102.757
83800 102.815
83900 102.885
84000 102.882
84100 103.066
84200 103.441
84300 103.046
84400 103.409
84500 103.594
84600 103.758
84700 103.804
84800 103.693
84900 104.127
85000 103.951
85100 104.65
85200 104.85
85300 104.624
85400 104.324
85500 104.439
85600 105.036
85700 105.389
85800 104.892
85900 104.804
86000 105.332
86100 105.529
86200 105.711
86300 105.899
86400 105.734
86500 105.986
86600 106.078
86700 106.312
86800 106.634
86900 106.434
87000 106.557
87100 106.724
87200 107.164
87300 106.702
87400 106.787
87500 106.8
87600 107.057
87700 107.235
87800 107.157
87900 107.13
88000 107.369
88100 107.952
88200 108.144
88300 107.726
88400 107.984
88500 108.131
88600 108.012
88700 108.127
88800 108.44
88900 108.453
89000 108.579
89100 108.892
89200 109.081
89300 109.295
89400 109.557
89500 109.572
89600 109.317
89700 109.401
89800 109.9
89900 110.248
90000 110.228
90100 110.368
90200 110.345
90300 110.389
90400 110.464
90500 110.767
90600 110.622
90700 110.432
90800 111.209
90900 111.171
91000 111.743
91100 112.192
91200 111.731
91300 111.341
91400 111.409
91500 111.566
91600 111.909
91700 111.596
91800 112.136
91900 111.966
92000 112.005
92100 112.412
92200 112.486
92300 112.061
92400 112.768
92500 112.744
92600 112.857
92700 113.028
92800 113.107
92900 112.976
93000 114.133
93100 114.274
93200 114.207
93300 114.173
93400 114.297
93500 114.211
93600 113.945
93700 114.053
93800 114.367
93900 114.545
94000 114.878
94100 114.74
94200 114.913
94300 114.892
94400 115.458
94500 115.295
94600 115.619
94700 115.606
94800 115.759
94900 115.721
95000 116.397
95100 116.207
95200 116.352
95300 116.139
95400 116.106
95500 116.835
95600 116.949
95700 116.558
95800 116.762
95900 116.89
96000 116.903
96100 117.371
96200 118.139
96300 117.218
96400 117.856
96500 117.979
96600 117.441
96700 117.78
96800 117.98
96900 118.34
97000 118.283
97100 118.604
97200 119.204
97300 119.291
97400 119.281
97500 119.366
97600 119.335
97700 119.698
97800 119.785
97900 120.348
98000 120.193
98100 120.405
98200 120.534
98300 120.491
98400 120.988
98500 120.718
98600 121.339
98700 121.691
98800 121.914
98900 121.263
99000 121.921
99100 121.709
99200 122.226
99300 122.117
99400 122.689
99500 122.59
99600 122.399
99700 122.544
99800 122.691
99900 123.16
100000 122.9
100100 123.539
100200 123.342
100300 123.042
100400 123.473
100500 123.567
100600 124.201
100700 123.638
100800 123.913
100900 123.703
101000 124.364
101100 124.329
101200 124.023
101300 124.014
101400 124.135
101500 124.311
101600 124.74
101700 124.503
101800 123.935
101900 124.199
102000 124.63
102100 124.662
102200 124.626
102300 124.99
102400 125.57
102500 125.513
102600 125.412
102700 125.308
102800 125.377
102900 125.725
103000 125.797
103100 126.444
103200 125.997
103300 126.168
103400 126.37
103500 126.869
103600 126.761
103700 127.244
103800 126.785
103900 127.222
104000 126.833
104100 127.182
104200 127.134
104300 127.363
104400 127.34
104500 127.614
104600 127.749
104700 127.983
104800 128.543
104900 128.594
105000 128.484
105100 128.644
105200 128.635
105300 128.728
105400 128.9
105500 128.895
105600 128.784
105700 129.306
105800 128.74
105900 129.447
106000 129.717
106100 129.757
106200 129.633
106300 130.135
106400 129.87
106500 129.941
106600 129.868
106700 129.899
106800 130.065
106900 130.272
107000 130.233
107100 130.255
107200 130.154
107300 130.86
107400 130.522
107500 130.852
107600 131.204
107700 131.571
107800 131.815
107900 131.61
108000 131.168
108100 131.693
108200 131.606
108300 131.67
108400 132.349
108500 132.241
108600 132.478
108700 132.57
108800 132.551
108900 132.896
109000 133.19
109100 133.058
109200 132.792
109300 133.087
109400 133.08
109500 133.402
109600 132.805
109700 133.136
109800 133.7
109900 133.583
110000 133.853
110100 134.015
110200 134.011
110300 133.744
110400 133.748
110500 133.847
110600 134.234
110700 134.398
110800 135.077
110900 135.373
111000 134.906
111100 135.408
111200 135.744
111300 135.729
111400 135.808
111500 135.866
111600 135.225
111700 135.616
111800 135.813
111900 136.296
112000 136.63
112100 136.545
112200 137.461
112300 136.998
112400 136.871
112500 136.938
112600 137.258
112700 137.381
112800 137.902
112900 138.063
113000 137.9
113100 138.249
113200 138.248
113300 138.297
113400 138.89
113500 138.716
113600 138.859
113700 138.698
113800 138.635
113900 138.905
114000 139.013
114100 139.277
114200 139.313
114300 139.414
114400 140.179
114500 140.095
114600 140.349
114700 140.176
114800 140.421
114900 140.991
115000 140.972
115100 140.853
115200 141.437
115300 141.221
115400 141.445
115500 141.546
115600 141.471
115700 141.747
115800 141.872
115900 141.473
116000 141.487
116100 141.173
116200 141.344
116300 142.54
116400 142.427
116500 141.954
116600 142.078
116700 142.324
116800 142.544
116900 142.038
117000 142.37
117100 142.648
117200 142.322
117300 142.323
117400 142.73
117500 142.626
117600 142.517
117700 142.717
117800 142.951
117900 143.074
118000 143.198
118100 142.804
118200 142.971
118300 142.886
118400 143.473
118500 142.775
118600 143.413
118700 142.899
118800 143.168
118900 143.637
119000 143.821
119100 143.869
119200 143.768
119300 143.862
119400 144.545
119500 144.788
119600 144.843
119700 144.852
119800 144.999
119900 144.937
120000 145.2
120100 145.225
120200 145.374
120300 145.972
120400 146.11
120500 146.326
120600 146.62
120700 146.053
120800 146.49
120900 146.329
121000 146.145
121100 145.864
121200 145.915
121300 146.324
121400 146.171
121500 146.144
121600 146.352
121700 146.747
121800 146.82
121900 147.123
122000 147.696
122100 147.783
122200 147.666
122300 148.652
122400 149.056
122500 148.519
122600 149.085
122700 149.019
122800 148.863
122900 149.184
123000 149.298
123100 149.578
123200 149.707
123300 149.593
123400 149.404
123500 150.408
123600 150.612
123700 150.826
123800 150.544
123900 151.501
124000 151.622
124100 151.86
124200 151.967
124300 152.256
124400 152.333
124500 152.608
124600 152.919
124700 152.785
124800 153.147
124900 152.975
125000 152.816
125100 152.901
125200 152.975
125300 153.286
125400 153.925
125500 153.486
125600 154.124
125700 154.116
125800 154.578
125900 154.473
126000 154.653
126100 154.202
126200 154.582
126300 155.159
126400 155.303
126500 154.612
126600 154.772
126700 155.116
126800 155.332
126900 155.265
127000 155.72
127100 155.771
127200 155.846
127300 155.943
127400 156.274
127500 156.503
127600 156.579
127700 156.856
127800 156.692
127900 156.816
128000 156.793
128100 157.561
128200 157.175
128300 157.73
128400 157.319
128500 157.267
128600 157.369
128700 158.131
128800 158.332
128900 157.641
129000 158.359
129100 158.435
129200 158.03
129300 157.995
129400 158.479
129500 158.752
129600 158.865
129700 158.8
129800 159.39
129900 159.231
130000 160.045
130100 159.665
130200 159.758
130300 159.353
130400 159.971
130500 160.295
130600 160.043
130700 159.663
130800 160.454
130900 161.117
131000 161.313
131100 161.095
131200 161.395
131300 161.705
131400 162.182
131500 161.629
131600 161.8
131700 161.888
131800 162.251
131900 162.552
132000 162.319
132100 162.617
132200 162.641
132300 162.72
132400 162.9
132500 162.736
132600 163.395
132700 163.09
132800 162.958
132900 163.416
133000 164.139
133100 163.583
133200 164.457
133300 164.12
133400 164.324
133500 163.746
133600 163.454
133700 164.009
133800 164.275
133900 164.127
134000 164.871
134100 164.403
134200 164.245
134300 164.903
134400 164.772
134500 165.103
134600 165.258
134700 165.527
134800 165.146
134900 165.359
135000 165.272
135100 165.046
135200 165.582
135300 165.413
135400 166.213
135500 165.691
135600 166.191
135700 166.079
135800 166.616
135900 166.391
136000 166.802
136100 166.926
136200 166.875
136300 166.47
136400 166.813
136500 167.066
136600 167.142
136700 167.17
136800 167.052
136900 167.744
137000 167.683
137100 167.56
137200 167.983
137300 168.613
137400 169.099
137500 168.884
137600 169.443
137700 169.044
137800 169.182
137900 169.027
138000 169.357
138100 169.846
138200 169.825
138300 169.502
138400 170.007
138500 170.144
138600 170.172
138700 170.312
138800 170.269
138900 170.583
139000 170.739
139100 170.732
139200 171.17
139300 171.07
139400 171.091
139500 170.638
139600 171.537
139700 171.708
139800 172.019
139900 172.071
140000 171.924
140100 172.049
140200 172.477
140300 172.554
140400 173.156
140500 173.068
140600 173.046
140700 172.961
140800 173.521
140900 173.369
141000 174.013
141100 173.741
141200 173.784
141300 174.277
141400 174.445
141500 174.284
141600 174.327
141700 174.179
141800 175.074
141900 175.207
142000 175.615
142100 175.619
142200 175.868
142300 176.085
142400 175.908
142500 176.311
142600 176.176
142700 176.981
142800 176.889
142900 176.866
143000 177.306
143100 176.683
143200 177.482
143300 177.435
143400 177.427
143500 177.999
143600 177.527
143700 177.914
143800 178.62
143900 178.672
144000 179.115
144100 178.752
144200 179.118
144300 179.675
144400 179.811
144500 179.227
144600 179.151
144700 179.763
144800 179.964
144900 180.099
145000 180.256
145100 180.44
145200 180.87
145300 180.564
145400 180.247
145500 180.287
145600 180.952
145700 181.789
145800 181.735
145900 182.685
146000 182.617
146100 182.876
146200 182.046
146300 182.577
146400 182.728
146500 182.493
146600 182.498
146700 182.506
146800 183.201
146900 183.877
147000 183.131
147100 183.283
147200 183.547
147300 183.986
147400 184.151
147500 183.63
147600 184.11
147700 184.373
147800 184.5
147900 184.65
148000 184.836
148100 184.615
148200 184.793
148300 184.875
148400 184.735
148500 185.198
148600 184.894
148700 185.05
148800 185.136
148900 185.933
149000 185.66
149100 185.682
149200 186.444
149300 186.311
149400 186.044
149500 186.543
149600 187.187
149700 187.124
149800 186.928
149900 187.433
150000 187.264
150100 187.419
150200 187.18
150300 187.722
150400 187.841
150500 188.594
150600 187.959
150700 188.65
150800 188.693
150900 188.269
151000 188.041
151100 188.127
151200 188.426
151300 188.721
151400 188.503
151500 188.697
151600 188.819
151700 188.881
151800 189.106
151900 189.115
152000 189.504
152100 189.745
152200 189.822
152300 190.02
152400 189.545
152500 189.623
152600 189.693
152700 190.678
152800 190.576
152900 190.156
153000 190.584
153100 190.629
153200 190.378
153300 190.524
153400 190.179
153500 190.225
153600 190.988
153700 190.982
153800 190.937
153900 191.47
154000 191.573
154100 192.679
154200 192.683
154300 192.669
154400 192.933
154500 193.008
154600 193.163
154700 192.789
154800 192.747
154900 192.567
155000 192.894
155100 193.632
155200 193.34
155300 193.406
155400 194.187
155500 193.729
155600 194.143
155700 194.195
155800 195.01
155900 194.803
156000 195.071
156100 195.266
156200 195.416
156300 195.704
156400 195.973
156500 196.22
156600 196.037
156700 196.32
156800 195.942
156900 196.35
157000 196.067
157100 195.702
157200 196.201
157300 196.23
157400 196.495
157500 196.029
157600 195.966
157700 195.851
157800 195.728
157900 195.889
158000 196.242
158100 196.554
158200 196.597
158300 196.998
158400 197.052
158500 196.791
158600 196.792
158700 197.467
158800 197.602
158900 197.066
159000 197.205
159100 197.779
159200 197.533
159300 197.282
159400 198.5
159500 197.764
159600 198.237
159700 197.911
159800 198.516
159900 198.273
160000 199.016
160100 198.971
160200 198.795
160300 198.465
160400 199.167
160500 199.3
160600 199.108
160700 199.263
160800 199.496
160900 200.302
161000 200.642
161100 201.006
161200 200.717
161300 200.608
161400 201.105
161500 200.721
161600 201.154
161700 201.282
161800 201.746
161900 201.928
162000 201.59
162100 202.085
162200 201.714
162300 201.944
162400 201.617
162500 202.537
162600 202.89
162700 202.886
162800 202.979
162900 203.024
163000 203.555
163100 203.941
163200 203.945
163300 203.788
163400 203.618
163500 204.267
163600 204.78
163700 204.93
163800 204.528
163900 203.859
164000 205.149
164100 204.788
164200 204.956
164300 205.632
164400 205.326
164500 205.928
164600 205.099
164700 205.951
164800 205.936
164900 206.348
165000 206.005
165100 207.095
165200 206.871
165300 206.871
165400 206.629
165500 206.46
165600 206.442
165700 206.627
165800 207.143
165900 207.222
166000 207.944
166100 207.954
166200 207.327
166300 207.82
166400 207.917
166500 207.571
166600 207.665
166700 207.975
166800 207.833
166900 207.917
167000 207.481
167100 207.913
167200 208.446
167300 208.956
167400 208.918
167500 209.196
167600 208.778
167700 209.176
167800 209.436
167900 209.651
168000 209.531
168100 209.26
168200 209.467
168300 210.159
168400 209.641
168500 209.132
168600 209.385
168700 209.67
168800 209.6
168900 209.909
169000 209.908
169100 210.198
169200 210.161
169300 210.252
169400 210.129
169500 210.831
169600 210.652
169700 210.8
169800 211.137
169900 211.091
170000 211.318
170100 211.38
170200 211.398
170300 211.982
170400 212.336
170500 212.21
170600 212.39
170700 212.151
170800 212.085
170900 212.793
171000 213.631
171100 212.81
171200 213.005
171300 213.843
171400 213.066
171500 213.941
171600 213.485
171700 213.185
171800 213.462
171900 213.3
172000 213.647
172100 214.353
172200 214.545
172300 214.766
172400 214.754
172500 214.985
172600 214.995
172700 215.592
172800 215.288
172900 215.232
173000 215.163
173100 215.738
173200 215.929
173300 216.273
173400 216.319
173500 216.342
173600 216.256
173700 216.898
173800 217.203
173900 217.263
174000 216.896
174100 217.774
174200 217.628
174300 217.702
174400 218.002
174500 217.739
174600 217.474
174700 218.12
174800 217.801
174900 218.248
175000 218.376
175100 219.219
175200 219.213
175300 218.68
175400 218.63
175500 218.839
175600 219.464
175700 219.177
175800 219.513
175900 219.665
176000 219.649
176100 220.182
176200 219.885
176300 220.398
176400 220.663
176500 220.853
176600 220.982
176700 221.341
176800 221.873
176900 221.739
177000 222.35
177100 222.418
177200 222.157
177300 222.35
177400 222.336
177500 222.634
177600 222.622
177700 222.393
177800 222.835
177900 223.272
178000 223.185
178100 223.465
178200 224.134
178300 223.915
178400 224.884
178500 225.354
178600 224.669
178700 224.893
178800 225
178900 224.941
179000 225.38
179100 225.487
179200 225.682
179300 225.485
179400 225.644
179500 226.054
179600 226.003
179700 226.578
179800 226.438
179900 226.618
180000 227.033
180100 226.549
180200 226.946
180300 227.24
180400 226.953
180500 226.8
180600 227.505
180700 226.991
180800 226.824
180900 226.326
181000 227.049
181100 226.977
181200 226.7
181300 227.349
181400 227.413
181500 227.235
181600 228.432
181700 227.984
181800 227.913
181900 228.434
182000 228.138
182100 228.702
182200 229.155
182300 229.2
182400 228.927
182500 229.1
182600 229.232
182700 229.517
182800 229.264
182900 229.806
183000 230.217
183100 230.039
183200 230.055
183300 230.738
183400 230.26
183500 230.744
183600 230.68
183700 231.365
183800 230.691
183900 230.715
184000 231.013
184100 230.64
184200 230.993
184300 230.888
184400 231.186
184500 231.031
184600 230.583
184700 230.498
184800 231.492
184900 231.654
185000 231.124
185100 231.497
185200 231.979
185300 231.273
185400 231.487
185500 230.916
185600 231.592
185700 231.414
185800 231.77
185900 231.504
186000 230.972
186100 231.295
186200 231.595
186300 231.871
186400 232.111
186500 231.632
186600 231.957
186700 232.165
186800 232.469
186900 231.903
187000 232.682
187100 232.473
187200 232.969
187300 233.078
187400 233.057
187500 232.845
187600 233.28
187700 233.117
187800 233.762
187900 233.876
188000 233.508
188100 234.367
188200 234.813
188300 234.616
188400 235.196
188500 235.598
188600 235.673
188700 234.945
188800 234.916
188900 235.027
189000 234.463
189100 235.321
189200 235.671
189300 236.076
189400 235.779
189500 235.961
189600 236.276
189700 236.287
189800 236.165
189900 236.221
190000 235.532
190100 235.883
190200 236.533
190300 236.79
190400 236.443
190500 236.499
190600 236.534
190700 236.568
190800 236.404
190900 236.981
191000 237.063
191100 237.224
191200 237.455
191300 237.619
191400 237.798
191500 237.99
191600 237.485
191700 237.674
191800 237.997
191900 237.665
192000 238.253
192100 238.078
192200 237.756
192300 238.728
192400 238.978
192500 239.067
192600 238.828
192700 239.366
192800 239.653
192900 239.758
193000 239.533
193100 240.312
193200 240.291
193300 240.173
193400 239.941
193500 240.086
193600 240.218
193700 240.597
193800 241.28
193900 241.004
194000 240.195
194100 240.559
194200 240.894
194300 240.82
194400 240.702
194500 241.219
194600 241.164
194700 241.567
194800 241.863
194900 242.409
195000 242.208
195100 242.336
195200 242.043
195300 241.807
195400 241.672
195500 241.516
195600 241.302
195700 241.851
195800 241.271
195900 241.431
196000 241.326
196100 241.383
196200 241.632
196300 241.763
196400 241.781
196500 241.669
196600 242.012
196700 242.003
196800 241.838
196900 242.143
197000 242.413
197100 242.582
197200 242.387
197300 242.681
197400 242.884
197500 243.417
197600 243.281
197700 242.766
197800 242.442
197900 243.27
198000 242.983
198100 242.236
198200 243.085
198300 242.482
198400 242.757
198500 243.059
198600 242.76
198700 243.458
198800 243.708
198900 243.192
199000 243.131
199100 242.804
199200 243.311
199300 243.896
199400 243.589
199500 243.874
199600 243.994
199700 244.272
199800 244.299
199900 244.685
200000 243.82
200100 244.389
200200 244.395
200300 244.831
200400 244.968
200500 245.163
200600 245.509
200700 245.401
200800 246.01
200900 245.093
201000 246.297
201100 245.96
201200 246.514
201300 245.735
201400 246.18
201500 246.676
201600 247.058
201700 246.926
201800 246.938
201900 247.146
202000 247.739
202100 248.174
202200 248.3
202300 247.626
202400 247.211
202500 247.167
202600 247.681
202700 248.066
202800 248.23
202900 248.359
203000 248.124
203100 248.617
203200 248.403
203300 248.519
203400 248.344
203500 248.471
203600 248.114
203700 249.127
203800 248.734
203900 249.072
204000 249.414
204100 249.228
204200 249.378
204300 249.926
204400 249.641
204500 249.674
204600 250.23
204700 249.955
204800 250.18
204900 249.836
205000 250.181
205100 250.108
205200 250.145
205300 250.175
205400 250.418
205500 249.952
205600 249.899
205700 250.121
205800 250.205
205900 250.356
206000 250.061
206100 250.565
206200 251.167
206300 250.289
206400 250.527
206500 251.165
206600 251.108
206700 251.183
206800 251.806
206900 252.009
207000 252.104
207100 252.391
207200 252.832
207300 252.898
207400 252.435
207500 252.662
207600 252.674
207700 252.335
207800 252.269
207900 252.648
208000 252.323
208100 252.4
208200 252.915
208300 253.068
208400 253.595
208500 253.355
208600 253.015
208700 253.173
208800 253.291
208900 254.112
209000 253.844
209100 253.432
209200 253.447
209300 253.614
209400 254.694
209500 254.648
209600 254.977
209700 254.7
209800 254.235
209900 254.683
210000 254.282
210100 255.194
210200 254.945
210300 255.622
210400 255.631
210500 256.461
210600 256.512
210700 256.284
210800 256.365
210900 256.088
211000 255.959
211100 256.03
211200 255.815
211300 255.808
211400 255.853
211500 255.297
211600 256.293
211700 255.857
211800 256.463
211900 256.821
212000 256.625
212100 257.234
212200 256.245
212300 256.404
212400 256.119
212500 256.53
212600 256.637
212700 256.431
212800 257.163
212900 257.395
213000 257.22
213100 257.564
213200 257.544
213300 257.507
213400 257.51
213500 257.564
213600 257.721
213700 257.049
213800 257.509
213900 257.837
214000 258.399
214100 258.751
214200 258.459
214300 258.191
214400 258.022
214500 257.862
214600 259.046
214700 258.792
214800 258.89
214900 259.708
215000 260.144
215100 259.385
215200 259.816
215300 259.502
215400 259.735
215500 260.109
215600 260.021
215700 260.276
215800 261.083
215900 261.045
216000 261.15
216100 261.504
216200 261.326
216300 261.067
216400 260.758
216500 261.081
216600 261.358
216700 261.487
216800 261.318
216900 261.844
217000 261.953
217100 262.214
217200 261.906
217300 262.728
217400 262.561
217500 262.069
217600 262.064
217700 262.007
217800 262.685
217900 262.48
218000 262.718
218100 262.505
218200 261.488
218300 262.29
218400 261.916
218500 262.088
218600 261.769
218700 262.695
218800 262.604
218900 262.969
219000 262.685
219100 262.695
219200 263.36
219300 263.17
219400 264.034
219500 263.046
219600 262.806
219700 263.332
219800 263.702
219900 263.502
220000 263.311
220100 263.652
220200 263.69
220300 263.742
220400 264.411
220500 263.697
220600 264.019
220700 263.387
220800 264.47
220900 264.148
221000 264.684
221100 264.087
221200 264.437
221300 264.253
221400 265.172
221500 265.007
221600 265.191
221700 266.718
221800 266.494
221900 266.491
222000 266.452
222100 266.33
222200 266.326
222300 265.99
222400 266.113
222500 266.901
222600 267.443
222700 267.272
222800 267.352
222900 268.076
223000 267.958
223100 267.391
223200 267.574
223300 267.21
223400 267.561
223500 268.18
223600 267.715
223700 268.11
223800 267.657
223900 267.523
224000 267.79
224100 267.485
224200 267.112
224300 267.314
224400 268.096
224500 267.974
224600 267.97
224700 268.007
224800 268.031
224900 268.513
225000 268.339
225100 269.149
225200 269.869
225300 269.588
225400 269.411
225500 269.633
225600 270.219
225700 269.682
225800 270.305
225900 269.451
226000 269.585
226100 269.531
226200 269.16
226300 269.786
226400 269.684
226500 270.651
226600 271.092
226700 271.149
226800 270.842
226900 271.362
227000 270.847
227100 270.779
227200 271.317
227300 271.595
227400 271.305
227500 272.21
227600 273.238
227700 272.286
227800 272.579
227900 272.584
228000 272.835
228100 273.669
228200 272.467
228300 273.392
228400 273.055
228500 273.045
228600 272.584
228700 272.869
228800 272.863
228900 272.585
229000 273.016
229100 273.468
229200 272.65
229300 272.872
229400 272.77
229500 273.703
229600 273.534
229700 273.553
229800 274.002
229900 273.723
230000 274.452
230100 273.994
230200 274.532
230300 275.144
230400 274.399
230500 275.098
230600 275.752
230700 275.821
230800 275.965
230900 276.584
231000 276.233
231100 276.323
231200 276.553
231300 276.133
231400 276.363
231500 276.455
231600 277.503
231700 277.095
231800 277.314
231900 276.956
232000 276.941
232100 277.922
232200 277.055
232300 277.034
232400 276.834
232500 277.022
232600 277.283
232700 278.531
232800 278.535
232900 278.021
233000 278.733
233100 278.295
233200 278.371
233300 278.308
233400 277.962
233500 278.435
233600 278.017
233700 277.871
233800 278.276
233900 278.73
234000 278.587
234100 278.681
234200 278.878
234300 278.286
234400 278.188
234500 278.349
234600 277.86
234700 277.751
234800 278.471
234900 279.041
235000 279.134
235100 279.528
235200 279.722
235300 279.324
235400 279.604
235500 279.739
235600 279.883
235700 279.963
235800 280.116
235900 280.135
236000 279.773
236100 280.09
236200 280.176
236300 281.11
236400 280.656
236500 281.157
236600 281.418
236700 280.82
236800 281.377
236900 281.196
237000 281.76
237100 282.505
237200 282.861
237300 282.749
237400 283.243
237500 282.299
237600 282.489
237700 281.554
237800 282.53
237900 282.422
238000 282.796
238100 283.234
238200 283.326
238300 284.005
238400 283.648
238500 283.805
238600 283.742
238700 283.618
238800 283.681
238900 284.158
239000 284.739
239100 284.749
239200 284.667
239300 285.727
239400 285.679
239500 285.843
239600 286.26
239700 286.7
239800 286.71
239900 285.889
240000 286.178
240100 286.231
240200 286.287
240300 287.585
240400 287.358
240500 287.046
240600 287.136
240700 287.261
240800 287.634
240900 287.973
241000 288.086
241100 288.112
241200 288.566
241300 288.83
241400 288.857
241500 289.158
241600 288.993
241700 289.318
241800 289.102
241900 289.487
242000 290.684
242100 290.113
242200 290.798
242300 290.987
242400 291.028
242500 291.441
242600 291.345
242700 290.509
242800 290.86
242900 291.486
243000 291.538
243100 292.334
243200 291.767
243300 292.546
243400 292.529
243500 292.597
243600 291.94
243700 292.245
243800 292.444
243900 292.562
244000 293.644
244100 293.382
244200 293.296
244300 293.263
244400 294.356
244500 293.993
244600 292.947
244700 293.903
244800 294.207
244900 294.19
245000 294.31
245100 294.734
245200 294.791
245300 295.711
245400 295.431
245500 295.807
245600 295.528
245700 295.102
245800 294.942
245900 295.303
246000 296.083
246100 295.94
246200 294.948
246300 295.855
246400 295.748
246500 296.55
246600 296.124
246700 296.623
246800 296.801
246900 297.173
247000 297.708
247100 297.118
247200 297.996
247300 297.66
247400 297.66
247500 298.015
247600 298.201
247700 298.314
247800 297.121
247900 297.759
248000 297.794
248100 298.593
248200 298.397
248300 298.822
248400 299.766
248500 299.651
248600 298.86
248700 299.481
248800 299.319
248900 299.398
249000 299.632
249100 299.202
249200 300.46
249300 299.795
249400 300.085
249500 300.545
249600 300.871
249700 301.173
249800 301.308
249900 301.062
250000 301.047
250100 300.566
250200 300.383
250300 300.89
250400 301.091
250500 300.547
250600 301.723
250700 301.484
250800 300.468
250900 300.862
251000 301.525
251100 302.073
251200 302.798
251300 302.393
251400 302.268
251500 302.585
251600 302.825
251700 303.103
251800 303.389
251900 303.85
252000 303.929
252100 303.61
252200 303.477
252300 302.586
252400 303.16
252500 303.35
252600 303.561
252700 303.963
252800 303.682
252900 303.303
253000 303.84
253100 304.591
253200 305.19
253300 304.525
253400 304.93
253500 305.599
253600 305.159
253700 305.317
253800 305.919
253900 305.944
254000 306.059
254100 306.066
254200 306.293
254300 305.81
254400 306.499
254500 306.471
254600 306.801
254700 307.007
254800 306.753
254900 307.7
255000 307.094
255100 307.14
255200 307.394
255300 307.798
255400 307.692
255500 307.45
255600 308.772
255700 308.806
255800 308.07
255900 308.604
256000 308.52
256100 308.506
256200 308.435
256300 308.605
256400 309.035
256500 309.007
256600 309.353
256700 309.256
256800 309.618
256900 309.712
257000 310.074
257100 309.723
257200 310.265
257300 309.762
257400 310.255
257500 310.633
257600 310.308
257700 310.185
257800 310.751
257900 311.333
258000 310.762
258100 311.431
258200 311.345
258300 311.253
258400 310.905
258500 311.229
258600 309.942
258700 309.925
258800 310.932
258900 311.329
259000 310.654
259100 311.064
259200 311.056
259300 311.698
259400 311.751
259500 312.527
259600 312.234
259700 312.297
259800 313.038
259900 312.551
260000 312.384
260100 313.47
260200 312.754
260300 313.413
260400 313.593
260500 313.622
260600 313.661
260700 313.375
260800 313.517
260900 312.975
261000 313.455
261100 314.247
261200 314.381
261300 314.05
261400 314.125
261500 314.316
261600 314.866
261700 314.328
261800 314.287
261900 314.895
262000 315.361
262100 315.435
262200 314.83
262300 314.794
262400 315.623
262500 316.163
262600 315.475
262700 316.138
262800 316.581
262900 316.282
263000 316.179
263100 315.502
263200 315.837
263300 316.364
263400 316.461
263500 316.696
263600 317.151
263700 316.818
263800 317.923
263900 317.089
264000 317.534
264100 317.687
264200 317.219
264300 317.405
264400 317.948
264500 317.321
264600 317.812
264700 318.329
264800 318.998
264900 319.204
265000 319.253
265100 319.214
265200 318.641
265300 319.343
265400 319.421
265500 318.981
265600 318.955
265700 319.246
265800 319.703
265900 318.99
266000 319.941
266100 319.493
266200 319.272
266300 319.287
266400 319.836
266500 319.583
266600 319.311
266700 319.624
266800 319.828
266900 319.931
267000 319.637
267100 320.319
267200 320.755
267300 320.555
267400 320.673
267500 320.928
267600 321.03
267700 321.086
267800 321.128
267900 320.928
268000 321.212
268100 321.506
268200 320.901
268300 320.703
268400 320.735
268500 320.666
268600 321.408
268700 321.582
268800 322.002
268900 322.266
269000 321.676
269100 321.671
269200 321.359
269300 322.067
269400 322.026
269500 321.917
269600 321.424
269700 322.232
269800 323.279
269900 323.029
270000 322.799
270100 322.83
270200 322.77
270300 323.065
270400 322.427
270500 322.588
270600 322.532
270700 323.141
270800 323.269
270900 324
271000 324.319
271100 323.837
271200 324.031
271300 323.927
271400 323.985
271500 324.282
271600 323.374
271700 324.099
271800 324.601
271900 325.662
272000 326.38
272100 325.731
272200 325.541
272300 325.549
272400 326.455
272500 326.843
272600 325.638
272700 326.02
272800 326.106
272900 326.043
273000 326.499
273100 326.543
273200 326.644
273300 326.434
273400 326.793
273500 326.604
273600 327.416
273700 327.261
273800 326.963
273900 326.678
274000 327.199
274100 326.637
274200 326.658
274300 327.086
274400 327.455
274500 327.388
274600 327.244
274700 328.047
274800 327.801
274900 328.03
275000 327.972
275100 328.427
275200 328.626
275300 328.608
275400 328.654
275500 329.44
275600 330.302
275700 330.852
275800 329.791
275900 329.856
276000 330.488
276100 330.433
276200 330.335
276300 330.892
276400 330.45
276500 330.907
276600 330.755
276700 331.34
276800 331.167
276900 331.567
277000 331.109
277100 331.645
277200 331.519
277300 330.964
277400 331.187
277500 331.575
277600 331.96
277700 332.001
277800 331.899
277900 331.678
278000 331.718
278100 330.954
278200 332.51
278300 333.406
278400 332.211
278500 332.058
278600 332.574
278700 332.33
278800 332.64
278900 333.379
279000 333.769
279100 333.697
279200 333.599
279300 333.475
279400 334.317
279500 334.067
279600 334.274
279700 334.977
279800 334.339
279900 334.722
280000 335.012
280100 335.288
280200 335.269
280300 335.383
280400 335.977
280500 335.703
280600 336.103
280700 336.554
280800 336.703
280900 336.483
281000 336.726
281100 337.066
281200 337.57
281300 338.571
281400 338.42
281500 338.487
281600 338.362
281700 338.763
281800 338.29
281900 338.093
282000 338.46
282100 338.633
282200 339.535
282300 338.846
282400 339.092
282500 339.597
282600 339.538
282700 339.586
282800 339.485
282900 338.514
283000 339.626
283100 340.016
283200 340.287
283300 340.496
283400 340.413
283500 342.012
283600 341.215
283700 342.392
283800 341.971
283900 342.265
284000 341.691
284100 341.878
284200 341.987
284300 342.095
284400 343.238
284500 343.246
284600 342.72
284700 343.316
284800 343.854
284900 343.962
285000 343.567
285100 344.154
285200 344.258
285300 344.251
285400 344.727
285500 344.652
285600 344.9
285700 345.342
285800 344.156
285900 344.43
286000 345.52
286100 344.989
286200 345.29
286300 344.891
286400 345.122
286500 345.533
286600 345.058
286700 346.311
286800 345.942
286900 346.293
287000 346.384
287100 345.369
287200 345.582
287300 345.996
287400 346.154
287500 346.799
287600 346.59
287700 347.004
287800 346.596
287900 345.791
288000 347.069
288100 346.836
288200 347.682
288300 347.093
288400 347.642
288500 347.735
288600 348.164
288700 348.224
288800 348.642
288900 349.128
289000 349.927
289100 350.155
289200 350.02
289300 349.95
289400 349.479
289500 349.079
289600 349.364
289700 349.573
289800 350.202
289900 349.778
290000 350.104
290100 350.07
290200 349.716
290300 350.332
290400 350.72
290500 350.465
290600 349.831
290700 351.058
290800 350.76
290900 350.398
291000 350.466
291100 350.875
291200 350.252
291300 351.024
291400 351.056
291500 350.75
291600 350.619
291700 351.163
291800 351.14
291900 352.621
292000 352.849
292100 352.732
292200 352.036
292300 352.511
292400 352.343
292500 352.777
292600 352.523
292700 353.464
292800 353.915
292900 353.746
293000 354.087
293100 354.137
293200 354.545
293300 354.745
293400 354.431
293500 354.027
293600 354.794
293700 354.665
293800 354.784
293900 354.547
294000 355.431
294100 355.285
294200 354.839
294300 356.22
294400 356.453
294500 356.092
294600 356.043
294700 356.504
294800 356.676
294900 357.288
295000 357.293
295100 357.263
295200 357.193
295300 357.567
295400 359.129
295500 357.81
295600 357.793
295700 357.79
295800 358.227
295900 358.098
296000 358.763
296100 358.499
296200 359.241
296300 359.496
296400 359.517
296500 360.362
296600 360.373
296700 359.473
296800 359.552
296900 359.594
297000 359.966
297100 360.567
297200 360.706
297300 360.607
297400 360.437
297500 359.81
297600 360.555
297700 360.782
297800 360.414
297900 360.322
298000 360.116
298100 360.325
298200 360.054
298300 360.166
298400 360.172
298500 359.648
298600 360.743
298700 361.324
298800 361.172
298900 360.773
299000 360.786
299100 360.501
299200 361.064
299300 361.641
299400 361.209
299500 361.246
299600 361.908
299700 361.194
299800 362.15
299900 362.429
300000 361.793
300100 361.221
300200 361.998
300300 362.142
300400 361.598
300500 361.318
300600 361.96
300700 361.665
300800 360.929
300900 361.509
301000 362.391
301100 363.106
301200 363.047
301300 363.95
301400 362.647
301500 362.606
301600 363.675
301700 363.518
301800 363.973
301900 365.338
302000 364.304
302100 364.994
302200 364.899
302300 364.626
302400 365.218
302500 365.42
302600 365.936
302700 365.595
302800 365.013
302900 365.931
303000 366.54
303100 366.159
303200 366.839
303300 366.807
303400 366.704
303500 367.01
303600 366.956
303700 366.272
303800 366.236
303900 366.523
304000 366.619
304100 367.796
304200 366.978
304300 366.523
304400 366.788
304500 366.924
304600 368.41
304700 368.6
304800 368.617
304900 369.441
305000 368.903
305100 369.255
305200 369.483
305300 369.959
305400 369.439
305500 369.842
305600 369.907
305700 369.055
305800 369.584
305900 370.499
306000 370.194
306100 369.732
306200 370.066
306300 370.593
306400 370.809
306500 371.005
306600 371.438
306700 371.517
306800 371.215
306900 372.433
307000 372.557
307100 373.399
307200 373.526
307300 373.656
307400 373.843
307500 373.886
307600 374.696
307700 374.81
307800 374.327
307900 374.268
308000 374.109
308100 374.178
308200 374.969
308300 374.347
308400 374.806
308500 374.278
308600 374.418
308700 374.933
308800 375.101
308900 375.305
309000 375.177
309100 375.095
309200 375.585
309300 375.343
309400 375.781
309500 375.72
309600 375.905
309700 375.874
309800 376.579
309900 376.702
310000 377.413
310100 376.395
310200 376.41
310300 375.788
310400 376.004
310500 376.937
310600 377.164
310700 377.199
310800 376.378
310900 376.467
311000 377.038
311100 377.616
311200 377.233
311300 377.361
311400 377.958
311500 378.123
311600 378.601
311700 378.258
311800 378.941
311900 378.729
312000 379.158
312100 378.59
312200 378.832
312300 379.612
312400 379.282
312500 379.829
312600 379.738
312700 379.994
312800 380.38
312900 380.071
313000 380.235
313100 381.124
313200 380.737
313300 381.505
313400 381.905
313500 381.417
313600 381.657
313700 381.794
313800 381.903
313900 382.143
314000 382.988
314100 381.869
314200 381.842
314300 381.085
314400 381.748
314500 382.162
314600 382.299
314700 382.23
314800 382.545
314900 382.28
315000 383.073
315100 383.135
315200 382.826
315300 383.403
315400 384.078
315500 383.332
315600 383.011
315700 383.697
315800 383.528
315900 382.942
316000 383.473
316100 383.252
316200 382.968
316300 384.346
316400 382.855
316500 383.488
316600 383.955
316700 384.098
316800 383.975
316900 384.063
317000 384.847
317100 385.317
317200 385.53
317300 386.524
317400 386.627
317500 386.164
317600 385.199
317700 385.681
317800 385.479
317900 386.634
318000 386.749
318100 386.389
318200 386.714
318300 386.836
318400 387.299
318500 387.862
318600 387.373
318700 387.358
318800 387.678
318900 387.261
319000 387.524
319100 386.658
319200 386.881
319300 387.003
319400 387.533
319500 387.832
319600 387.455
319700 387.277
319800 387.97
319900 387.71
320000 387.358
320100 386.917
320200 387.712
320300 388.306
320400 387.482
320500 387.266
320600 387.82
320700 387.914
320800 388.228
320900 388.567
321000 388.864
321100 388.971
321200 388.816
321300 388.948
321400 388.89
321500 390.179
321600 390.209
321700 389.991
321800 389.513
321900 390.678
322000 390.608
322100 390.38
322200 389.757
322300 390.271
322400 390.586
322500 390.829
322600 391.453
322700 392.364
322800 392.833
322900 392.432
323000 391.744
323100 392.137
323200 393.004
323300 392.832
323400 393.299
323500 394.025
323600 394.077
323700 393.23
323800 393.644
323900 393.441
324000 393.914
324100 394.316
324200 394.412
324300 394.335
324400 393.77
324500 394.459
324600 394.166
324700 394.927
324800 395.767
324900 395.778
325000 396.686
325100 396.777
325200 396.036
325300 396.021
325400 396.322
325500 396.432
325600 396.82
325700 396.431
325800 396.823
325900 396.239
326000 396.603
326100 396.689
326200 397.29
326300 396.782
326400 396.463
326500 396.778
326600 396.113
326700 396.139
326800 396.539
326900 396.81
327000 397.749
327100 397.599
327200 398.217
327300 398.334
327400 398.331
327500 398.84
327600 398.97
327700 399.255
327800 398.441
327900 398.062
328000 398.829
328100 397.892
328200 397.679
328300 398.313
328400 398.897
328500 399.34
328600 399.774
328700 399.491
328800 400.416
328900 400.131
329000 399.909
329100 399.715
329200 400.174
329300 400.677
329400 400.197
329500 400.317
329600 400.027
329700 400.903
329800 401.245
329900 400.933
330000 401.12
330100 400.934
330200 401.886
330300 401.101
330400 401.793
330500 401.599
330600 401.763
330700 401.828
330800 401.801
330900 403.001
331000 402.613
331100 402.708
331200 402.881
331300 403.543
331400 402.952
331500 403.626
331600 402.91
331700 403.346
331800 404.12
331900 404.2
332000 403.734
332100 403.207
332200 403.924
332300 404.306
332400 404.159
332500 404.707
332600 404.766
332700 405.461
332800 405.28
332900 405.712
333000 406.301
333100 406.572
333200 406.334
333300 405.523
333400 405.81
333500 406.024
333600 406.789
333700 407.662
333800 406.968
333900 407.093
334000 406.626
334100 407.578
334200 408.371
334300 408.426
334400 408.814
334500 408.755
334600 408.963
334700 409.215
334800 409.091
334900 409.842
335000 408.982
335100 408.953
335200 409.678
335300 410.381
335400 410.273
335500 410.826
335600 410.6
335700 410.829
335800 410.42
335900 410.104
336000 410.892
336100 410.738
336200 411.601
336300 410.326
336400 410.311
336500 411.219
336600 411.037
336700 410.462
336800 411.552
336900 411.243
337000 411.216
337100 411.15
337200 412.246
337300 411.285
337400 411.974
337500 412.358
337600 411.74
337700 411.181
337800 411.018
337900 411.678
338000 412.123
338100 412.053
338200 412.956
338300 412.919
338400 413.737
338500 413.491
338600 413.152
338700 412.924
338800 412.018
338900 412.966
339000 413.785
339100 413.409
339200 412.686
339300 413.603
339400 413.794
339500 414.363
339600 414.075
339700 413.11
339800 413.406
339900 413.444
340000 413.273
340100 413.679
340200 414.198
340300 413.52
340400 413.501
340500 413.927
340600 414.425
340700 414.781
340800 414.839
340900 414.822
341000 415.886
341100 415.661
341200 415.433
341300 414.783
341400 415.036
341500 416.262
341600 415.639
341700 416.096
341800 416.559
341900 416.109
342000 415.978
342100 415.899
342200 415.643
342300 416.064
342400 416.885
342500 416.847
342600 416.439
342700 416.506
342800 417.123
342900 416.648
343000 417.085
343100 417.354
343200 417.887
343300 417.179
343400 417.639
343500 418.437
343600 418.43
343700 419.201
343800 418.3
343900 418.899
344000 419.144
344100 418.889
344200 418.561
344300 418.744
344400 418.941
344500 419.408
344600 419.311
344700 419.426
344800 419.944
344900 419.891
345000 418.783
345100 419.699
345200 421.12
345300 420.041
345400 419.418
345500 419.735
345600 419.776
345700 420.391
345800 419.039
345900 418.523
346000 418.709
346100 420.106
346200 420.011
346300 420.49
346400 420.47
346500 420.379
346600 420.284
346700 420.258
346800 420.858
346900 421.297
347000 421.618
347100 421.966
347200 422.252
347300 421.793
347400 420.734
347500 420.02
347600 420.554
347700 421.362
347800 421.471
347900 421.346
348000 421.685
348100 421.432
348200 422.164
348300 422.694
348400 423.301
348500 423.561
348600 423.788
348700 423.709
348800 424.591
348900 424.197
349000 425.181
349100 424.762
349200 426.034
349300 425.862
349400 425.888
349500 425.422
349600 427.035
349700 426.31
349800 426.796
349900 426.298
350000 427.158
