# Time-averaged data for fix all_msd
# TimeStep c_msd1[4]
0 2.04939e-29
100 0.321809
200 0.537942
300 0.743515
400 0.94419
500 1.14228
600 1.45978
700 1.7454
800 2.05622
900 2.33807
1000 2.65951
1100 2.99928
1200 3.27565
1300 3.44854
1400 3.74757
1500 3.89732
1600 4.14239
1700 4.3183
1800 4.59747
1900 4.76551
2000 4.84564
2100 5.0675
2200 5.21579
2300 5.43063
2400 5.54107
2500 5.74816
2600 5.93953
2700 6.17387
2800 6.27947
2900 6.36711
3000 6.55352
3100 6.49339
3200 6.75258
3300 6.96826
3400 7.21222
3500 7.26862
3600 7.36535
3700 7.54552
3800 7.69648
3900 7.93997
4000 8.0077
4100 8.21846
4200 8.43151
4300 8.70521
4400 8.80772
4500 8.98608
4600 9.19898
4700 9.43323
4800 9.35194
4900 9.57472
5000 9.73935
5100 9.98203
5200 9.99275
5300 10.2619
5400 10.4023
5500 10.4655
5600 10.7678
5700 10.6257
5800 10.9417
5900 11.0956
6000 11.1245
6100 11.4345
6200 11.6607
6300 11.8905
6400 11.8881
6500 12.0957
6600 12.0901
6700 12.2234
6800 12.3355
6900 12.4456
7000 12.6462
7100 12.7476
7200 12.8537
7300 12.9342
7400 13.0893
7500 13.2583
7600 13.3407
7700 13.3124
7800 13.5938
7900 13.627
8000 13.9547
8100 14.0969
8200 14.3544
8300 14.3943
8400 14.3476
8500 14.5469
8600 14.6004
8700 14.8701
8800 14.8317
8900 15.1142
9000 15.3058
9100 15.4126
9200 15.709
9300 15.751
9400 15.8962
9500 15.9234
9600 16.1128
9700 16.2299
9800 16.2279
9900 16.4689
10000 16.4809
10100 16.7964
10200 16.7691
10300 17.0849
10400 17.0291
10500 17.1203
10600 17.2755
10700 17.4796
10800 17.7704
10900 17.9042
11000 18.1508
11100 18.1278
11200 18.3327
11300 18.3623
11400 18.5209
11500 18.4725
11600 18.4896
11700 18.5436
11800 18.9777
11900 19.16
12000 19.1697
12100 19.24
12200 19.3966
12300 19.419
12400 19.6309
12500 19.6048
12600 19.9019
12700 20.0507
12800 19.9947
12900 20.1724
13000 20.1029
13100 20.1525
13200 20.3764
13300 20.6324
13400 20.8589
13500 20.6633
13600 20.8553
13700 21.1771
13800 21.282
13900 21.3431
14000 21.5183
14100 21.5483
14200 21.747
14300 21.667
14400 21.7588
14500 21.9082
14600 21.9402
14700 22.2128
14800 22.1994
14900 22.4745
15000 22.6382
15100 22.6407
15200 22.6
15300 22.6901
15400 22.9676
15500 23.0826
15600 23.1388
15700 23.3321
15800 23.5686
15900 23.6129
16000 23.6366
16100 23.8183
16200 23.8335
16300 24.0101
16400 24.2815
16500 24.322
16600 24.5116
16700 24.5082
16800 24.4018
16900 24.7303
17000 24.7517
17100 25.1695
17200 25.2689
17300 25.3256
17400 25.6953
17500 25.7861
17600 25.9203
17700 26.102
17800 26.1473
17900 26.4015
18000 26.3372
18100 26.6351
18200 26.7165
18300 26.9086
18400 26.9401
18500 27.138
18600 27.0922
18700 27.2973
18800 27.5906
18900 27.4452
19000 27.6827
19100 27.9408
19200 28.0262
19300 28.2462
19400 28.2791
19500 28.4037
19600 28.0765
19700 28.3071
19800 28.5406
19900 28.5586
20000 29.1165
20100 29.1662
20200 29.2777
20300 29.277
20400 29.2306
20500 29.5715
20600 29.67
20700 29.7737
20800 29.9641
20900 29.9388
21000 30.3082
21100 30.2631
21200 30.1771
21300 30.6633
21400 30.7277
21500 30.6633
21600 30.9465
21700 31.2194
21800 31.1224
21900 31.3344
22000 31.6254
22100 31.4808
22200 31.4673
22300 31.7182
22400 31.9161
22500 32.3395
22600 32.3189
22700 32.265
22800 32.3048
22900 32.2274
23000 32.6902
23100 32.7383
23200 32.882
23300 33.2168
23400 33.1885
23500 33.5669
23600 33.427
23700 33.7711
23800 33.784
23900 34.0032
24000 34.149
24100 34.2211
24200 34.2036
24300 34.2585
24400 34.2327
24500 34.1404
24600 34.4618
24700 34.9562
24800 35.1392
24900 35.1673
25000 35.2805
25100 35.4716
25200 35.7993
25300 35.8933
25400 36.1213
25500 36.1049
25600 36.6544
25700 36.8713
25800 36.77
25900 36.8214
26000 37.0128
26100 36.9937
26200 37.4695
26300 37.6229
26400 37.6511
26500 37.7204
26600 37.8927
26700 38.024
26800 38.0246
26900 38.3454
27000 38.0143
27100 38.2336
27200 38.1626
27300 38.2259
27400 38.3065
27500 38.6633
27600 38.695
27700 38.6349
27800 38.8562
27900 38.7164
28000 38.691
28100 39.2265
28200 39.6102
28300 39.6322
28400 40.0508
28500 40.0942
28600 40.026
28700 40.3323
28800 40.6486
28900 40.7486
29000 40.7767
29100 40.7943
29200 41.1484
29300 40.9338
29400 41.3446
29500 41.2932
29600 41.4444
29700 41.4306
29800 41.647
29900 41.5108
30000 41.5148
30100 41.6189
30200 41.7068
30300 41.8861
30400 41.8502
30500 41.9296
30600 42.2767
30700 42.2755
30800 42.7118
30900 42.9957
31000 43.1228
31100 43.2007
31200 43.1648
31300 43.2481
31400 43.8648
31500 44.1374
31600 44.136
31700 44.1734
31800 44.5719
31900 44.7758
32000 44.9217
32100 44.9266
32200 45.0806
32300 45.2186
32400 45.3571
32500 45.6416
32600 45.7134
32700 45.7079
32800 45.7339
32900 46.0393
33000 46.0948
33100 46.4168
33200 46.3022
33300 46.5058
33400 46.5596
33500 46.6667
33600 46.8437
33700 46.6902
33800 46.9148
33900 47.1579
34000 47.3159
34100 47.4766
34200 47.3875
34300 47.5271
34400 47.8283
34500 47.8784
34600 47.8681
34700 47.9405
34800 47.7927
34900 47.9245
35000 48.6058
35100 48.3208
35200 48.2332
35300 48.6644
35400 48.811
35500 48.8555
35600 49.1253
35700 49.0763
35800 49.4573
35900 49.2335
36000 49.5559
36100 49.6505
36200 49.7952
36300 49.9665
36400 49.8587
36500 50.1311
36600 50.4721
36700 50.769
36800 50.4646
36900 50.682
37000 50.8888
37100 51.1908
37200 51.4969
37300 51.464
37400 51.4405
37500 51.7693
37600 51.8426
37700 51.9116
37800 52.0905
37900 52.3029
38000 52.1238
38100 52.0808
38200 52.5232
38300 52.3468
38400 52.6492
38500 52.8649
38600 52.8359
38700 53.0674
38800 52.762
38900 52.9724
39000 52.9947
39100 53.2949
39200 53.0579
39300 53.5389
39400 53.819
39500 54.0665
39600 54.0979
39700 54.2534
39800 54.1841
39900 54.2797
40000 54.9049
40100 55.1298
40200 55.2375
40300 55.3463
40400 55.4517
40500 55.5283
40600 55.6879
40700 55.8579
40800 56.3881
40900 56.2476
41000 56.1066
41100 56.3275
41200 56.4914
41300 56.8219
41400 57.0078
41500 57.1289
41600 56.9093
41700 57.4053
41800 57.6262
41900 57.3558
42000 56.9433
42100 57.4853
42200 57.5734
42300 57.4138
42400 57.5308
42500 57.9937
42600 58.043
42700 57.8667
42800 57.811
42900 58.0377
43000 57.9866
43100 58.3032
43200 58.4713
43300 58.2813
43400 58.1851
43500 58.4387
43600 58.3374
43700 59.1384
43800 58.6702
43900 59.1547
44000 59.31
44100 59.3887
44200 59.5252
44300 59.4818
44400 59.771
44500 59.9672
44600 60.1882
44700 59.9452
44800 60.1816
44900 60.671
45000 60.8271
45100 61.0138
45200 61.0914
45300 61.3373
45400 61.4905
45500 61.3798
45600 61.8891
45700 61.9383
45800 61.7647
45900 62.1147
46000 62.3209
46100 62.3114
46200 62.7049
46300 62.741
46400 62.61
46500 62.8211
46600 62.8319
46700 63.1664
46800 63.4605
46900 63.5003
47000 63.5209
47100 63.3297
47200 63.8063
47300 63.4774
47400 63.6118
47500 64.0184
47600 64.3669
47700 64.7218
47800 64.9244
47900 64.8844
48000 64.7621
48100 65.2588
48200 65.0569
48300 65.4632
48400 65.2913
48500 65.6821
48600 65.7655
48700 65.9539
48800 66.0831
48900 66.1157
49000 65.871
49100 66.2182
49200 66.3188
49300 66.5618
49400 67.0888
49500 66.9232
49600 67.2969
49700 67.2528
49800 67.4201
49900 67.2054
50000 67.775
50100 67.5578
50200 67.4506
50300 67.6061
50400 67.5733
50500 67.8761
50600 67.6807
50700 67.8472
50800 68.1831
50900 67.8978
51000 68.0999
51100 68.2616
51200 68.307
51300 68.1106
51400 68.3842
51500 68.7111
51600 68.6532
51700 68.7802
51800 68.9084
51900 69.2234
52000 69.6341
52100 69.8567
52200 69.7635
52300 69.869
52400 70.1756
52500 70.1596
52600 70.0748
52700 70.393
52800 70.5813
52900 70.8741
53000 70.7716
53100 71.3958
53200 71.6177
53300 71.6921
53400 71.6444
53500 71.8495
53600 71.5692
53700 72.0765
53800 72.3633
53900 72.5549
54000 72.2956
54100 72.56
54200 72.5503
54300 72.9699
54400 72.8243
54500 72.7651
54600 73.1545
54700 72.8437
54800 73.2991
54900 73.556
55000 73.2522
55100 73.4652
55200 73.6759
55300 74.056
55400 74.3966
55500 74.4209
55600 74.4557
55700 74.9937
55800 75.2478
55900 75.0554
56000 74.9425
56100 75.5219
56200 75.595
56300 75.6248
56400 76.0027
56500 75.9409
56600 76.3085
56700 76.3928
56800 76.6231
56900 76.8973
57000 77.1349
57100 77.2029
57200 77.3231
57300 77.7162
57400 77.5863
57500 77.7079
57600 77.6384
57700 77.3641
57800 77.5628
57900 77.8147
58000 78.1093
58100 78.2092
58200 78.4459
58300 79.128
58400 78.9429
58500 78.904
58600 78.7931
58700 79.0882
58800 79.1682
58900 79.654
59000 79.7443
59100 79.4813
59200 79.8714
59300 79.8922
59400 79.7149
59500 80.1377
59600 80.3359
59700 80.284
59800 80.507
59900 81.1424
60000 81.0116
60100 81.0537
60200 80.9744
60300 81.1145
60400 81.4194
60500 81.3699
60600 81.482
60700 81.6972
60800 81.8527
60900 82.1299
61000 81.9596
61100 82.0086
61200 81.9007
61300 82.2237
61400 82.6079
61500 82.5494
61600 82.9841
61700 83.0282
61800 83.6187
61900 83.5289
62000 83.4708
62100 83.7674
62200 84.1398
62300 84.0396
62400 84.484
62500 84.5831
62600 84.9533
62700 85.1674
62800 85.6585
62900 85.5574
63000 86.0002
63100 85.9227
63200 86.3352
63300 86.6146
63400 86.2137
63500 86.4337
63600 86.9564
63700 86.8595
63800 87.0859
63900 87.1068
64000 87.363
64100 87.3365
64200 87.2404
64300 87.4338
64400 87.5959
64500 87.4492
64600 87.5642
64700 87.5834
64800 88.1205
64900 88.088
65000 88.4925
65100 88.3823
65200 88.3842
65300 88.0883
65400 88.4716
65500 88.3001
65600 88.654
65700 88.7115
65800 89.1993
65900 89.3146
66000 89.0351
66100 89.1474
66200 89.1191
66300 89.2228
66400 89.6397
66500 89.6183
66600 89.5084
66700 89.4083
66800 89.857
66900 89.662
67000 89.9294
67100 90.0944
67200 90.2093
67300 90.8448
67400 90.7086
67500 91.1764
67600 90.9045
67700 91.463
67800 92.1945
67900 92.0162
68000 92.1407
68100 92.2022
68200 92.2522
68300 91.9185
68400 92.3353
68500 92.4487
68600 92.3433
68700 93.187
68800 93.0006
68900 93.0143
69000 93.1803
69100 93.1243
69200 93.5057
69300 93.2366
69400 93.4393
69500 93.6744
69600 93.7339
69700 93.5395
69800 93.6766
69900 94.2294
70000 94.1073
70100 94.104
70200 94.1216
70300 94.6743
70400 94.5992
70500 94.7843
70600 94.8069
70700 94.9213
70800 95.0755
70900 95.3812
71000 94.7293
71100 94.8557
71200 94.5081
71300 94.7726
71400 95.2871
71500 95.0994
71600 95.0292
71700 95.462
71800 95.0591
71900 95.5854
72000 95.8413
72100 95.9463
72200 96.0804
72300 95.7688
72400 96.2752
72500 96.0054
72600 96.305
72700 96.5887
72800 96.7159
72900 96.8599
73000 96.8793
73100 96.8834
73200 96.8523
73300 97.1515
73400 97.4983
73500 97.4801
73600 97.8669
73700 98.0459
73800 97.9456
73900 98.258
74000 98.769
74100 98.295
74200 98.4802
74300 98.6132
74400 99.2779
74500 99.3008
74600 98.9827
74700 99.143
74800 99.4317
74900 99.3663
75000 99.6267
75100 100.258
75200 99.7704
75300 99.995
75400 100.841
75500 100.69
75600 100.889
75700 100.561
75800 100.761
75900 101.394
76000 101.225
76100 100.822
76200 100.834
76300 100.758
76400 101.326
76500 101.058
76600 101.512
76700 101.478
76800 102.007
76900 102.415
77000 102.271
77100 102.307
77200 102.597
77300 102.787
77400 102.855
77500 103.133
77600 102.948
77700 103.132
77800 103.002
77900 102.812
78000 103.323
78100 103.924
78200 103.815
78300 103.972
78400 104.075
78500 103.914
78600 103.843
78700 103.913
78800 103.939
78900 103.761
79000 104.095
79100 104.606
79200 104.978
79300 104.006
79400 104.056
79500 104.709
79600 105.123
79700 105.631
79800 105.615
79900 106.063
80000 105.661
80100 106.198
80200 106.05
80300 106.243
80400 106.818
80500 107.131
80600 106.828
80700 106.771
80800 107.106
80900 106.98
81000 107.694
81100 107.396
81200 107.614
81300 107.901
81400 107.77
81500 107.614
81600 107.484
81700 107.839
81800 108.499
81900 108.846
82000 109.02
82100 108.829
82200 109.131
82300 108.848
82400 108.759
82500 108.688
82600 109.06
82700 108.837
82800 109.251
82900 109.254
83000 109.281
83100 109.21
83200 110.22
83300 109.6
83400 110.379
83500 110.645
83600 110.575
83700 110.686
83800 110.627
83900 110.977
84000 110.512
84100 110.921
84200 111.52
84300 110.88
84400 111.357
84500 111.384
84600 112.189
84700 112.199
84800 112.384
84900 111.859
85000 111.93
85100 112.497
85200 112.316
85300 112.267
85400 111.845
85500 112.146
85600 112.565
85700 112.612
85800 112.101
85900 112.444
86000 112.713
86100 112.988
86200 113.417
86300 113.271
86400 113.548
86500 113.596
86600 113.798
86700 113.54
86800 113.705
86900 113.693
87000 114.104
87100 114.132
87200 114.491
87300 114.952
87400 114.681
87500 114.608
87600 114.69
87700 114.783
87800 115.289
87900 115.003
88000 115.064
88100 114.934
88200 115.402
88300 115.826
88400 115.751
88500 116.071
88600 116.551
88700 116.727
88800 116.374
88900 116.567
89000 116.481
89100 117.169
89200 116.76
89300 117.381
89400 117.393
89500 117.548
89600 117.782
89700 118.204
89800 118.27
89900 118.391
90000 118.631
90100 118.15
90200 118.592
90300 118.491
90400 119.528
90500 119.819
90600 119.841
90700 119.7
90800 119.809
90900 120.141
91000 120.047
91100 120.23
91200 120.246
91300 119.885
91400 120.722
91500 120.696
91600 120.758
91700 121.185
91800 121.139
91900 121.258
92000 121.394
92100 120.941
92200 120.678
92300 120.571
92400 121.017
92500 121.145
92600 121.67
92700 121.15
92800 121.254
92900 121.738
93000 121.973
93100 122.272
93200 122.098
93300 122.497
93400 122.692
93500 122.86
93600 122.997
93700 123.573
93800 124.159
93900 124.127
94000 124.295
94100 124.106
94200 124.074
94300 124.131
94400 124.867
94500 124.596
94600 125.059
94700 124.962
94800 125.684
94900 126.449
95000 125.952
95100 126.359
95200 126.304
95300 126.064
95400 126.381
95500 126.997
95600 126.804
95700 126.653
95800 126.982
95900 126.719
96000 126.848
96100 126.895
96200 127.296
96300 127.573
96400 127.787
96500 127.522
96600 127.876
96700 127.998
96800 127.633
96900 127.582
97000 128.268
97100 128.418
97200 128.425
97300 128.518
97400 128.649
97500 128.531
97600 129.269
97700 128.988
97800 128.833
97900 129.016
98000 129.304
98100 129.434
98200 129.221
98300 129.643
98400 129.555
98500 129.232
98600 129.749
98700 129.975
98800 129.328
98900 130.149
99000 130.068
99100 129.558
99200 129.709
99300 130.425
99400 130.565
99500 130.921
99600 131.117
99700 131.215
99800 131.753
99900 131.482
100000 132.212
100100 131.669
100200 132.006
100300 131.617
100400 132.808
100500 132.738
100600 132.589
100700 132.53
100800 132.308
100900 132.346
101000 132.107
101100 132.471
101200 132.61
101300 132.945
101400 133.204
101500 133.485
101600 133.359
101700 133.63
101800 133.664
101900 133.219
102000 133.164
102100 133.658
102200 133.982
102300 134.137
102400 134.82
102500 134.238
102600 134.729
102700 134.382
102800 134.777
102900 135.1
103000 135.647
103100 135.299
103200 135.401
103300 134.992
103400 135.702
103500 136.168
103600 135.951
103700 136.374
103800 136.334
103900 135.971
104000 135.482
104100 135.438
104200 135.569
104300 136.09
104400 136.261
104500 136.983
104600 136.783
104700 137.013
104800 137.174
104900 137.562
105000 137.285
105100 137.577
105200 137.697
105300 137.652
105400 137.591
105500 138.132
105600 138.332
105700 138.75
105800 138.708
105900 138.62
106000 138.491
106100 139.155
106200 139.462
106300 139.867
106400 139.537
106500 140.153
106600 140.628
106700 140.433
106800 140.221
106900 140.619
107000 140.543
107100 140.221
107200 141.038
107300 140.484
107400 140.379
107500 140.874
107600 140.909
107700 141.032
107800 140.794
107900 140.579
108000 141.022
108100 141.441
108200 141.499
108300 141.271
108400 141.926
108500 141.86
108600 141.975
108700 142.066
108800 142.22
108900 142.344
109000 142.464
109100 142.559
109200 142.454
109300 142.97
109400 143.211
109500 143.277
109600 143.031
109700 143.529
109800 143.235
109900 143.444
110000 143.619
110100 143.259
110200 143.712
110300 143.7
110400 144.329
110500 144.245
110600 144.159
110700 144.504
110800 145.096
110900 145.077
111000 145.205
111100 145.377
111200 145.133
111300 145.322
111400 145.854
111500 146.133
111600 146.287
111700 146.227
111800 146.521
111900 146.859
112000 147.068
112100 147.183
112200 147.435
112300 147.88
112400 148.131
112500 147.935
112600 147.743
112700 147.487
112800 147.66
112900 147.72
113000 148.191
113100 148.174
113200 148.122
113300 148.188
113400 147.737
113500 148.344
113600 147.977
113700 148.121
113800 148.519
113900 148.954
114000 149.352
114100 148.959
114200 149.783
114300 149.953
114400 150.596
114500 149.743
114600 150.142
114700 150.738
114800 150.529
114900 150.62
115000 149.934
115100 150.058
115200 149.876
115300 150.388
115400 150.943
115500 150.864
115600 150.913
115700 151.188
115800 151.387
115900 151.202
116000 151.192
116100 151.247
116200 151.05
116300 151.231
116400 151.139
116500 152.041
116600 152.253
116700 152.159
116800 152.52
116900 152.049
117000 152.385
117100 152.202
117200 152.381
117300 153.08
117400 153.006
117500 153.359
117600 153.324
117700 152.796
117800 153.537
117900 153.52
118000 153.588
118100 153.68
118200 154.204
118300 154.255
118400 154.791
118500 154.664
118600 154.865
118700 155.32
118800 155.145
118900 155.146
119000 155.664
119100 155.796
119200 155.438
119300 155.488
119400 155.515
119500 155.815
119600 155.906
119700 156.196
119800 156.307
119900 156.879
120000 157.486
120100 157.187
120200 157.427
120300 157.312
120400 157.491
120500 157.336
120600 157.512
120700 157.769
120800 158.129
120900 157.978
121000 158.29
121100 158.229
121200 158.4
121300 158.508
121400 158.444
121500 158.827
121600 158.466
121700 158.773
121800 158.75
121900 159.369
122000 159.394
122100 159.416
122200 159.32
122300 160.04
122400 160.432
122500 160.423
122600 161.062
122700 160.375
122800 160.612
122900 160.869
123000 160.407
123100 160.85
123200 160.945
123300 161.137
123400 161.501
123500 161.677
123600 161.978
123700 161.939
123800 162.184
123900 161.912
124000 161.932
124100 161.494
124200 161.821
124300 162.147
124400 162.166
124500 161.905
124600 162.407
124700 162.442
124800 162.612
124900 162.213
125000 162.908
125100 162.794
125200 162.854
125300 163.161
125400 163.024
125500 163.816
125600 163.638
125700 164.274
125800 164.209
125900 164.586
126000 165.004
126100 165.327
126200 164.405
126300 164.906
126400 164.921
126500 165.151
126600 165.449
126700 165.649
126800 165.762
126900 165.76
127000 165.57
127100 165.516
127200 166.297
127300 166.177
127400 166.504
127500 166.605
127600 166.778
127700 166.737
127800 166.772
127900 166.591
128000 166.879
128100 167.098
128200 167.675
128300 167.927
128400 167.941
128500 167.873
128600 168.136
128700 167.75
128800 168.745
128900 168.319
129000 168.693
129100 169.001
129200 168.804
129300 168.389
129400 168.998
129500 169.275
129600 169.537
129700 169.916
129800 169.433
129900 170.057
130000 169.937
130100 169.884
130200 170.695
130300 170.19
130400 169.848
130500 170.004
130600 170.36
130700 170.751
130800 170.443
130900 171.005
131000 171.358
131100 170.933
131200 170.952
131300 171.458
131400 171.399
131500 171.618
131600 172.189
131700 172.163
131800 172.332
131900 172.649
132000 172.068
132100 171.908
132200 172.368
132300 172.62
132400 173.13
132500 173.37
132600 172.852
132700 172.859
132800 172.872
132900 173.337
133000 173.368
133100 173.51
133200 173.971
133300 174.167
133400 174.21
133500 174.56
133600 174.519
133700 174.583
133800 174.653
133900 174.667
134000 174.647
134100 174.587
134200 174.464
134300 174.833
134400 175.584
134500 175.12
134600 175.244
134700 176.158
134800 176.182
134900 176.091
135000 176.135
135100 175.806
135200 176.312
135300 176.46
135400 176.868
135500 176.831
135600 176.912
135700 177.279
135800 177.118
135900 176.995
136000 178.269
136100 177.816
136200 177.608
136300 177.379
136400 177.907
136500 177.839
136600 178.704
136700 178.613
136800 178.24
136900 178.944
137000 179.212
137100 178.762
137200 179.236
137300 179.035
137400 179.865
137500 180.459
137600 180.166
137700 180.133
137800 180.152
137900 179.866
138000 180.025
138100 180.554
138200 180.37
138300 180.599
138400 180.968
138500 181.003
138600 181.162
138700 181.469
138800 181.727
138900 181.514
139000 181.039
139100 181.805
139200 181.353
139300 181.708
139400 181.616
139500 182.646
139600 182.964
139700 182.401
139800 182.639
139900 182.247
140000 182.664
140100 183.263
140200 183.069
140300 183.48
140400 183.116
140500 183.006
140600 183.552
140700 184.154
140800 184.412
140900 184.158
141000 183.79
141100 184.02
141200 183.848
141300 184.318
141400 184.6
141500 185.235
141600 185.157
141700 185.64
141800 185.579
141900 185.29
142000 185.902
142100 186.908
142200 186.71
142300 186.896
142400 186.715
142500 186.923
142600 187.012
142700 187.043
142800 186.82
142900 187.596
143000 187.362
143100 187.595
143200 187.395
143300 187.058
143400 187.945
143500 188.045
143600 187.773
143700 188.213
143800 188.615
143900 188.262
144000 188.256
144100 188.29
144200 188.036
144300 188.652
144400 189.147
144500 188.723
144600 188.758
144700 189.255
144800 188.978
144900 190.167
145000 190.223
145100 190.767
145200 190.369
145300 190.09
145400 189.729
145500 190.055
145600 190.264
145700 190.264
145800 190.299
145900 190.112
146000 190.128
146100 190.284
146200 189.924
146300 190.479
146400 191.037
146500 190.65
146600 191.158
146700 191.904
146800 192.152
146900 190.938
147000 191.061
147100 191.799
147200 191.595
147300 191.389
147400 191.772
147500 191.714
147600 191.918
147700 191.764
147800 191.72
147900 191.512
148000 191.556
148100 191.654
148200 191.78
148300 192.488
148400 191.731
148500 191.976
148600 192.334
148700 192.653
148800 192.578
148900 192.997
149000 193.416
149100 194.144
149200 193.752
149300 193.484
149400 193.79
149500 193.666
149600 194.238
149700 194.069
149800 193.796
149900 193.953
150000 194.738
150100 194.753
150200 195.422
150300 195.734
150400 195.368
150500 195.096
150600 195.227
150700 195.728
150800 195.846
150900 195.788
151000 196.084
151100 196.424
151200 196.757
151300 196.716
151400 196.314
151500 196.645
151600 196.271
151700 196.866
151800 197.127
151900 197.189
152000 196.3
152100 197.486
152200 197.669
152300 197.98
152400 198.196
152500 198.401
152600 199.305
152700 199.603
152800 198.805
152900 198.688
153000 199.051
153100 199.128
153200 198.963
153300 199.345
153400 199.48
153500 199.573
153600 199.975
153700 199.985
153800 199.728
153900 199.847
154000 200.337
154100 200.5
154200 200.544
154300 200.631
154400 200.791
154500 200.859
154600 201.184
154700 200.863
154800 201.513
154900 201.506
155000 201.302
155100 202.379
155200 202.854
155300 202.789
155400 203.023
155500 203.145
155600 203.272
155700 203.254
155800 203.201
155900 203.879
156000 204.717
156100 204.586
156200 204.295
156300 204.327
156400 204.246
156500 205.181
156600 205.018
156700 204.684
156800 204.839
156900 204.776
157000 204.528
157100 205.133
157200 205.443
157300 205.591
157400 205.261
157500 205
157600 204.981
157700 205.138
157800 205.43
157900 204.97
158000 205.768
158100 205.855
158200 205.708
158300 205.178
158400 205.524
158500 205.226
158600 205.182
158700 205.581
158800 205.572
158900 205.175
159000 205.204
159100 205.72
159200 206.131
159300 206.084
159400 206.091
159500 205.815
159600 206.131
159700 206.322
159800 206.696
159900 206.934
160000 206.83
160100 206.875
160200 207.827
160300 207.487
160400 207.713
160500 207.882
160600 207.477
160700 208.099
160800 208.134
160900 207.497
161000 208.355
161100 208.515
161200 208.705
161300 208.54
161400 208.605
161500 208.865
161600 208.549
161700 208.354
161800 208.671
161900 208.346
162000 208.748
162100 209.136
162200 209.981
162300 209.542
162400 209.617
162500 209.778
162600 209.895
162700 209.864
162800 210.311
162900 210.883
163000 210.509
163100 209.736
163200 210.01
163300 210.373
163400 210.062
163500 210.73
163600 210.626
163700 210.866
163800 210.847
163900 210.356
164000 210.303
164100 211.552
164200 212.109
164300 211.706
164400 212.048
164500 211.678
164600 212.37
164700 212.141
164800 212.294
164900 212.585
165000 213.005
165100 212.295
165200 212.568
165300 212.884
165400 213.384
165500 213.734
165600 213.629
165700 213.439
165800 213.815
165900 214.216
166000 213.669
166100 214.798
166200 214.642
166300 214.511
166400 214.533
166500 215.417
166600 215.457
166700 215.79
166800 215.318
166900 215.536
167000 215.589
167100 216.085
167200 216.158
167300 215.852
167400 215.167
167500 215.512
167600 215.094
167700 215.553
167800 215.58
167900 215.112
168000 215.504
168100 215.963
168200 216.015
168300 216.364
168400 216.36
168500 216.812
168600 217.543
168700 217.335
168800 217.769
168900 217.308
169000 217.039
169100 217.99
169200 218.547
169300 218.623
169400 217.83
169500 218.855
169600 218.235
169700 219.061
169800 219.34
169900 219.445
170000 220.223
170100 220.141
170200 220.419
170300 220.019
170400 219.875
170500 219.94
170600 220.719
170700 220.219
170800 220.17
170900 219.957
171000 220.61
171100 221.258
171200 221.051
171300 221.509
171400 221.426
171500 221.554
171600 222.334
171700 221.922
171800 221.756
171900 221.424
172000 221.972
172100 221.759
172200 222.24
172300 223.001
172400 222.64
172500 222.27
172600 221.831
172700 222.547
172800 222.886
172900 221.885
173000 222.292
173100 222.551
173200 223.255
173300 223.861
173400 223.407
173500 223.987
173600 223.832
173700 224.206
173800 224.428
173900 224.846
174000 224.388
174100 224.495
174200 225.169
174300 224.082
174400 224.716
174500 224.92
174600 224.469
174700 224.794
174800 225.694
174900 225.514
175000 225.447
175100 225.53
175200 225.668
175300 225.73
175400 225.903
175500 226.138
175600 225.627
175700 225.763
175800 225.69
175900 226.264
176000 226.203
176100 226.898
176200 226.621
176300 226.678
176400 226.295
176500 226.869
176600 227.001
176700 226.619
176800 226.287
176900 226.641
177000 227.123
177100 227.231
177200 227.5
177300 227.137
177400 227.52
177500 227.541
177600 227.38
177700 227.26
177800 227.193
177900 227.134
178000 227.395
178100 228.104
178200 228.053
178300 227.971
178400 227.506
178500 227.565
178600 227.959
178700 228.279
178800 228.645
178900 228.09
179000 228.952
179100 229.287
179200 229.328
179300 229.694
179400 230.126
179500 229.966
179600 230.075
179700 230.683
179800 231.005
179900 230.118
180000 230.883
180100 231.097
180200 231.231
180300 231.092
180400 231.396
180500 230.418
180600 230.435
180700 230.514
180800 230.451
180900 230.58
181000 230.601
181100 229.83
181200 231.127
181300 231.125
181400 230.693
181500 231.296
181600 231.477
181700 231.862
181800 231.611
181900 231.218
182000 231.821
182100 232.077
182200 232.842
182300 232.46
182400 232.047
182500 233.026
182600 232.745
182700 233.298
182800 232.583
182900 233.566
183000 233.483
183100 233.436
183200 233.976
183300 233.082
183400 233.741
183500 234.123
183600 234.247
183700 234.726
183800 234.729
183900 233.601
184000 233.664
184100 233.383
184200 233.543
184300 233.507
184400 234.06
184500 233.507
184600 234.166
184700 234.693
184800 234.77
184900 234.451
185000 235.516
185100 235.878
185200 236.012
185300 235.753
185400 236.331
185500 236.464
185600 236.617
185700 236.796
185800 237.102
185900 237.521
186000 237.604
186100 237.069
186200 236.684
186300 237.089
186400 236.117
186500 236.873
186600 237.563
186700 237.423
186800 237.321
186900 237.536
187000 237.834
187100 237.175
187200 237.919
187300 237.51
187400 236.951
187500 237.309
187600 237.377
187700 237.365
187800 237.305
187900 237.937
188000 238.092
188100 237.445
188200 237.935
188300 237.499
188400 237.81
188500 237.889
188600 238.451
188700 238.777
188800 239.023
188900 239.309
189000 239.037
189100 238.733
189200 239.563
189300 240.311
189400 240.701
189500 239.991
189600 240.21
189700 240.784
189800 240.953
189900 241.119
190000 241.316
190100 241.996
190200 241.715
190300 242.487
190400 242.051
190500 242.084
190600 242.165
190700 242.721
190800 242.613
190900 242.629
191000 242.302
191100 243.132
191200 242.999
191300 242.815
191400 243.037
191500 242.705
191600 242.585
191700 242.991
191800 242.456
191900 243.052
192000 243.224
192100 242.966
192200 242.819
192300 243.421
192400 244.28
192500 244.336
192600 244.249
192700 244.658
192800 244.517
192900 244.185
193000 245.127
193100 244.981
193200 245.269
193300 244.817
193400 244.902
193500 244.844
193600 245.765
193700 245.887
193800 245.518
193900 245.134
194000 245.128
194100 245.664
194200 245.716
194300 245.253
194400 245.283
194500 245.7
194600 245.831
194700 246.29
194800 246.542
194900 246.878
195000 247.265
195100 246.842
195200 247.53
195300 246.265
195400 247.621
195500 246.847
195600 247.564
195700 247.169
195800 248.168
195900 247.91
196000 247.868
196100 247.507
196200 248.492
196300 248.011
196400 247.841
196500 247.677
196600 248.695
196700 248.417
196800 249.193
196900 249.475
197000 250.202
197100 250.52
197200 250.456
197300 250.859
197400 251.374
197500 251.337
197600 251.929
197700 251.291
197800 251.166
197900 251.622
198000 251.393
198100 251.873
198200 251.152
198300 251.375
198400 251.553
198500 251.091
198600 251.713
198700 252.04
198800 252.154
198900 252.416
199000 252.111
199100 252.395
199200 251.783
199300 251.987
199400 251.403
199500 251.969
199600 252.378
199700 252.756
199800 252.006
199900 252.727
200000 252.613
200100 252.717
200200 252.924
200300 252.766
200400 253.221
200500 253.546
200600 253.419
200700 254.178
200800 254.014
200900 253.92
201000 253.18
201100 253.08
201200 254.45
201300 253.527
201400 253.469
201500 253.911
201600 253.739
201700 253.978
201800 253.71
201900 254.323
202000 254.343
202100 254.144
202200 255.215
202300 255.041
202400 255.878
202500 255.16
202600 254.582
202700 255.234
202800 254.839
202900 255.794
203000 254.567
203100 255.35
203200 254.907
203300 255.409
203400 255.837
203500 255.815
203600 255.479
203700 255.943
203800 256.607
203900 256.618
204000 256.44
204100 257.071
204200 256.741
204300 256.456
204400 256.488
204500 256.233
204600 256.661
204700 257.504
204800 257.703
204900 257.056
205000 257.641
205100 257.247
205200 257.061
205300 257.029
205400 257.159
205500 257.508
205600 257.624
205700 258.592
205800 258.692
205900 258.334
206000 258.941
206100 259.163
206200 258.707
206300 259.225
206400 259.236
206500 259.137
206600 259.348
206700 259.155
206800 259.808
206900 259.774
207000 259.997
207100 259.281
207200 259.69
207300 259.697
207400 260.433
207500 259.79
207600 260.282
207700 260.375
207800 260.847
207900 260.665
208000 260.566
208100 260.981
208200 260.534
208300 260.777
208400 261.062
208500 260.75
208600 261.002
208700 259.992
208800 260.671
208900 261.172
209000 261.192
209100 261.122
209200 260.832
209300 261.875
209400 262.092
209500 262.233
209600 262.339
209700 262.091
209800 262.137
209900 262.278
210000 262.043
210100 261.743
210200 262.469
210300 262.378
210400 262.874
210500 262.504
210600 262.428
210700 262.271
210800 262.929
210900 262.964
211000 262.627
211100 262.65
211200 262.923
211300 263.284
211400 262.882
211500 263.385
211600 263.2
211700 262.926
211800 263.175
211900 263.971
212000 264.313
212100 264.642
212200 264.472
212300 264.96
212400 264.986
212500 264.994
212600 265.36
212700 265.011
212800 265.485
212900 265.396
213000 265.422
213100 265.938
213200 265.665
213300 265.878
213400 265.933
213500 265.359
213600 266.221
213700 265.519
213800 265.894
213900 266.472
214000 266.221
214100 266.521
214200 266.117
214300 266.556
214400 266.977
214500 266.843
214600 267.02
214700 267.381
214800 267.115
214900 267.052
215000 266.891
215100 266.854
215200 267.205
215300 267.14
215400 266.977
215500 267.446
215600 267.981
215700 268.514
215800 268.227
215900 268.176
216000 268.684
216100 268.643
216200 268.941
216300 269.272
216400 268.469
216500 268.639
216600 269.178
216700 269.343
216800 269.17
216900 269.717
217000 269.467
217100 269.684
217200 270.544
217300 270.889
217400 271.055
217500 270.58
217600 270.917
217700 271.258
217800 271.482
217900 271.638
218000 271.655
218100 272.026
218200 272.091
218300 272.711
218400 271.907
218500 271.778
218600 271.979
218700 272.688
218800 272.489
218900 272.956
219000 273.885
219100 273.165
219200 273.076
219300 273.497
219400 273.868
219500 273.684
219600 273.503
219700 273.69
219800 274.308
219900 274.706
220000 274.679
220100 274.813
220200 274.75
220300 274.681
220400 275.402
220500 274.946
220600 275.237
220700 275.44
220800 275.51
220900 275.829
221000 276.04
221100 276.344
221200 276.272
221300 276.389
221400 276.798
221500 277.409
221600 276.901
221700 277.389
221800 278.392
221900 277.948
222000 278.401
222100 278.62
222200 278.264
222300 277.676
222400 277.554
222500 278.179
222600 278.583
222700 279.009
222800 278.345
222900 278.471
223000 278.618
223100 279.588
223200 279.206
223300 279.68
223400 279.729
223500 279.126
223600 280.259
223700 280.464
223800 279.974
223900 280.03
224000 281.227
224100 281.426
224200 281.85
224300 282.113
224400 282.692
224500 281.838
224600 282.407
224700 281.821
224800 282.847
224900 282.641
225000 282.658
225100 282.437
225200 282.918
225300 283.554
225400 282.949
225500 283.881
225600 283.783
225700 283.668
225800 284.387
225900 284.72
226000 284.289
226100 284.371
226200 284.706
226300 284.418
226400 284.94
226500 285.094
226600 284.562
226700 285.437
226800 285.788
226900 285.152
227000 285.27
227100 285.526
227200 285.282
227300 285.209
227400 285.282
227500 285.151
227600 284.784
227700 285.058
227800 284.601
227900 285.529
228000 285.457
228100 285.194
228200 285.215
228300 285.398
228400 285.888
228500 286.001
228600 285.169
228700 285.26
228800 286.149
228900 286.623
229000 286.233
229100 286.133
229200 285.835
229300 285.343
229400 285.646
229500 286.462
229600 286.475
229700 286.469
229800 286.128
229900 286.425
230000 286.304
230100 286.49
230200 287.3
230300 287.639
230400 286.79
230500 287.368
230600 287.967
230700 288.857
230800 288.716
230900 288.381
231000 288.511
231100 288.125
231200 288.412
231300 288.263
231400 288.975
231500 288.217
231600 288.729
231700 288.826
231800 289.472
231900 289.134
232000 289.936
232100 290.245
232200 289.594
232300 289.879
232400 290.205
232500 290.285
232600 289.803
232700 290.313
232800 290.204
232900 290.37
233000 290.899
233100 290.907
233200 290.785
233300 291.006
233400 291.466
233500 291.871
233600 291.763
233700 292.343
233800 292.568
233900 292.444
234000 293.372
234100 293.976
234200 293.268
234300 292.642
234400 292.541
234500 293.703
234600 293.242
234700 293.548
234800 292.655
234900 292.891
235000 293.931
235100 294.316
235200 294.451
235300 294.832
235400 294.581
235500 294.887
235600 294.815
235700 295.464
235800 295.853
235900 296.361
236000 296.103
236100 295.583
236200 295.961
236300 296.566
236400 297.832
236500 297.46
236600 297.566
236700 296.973
236800 297.365
236900 297.701
237000 297.283
237100 296.758
237200 297.242
237300 297.152
237400 297.479
237500 297.498
237600 297.573
237700 298.042
237800 298.083
237900 298.113
238000 298.376
238100 298.614
238200 298.556
238300 298.533
238400 297.576
238500 298.796
238600 298.094
238700 298.038
238800 298.689
238900 298.896
239000 299.657
239100 299.99
239200 298.993
239300 298.889
239400 299.512
239500 299.455
239600 299.582
239700 300.185
239800 301.054
239900 300.753
240000 300.062
240100 300.525
240200 301.01
240300 300.711
240400 301.112
240500 301.704
240600 301.164
240700 301.361
240800 301.609
240900 302.436
241000 302.575
241100 301.973
241200 302.364
241300 302.766
241400 302.646
241500 302.271
241600 301.979
241700 301.695
241800 302.573
241900 303.069
242000 303.349
242100 302.63
242200 302.874
242300 303.736
242400 303.867
242500 303.917
242600 303.592
242700 303.926
242800 304.235
242900 304.94
243000 304.487
243100 303.95
243200 304.319
243300 304.504
243400 305.187
243500 304.825
243600 306.04
243700 305.639
243800 306.234
243900 305.861
244000 305.746
244100 306.003
244200 306.54
244300 306.371
244400 306.635
244500 306.843
244600 306.761
244700 306.98
244800 307.574
244900 307.781
245000 307.837
245100 308.253
245200 308.341
245300 309.319
245400 308.833
245500 308.448
245600 308.837
245700 308.789
245800 309.441
245900 310.043
246000 309.792
246100 310.06
246200 310.17
246300 309.608
246400 309.624
246500 308.996
246600 309.155
246700 309.627
246800 309.863
246900 310.066
247000 309.508
247100 309.728
247200 309.39
247300 310.053
247400 310.172
247500 309.139
247600 310.32
247700 311.131
247800 311.493
247900 312.426
248000 312.153
248100 312.403
248200 312.404
248300 311.671
248400 311.964
248500 312.525
248600 311.687
248700 311.554
248800 312.368
248900 312.857
249000 312.46
249100 312.345
249200 311.945
249300 312.489
249400 313.314
249500 313.054
249600 313.023
249700 313.594
249800 313.685
249900 313.857
250000 313.718
250100 313.394
250200 313.795
250300 313.932
250400 314.301
250500 314.044
250600 314.265
250700 313.915
250800 313.737
250900 314.711
251000 313.945
251100 314.651
251200 314.359
251300 314.411
251400 314.734
251500 313.759
251600 314.124
251700 314.552
251800 314.41
251900 315.408
252000 315.118
252100 314.255
252200 314.736
252300 315.115
252400 315.044
252500 316.159
252600 315.68
252700 315.999
252800 316.014
252900 315.786
253000 315.892
253100 316.039
253200 316.256
253300 316.542
253400 316.075
253500 316.591
253600 316.975
253700 316.985
253800 317.639
253900 317.573
254000 316.816
254100 318.576
254200 317.984
254300 317.036
254400 318.403
254500 318.057
254600 317.951
254700 318.218
254800 318.55
254900 318.28
255000 318.043
255100 318.666
255200 318.407
255300 318.751
255400 319.167
255500 319.707
255600 319.233
255700 319.232
255800 319.586
255900 320.011
256000 320.526
256100 320.714
256200 320.38
256300 320.927
256400 320.923
256500 320.476
256600 321.4
256700 320.675
256800 320.615
256900 320.916
257000 321.076
257100 321.372
257200 321.8
257300 321.884
257400 321.929
257500 322.377
257600 322.348
257700 321.807
257800 322.025
257900 321.79
258000 322.894
258100 322.798
258200 323.458
258300 323.801
258400 323.547
258500 323.582
258600 323.356
258700 323.694
258800 323.22
258900 323.22
259000 323.535
259100 323.376
259200 323.747
259300 323.549
259400 323.493
259500 324.136
259600 324.07
259700 323.938
259800 323.301
259900 322.912
260000 324.471
260100 324.4
260200 323.949
260300 324.183
260400 324.06
260500 323.926
260600 324.264
260700 324.363
260800 323.438
260900 324.951
261000 324.113
261100 323.84
261200 324.438
261300 325.252
261400 324.738
261500 324.396
261600 324.779
261700 325.053
261800 324.602
261900 325.562
262000 326.006
262100 325.588
262200 325.562
262300 325.334
262400 325.7
262500 325.369
262600 325.263
262700 325.805
262800 326.896
262900 326.752
263000 326.709
263100 326.593
263200 326.998
263300 327.593
263400 326.952
263500 327.598
263600 327.831
263700 327.385
263800 327.226
263900 328.059
264000 327.132
264100 328.381
264200 328.733
264300 327.931
264400 328.373
264500 328.689
264600 328.446
264700 328.718
264800 328.417
264900 328.512
265000 329.28
265100 328.494
265200 328.54
265300 328.797
265400 328.416
265500 328.722
265600 328.043
265700 327.651
265800 327.891
265900 328.38
266000 328.536
266100 329.086
266200 328.861
266300 329.47
266400 329.89
266500 329.883
266600 329.71
266700 329.512
266800 330.579
266900 330.199
267000 330.229
267100 330.085
267200 330.154
267300 330.572
267400 330.4
267500 330.764
267600 330.977
267700 331.364
267800 330.606
267900 330.763
268000 331.275
268100 331.438
268200 330.831
268300 330.983
268400 331.535
268500 332.101
268600 333.001
268700 332.333
268800 332.27
268900 331.656
269000 332.429
269100 332.481
269200 332.257
269300 332.52
269400 332.792
269500 333.106
269600 333.12
269700 332.831
269800 333.488
269900 333.254
270000 332.751
270100 333.321
270200 333.263
270300 333.929
270400 332.387
270500 333.287
270600 333.891
270700 333.942
270800 333.702
270900 334.622
271000 334.082
271100 334.709
271200 333.601
271300 334.216
271400 334.704
271500 335.039
271600 335.032
271700 335.679
271800 335.46
271900 334.947
272000 335.642
272100 334.803
272200 335.854
272300 335.232
272400 336.248
272500 336.142
272600 336.081
272700 336.043
272800 337.349
272900 336.63
273000 336.119
273100 337.212
273200 337.344
273300 337.037
273400 337.667
273500 336.685
273600 337.195
273700 337.356
273800 337.454
273900 337.9
274000 337.834
274100 338.178
274200 338.166
274300 338.798
274400 338.238
274500 339.209
274600 338.717
274700 339.255
274800 339.696
274900 339.439
275000 339.847
275100 339.591
275200 339.656
275300 339.855
275400 339.437
275500 339.639
275600 341.185
275700 340.647
275800 341.013
275900 340.824
276000 341.53
276100 341.079
276200 341.928
276300 341.702
276400 340.331
276500 341.425
276600 341.542
276700 342.382
276800 341.897
276900 342.504
277000 342.441
277100 342.566
277200 343.416
277300 342.634
277400 343.476
277500 343.347
277600 342.88
277700 343.345
277800 342.698
277900 343.122
278000 343.365
278100 343.735
278200 343.424
278300 343.327
278400 342.185
278500 343.602
278600 343.656
278700 344.002
278800 343.549
278900 343.304
279000 343.205
279100 343.902
279200 343.691
279300 344.127
279400 343.175
279500 343.483
279600 343.415
279700 344.271
279800 344.849
279900 345.232
280000 345.194
280100 344.542
280200 344.728
280300 344.948
280400 345.968
280500 345.45
280600 346.325
280700 345.836
280800 346.452
280900 346.297
281000 346.046
281100 345.959
281200 346.125
281300 346.864
281400 347.293
281500 347.963
281600 347.546
281700 348.032
281800 348.053
281900 348.249
282000 347.995
282100 348.696
282200 348.018
282300 347.97
282400 348.697
282500 348.591
282600 349.287
282700 349.398
282800 349.18
282900 349.295
283000 348.391
283100 349.021
283200 349.221
283300 348.596
283400 349.673
283500 350.079
283600 349.562
283700 349.711
283800 349.921
283900 349.028
284000 349.116
284100 349.296
284200 349.51
284300 350.012
284400 350.495
284500 350.233
284600 350.209
284700 350.179
284800 350.645
284900 350.752
285000 351.605
285100 350.768
285200 351.307
285300 351.01
285400 350.875
285500 350.476
285600 352.093
285700 352.317
285800 351.837
285900 351.721
286000 352.28
286100 353.174
286200 354.153
286300 353.715
286400 353.025
286500 354.449
286600 354.499
286700 353.676
286800 353.176
286900 353.583
287000 353.637
287100 352.837
287200 353.228
287300 353.501
287400 353.749
287500 353.571
287600 353.947
287700 354.451
287800 353.748
287900 353.608
288000 353.854
288100 353.573
288200 352.655
288300 353.191
288400 353.314
288500 353.26
288600 353.784
288700 354.408
288800 354.536
288900 354.523
289000 354.464
289100 353.866
289200 353.462
289300 353.977
289400 354.373
289500 354.678
289600 354.805
289700 354.706
289800 354.556
289900 354.89
290000 354.881
290100 354.819
290200 355.465
290300 355.263
290400 356.003
290500 355.959
290600 355.992
290700 355.816
290800 356.061
290900 355.705
291000 356.211
291100 356.423
291200 356.238
291300 356.489
291400 356.232
291500 357.285
291600 357.263
291700 357.345
291800 357.85
291900 357.882
292000 358.035
292100 358.439
292200 358.252
292300 359.317
292400 359.763
292500 358.324
292600 358.646
292700 359.35
292800 358.966
292900 358.364
293000 358.906
293100 359.588
293200 359.758
293300 359.398
293400 359.04
293500 359.822
293600 359.614
293700 360.799
293800 360.569
293900 359.751
294000 360.569
294100 361.042
294200 360.327
294300 360.247
294400 361.02
294500 361.437
294600 361.243
294700 361.135
294800 361.565
294900 360.777
295000 360.958
295100 360.851
295200 360.727
295300 360.037
295400 360.612
295500 360.199
295600 360.431
295700 360.307
295800 361.241
295900 360.866
296000 361.307
296100 361.635
296200 362.491
296300 361.98
296400 361.777
296500 363.146
296600 363.267
296700 362.446
296800 362.959
296900 363.282
297000 363.114
297100 363.395
297200 362.986
297300 363.074
297400 362.887
297500 362.838
297600 363.728
297700 363.702
297800 364.051
297900 363.772
298000 363.29
298100 364.396
298200 364.147
298300 364.36
298400 364.402
298500 364.721
298600 364.376
298700 364.516
298800 365.007
298900 364.871
299000 365.364
299100 364.744
299200 365.043
299300 365.621
299400 365.347
299500 364.529
299600 365.261
299700 364.925
299800 364.972
299900 365.589
300000 365.255
300100 365.487
300200 366.001
300300 365.002
300400 365.248
300500 365.275
300600 365.196
300700 365.945
300800 365.168
300900 365.621
301000 366.195
301100 365.994
301200 366.218
301300 366.595
301400 366.037
301500 366.598
301600 366.502
301700 366.438
301800 367.372
301900 366.432
302000 366.472
302100 367.432
302200 367.877
302300 367.954
302400 368.166
302500 367.941
302600 367.672
302700 368.667
302800 369.245
302900 368.45
303000 369.089
303100 368.53
303200 368.975
303300 368.846
303400 368.673
303500 368.4
303600 369.389
303700 369.068
303800 369.083
303900 369.352
304000 369.133
304100 369.737
304200 369.416
304300 370.565
304400 369.67
304500 370.073
304600 369.653
304700 370.478
304800 370.423
304900 370.09
305000 370.697
305100 370.095
305200 370.114
305300 371.202
305400 371.325
305500 371.041
305600 370.681
305700 371.332
305800 372.105
305900 372.066
306000 372.006
306100 371.55
306200 372.154
306300 372.784
306400 372.913
306500 372.511
306600 372.54
306700 373.223
306800 373.428
306900 373.716
307000 373.405
307100 373.363
307200 373.107
307300 372.842
307400 373.657
307500 373.628
307600 374.407
307700 373.752
307800 373.615
307900 374.38
308000 374.636
308100 374.644
308200 374.777
308300 374.528
308400 374.243
308500 374.935
308600 374.747
308700 376.335
308800 376.347
308900 375.92
309000 376.577
309100 376.415
309200 376.759
309300 377.303
309400 377.407
309500 377.166
309600 376.856
309700 376.875
309800 376.985
309900 376.709
310000 376.873
310100 376.986
310200 376.837
310300 376.844
310400 376.33
310500 376.734
310600 376.935
310700 376.938
310800 377.607
310900 377.021
311000 377.011
311100 376.802
311200 377.913
311300 377.971
311400 378.282
311500 377.83
311600 377.652
311700 378.908
311800 378.985
311900 379.665
312000 378.562
312100 378.747
312200 379.57
312300 378.395
312400 378.132
312500 378.832
312600 378.646
312700 379.157
312800 379.625
312900 379.447
313000 379.465
313100 379.094
313200 379.529
313300 378.81
313400 378.792
313500 378.711
313600 379.149
313700 379.268
313800 380.104
313900 381.203
314000 381.575
314100 381.007
314200 380.706
314300 380.566
314400 380.039
314500 380.435
314600 381.569
314700 381.472
314800 381.862
314900 382.181
315000 381.621
315100 381.483
315200 382.229
315300 382.566
315400 382.691
315500 382.875
315600 383.004
315700 383.729
315800 383.197
315900 382.907
316000 383.049
316100 383.792
316200 382.756
316300 382.818
316400 382.273
316500 383.552
316600 383.767
316700 383.925
316800 383.712
316900 385.221
317000 385.5
317100 385.362
317200 386.186
317300 385.464
317400 386.57
317500 386.113
317600 384.966
317700 385.605
317800 386.052
317900 387.034
318000 386.205
318100 386.451
318200 386.99
318300 386.111
318400 386.016
318500 386.602
318600 386.471
318700 387.002
318800 387.05
318900 385.638
319000 386.284
319100 386.525
319200 387.328
319300 387.093
319400 386.966
319500 386.685
319600 387.267
319700 388.15
319800 388.708
319900 389.094
320000 388.581
320100 388.12
320200 388.335
320300 388.253
320400 387.367
320500 389.383
320600 388.838
320700 388.708
320800 389.194
320900 388.631
321000 388.86
321100 388.845
321200 388.689
321300 388.863
321400 389.06
321500 389.782
321600 389.754
321700 390.172
321800 390.583
321900 390.563
322000 390.753
322100 390.261
322200 391.364
322300 391.266
322400 390.646
322500 391.404
322600 391.792
322700 392.23
322800 392.183
322900 391.612
323000 391.691
323100 390.695
323200 391.972
323300 392.523
323400 391.931
323500 391.788
323600 391.517
323700 392.982
323800 392.152
323900 392.117
324000 392.537
324100 393.285
324200 393.749
324300 392.898
324400 393.101
324500 392.728
324600 392.028
324700 391.919
324800 392.574
324900 392.887
325000 393.214
325100 393.631
325200 393.146
325300 392.862
325400 394.32
325500 394.674
325600 394.528
325700 394.452
325800 395.33
325900 395.06
326000 395.149
326100 395.01
326200 395.496
326300 395.531
326400 396.04
326500 396.028
326600 396.374
326700 395.625
326800 395.569
326900 396.934
327000 397.155
327100 397.537
327200 397.258
327300 397.049
327400 396.705
327500 396.495
327600 396.77
327700 396.805
327800 397.859
327900 397.892
328000 398.064
328100 397.828
328200 397.517
328300 398.004
328400 398.533
328500 399.103
328600 398.906
328700 398.528
328800 398.387
328900 398.081
329000 397.573
329100 398.196
329200 397.663
329300 398.505
329400 399.363
329500 399.79
329600 399.13
329700 399.121
329800 398.419
329900 398.708
330000 399.708
330100 399.82
330200 400.83
330300 400.229
330400 400.128
330500 401.119
330600 401.101
330700 401.767
330800 402.288
330900 402.136
331000 401.26
331100 402.407
331200 402.587
331300 402.131
331400 402.881
331500 402.364
331600 402.791
331700 402.787
331800 403.124
331900 403.365
332000 402.768
332100 403.777
332200 403.827
332300 404.445
332400 405.046
332500 404.174
332600 404.118
332700 404.058
332800 403.979
332900 404.38
333000 404.747
333100 404.359
333200 405.196
333300 404.545
333400 405.766
333500 405.364
333600 404.435
333700 406.051
333800 405.617
333900 405.889
334000 406.367
334100 406.728
334200 407.589
334300 406.573
334400 407.263
334500 407.49
334600 407.962
334700 407.911
334800 407.268
334900 407.662
335000 407.293
335100 408.772
335200 407.771
335300 408.341
335400 409.416
335500 409.154
335600 408.964
335700 409.352
335800 409.918
335900 410.386
336000 410.382
336100 410.489
336200 410.431
336300 411.069
336400 411.556
336500 411.721
336600 411.312
336700 411.45
336800 411.542
336900 411.735
337000 410.694
337100 412.351
337200 412.119
337300 410.964
337400 412.049
337500 412.293
337600 412.077
337700 412.263
337800 411.742
337900 412.267
338000 412.323
338100 412.047
338200 412.965
338300 412.946
338400 412.878
338500 413.352
338600 413.252
338700 412.768
338800 412.843
338900 413.852
339000 413.298
339100 413.14
339200 414.089
339300 413.588
339400 413.932
339500 414.061
339600 413.909
339700 414.272
339800 414.392
339900 414.535
340000 414.08
340100 414.35
340200 414.639
340300 414.912
340400 414.365
340500 414.375
340600 413.94
340700 414.578
340800 414.896
340900 414.529
341000 414.861
341100 414.83
341200 415.17
341300 414.282
341400 414.308
341500 413.944
341600 414.017
341700 414.294
341800 414.722
341900 414.36
342000 415.078
342100 416.441
342200 416.137
342300 415.937
342400 415.831
342500 416.383
342600 416.648
342700 416.296
342800 417.142
342900 416.492
343000 416.458
343100 416.87
343200 416.744
343300 416.889
343400 416.218
343500 416.632
343600 416.452
343700 416.302
343800 416.956
343900 416.777
344000 416.766
344100 416.459
344200 417.383
344300 416.25
344400 416.425
344500 416.579
344600 416.992
344700 417.279
344800 417.601
344900 418.367
345000 418.973
345100 418.908
345200 419.267
345300 419.316
345400 419.227
345500 419.508
345600 420.148
345700 419.921
345800 419.249
345900 419.613
346000 419.818
346100 420.981
346200 420.99
346300 421.886
346400 421.23
346500 422.085
346600 422.667
346700 423.042
346800 422.788
346900 422.663
347000 422.442
347100 422.346
347200 422.839
347300 421.631
347400 422.38
347500 422.737
347600 422.853
347700 422.291
347800 422.653
347900 422.709
348000 422.571
348100 421.741
348200 422.384
348300 421.707
348400 421.798
348500 422.62
348600 422.484
348700 423.013
348800 422.347
348900 422.261
349000 423.188
349100 423.157
349200 422.795
349300 423.06
349400 423.645
349500 424.186
349600 423.537
349700 424.342
349800 423.971
349900 423.829
350000 423.759
