# Time-averaged data for fix all_msd
# TimeStep c_msd1[4]
0 2.04939e-29
100 0.494026
200 0.774637
300 1.14254
400 1.49889
500 2.02782
600 2.48411
700 2.8896
800 3.41807
900 4.02176
1000 4.80736
1100 5.47794
1200 6.0245
1300 6.60577
1400 7.31746
1500 8.03007
1600 8.4066
1700 8.7024
1800 9.35529
1900 9.93337
2000 10.3933
2100 10.8403
2200 11.353
2300 11.8035
2400 12.3982
2500 12.8262
2600 13.1613
2700 13.6921
2800 14.1979
2900 14.8916
3000 15.3361
3100 15.7651
3200 16.1751
3300 16.7467
3400 17.0445
3500 17.5103
3600 17.8817
3700 18.0811
3800 18.681
3900 19.054
4000 19.3026
4100 19.6139
4200 19.9932
4300 20.461
4400 21.0498
4500 21.9077
4600 22.515
4700 22.8285
4800 23.6318
4900 24.5973
5000 24.9313
5100 25.5364
5200 25.8414
5300 26.4887
5400 26.9527
5500 27.4498
5600 27.9961
5700 28.7479
5800 29.2838
5900 29.722
6000 30.4986
6100 31.015
6200 31.707
6300 32.2748
6400 32.8936
6500 33.4665
6600 33.7149
6700 34.1489
6800 34.7509
6900 35.0293
7000 35.8104
7100 36.4114
7200 36.7121
7300 37.3655
7400 37.8558
7500 38.1811
7600 39.2368
7700 39.5379
7800 40.3606
7900 41.0257
8000 41.7836
8100 42.1567
8200 42.7995
8300 43.4911
8400 43.921
8500 44.0657
8600 44.4878
8700 45.3884
8800 45.6848
8900 45.8419
9000 46.5839
9100 47.5872
9200 48.2059
9300 48.5917
9400 49.2085
9500 49.5393
9600 50.5456
9700 50.7915
9800 51.3572
9900 51.2548
10000 51.6347
10100 52.2624
10200 52.8102
10300 53.5747
10400 53.4666
10500 54.245
10600 55.1223
10700 55.4306
10800 56
10900 56.5774
11000 57.0665
11100 57.8396
11200 58.2763
11300 58.7269
11400 59.3731
11500 60.4072
11600 60.8986
11700 61.5187
11800 62.0057
11900 62.4389
12000 62.8927
12100 63.1209
12200 64.13
12300 64.152
12400 64.6032
12500 65.2925
12600 65.8177
12700 66.6124
12800 67.479
12900 68.3158
13000 69.1402
13100 69.5537
13200 69.848
13300 70.1125
13400 70.7346
13500 71.4331
13600 72.1975
13700 72.8702
13800 73.5378
13900 74.0153
14000 74.4011
14100 74.4085
14200 75.0215
14300 75.5871
14400 76.2104
14500 76.4775
14600 77.5647
14700 77.8939
14800 78.2136
14900 78.6966
15000 79.732
15100 80.0224
15200 80.3581
15300 81.3332
15400 81.434
15500 81.9969
15600 82.1909
15700 83.1047
15800 83.4456
15900 83.6641
16000 84.7845
16100 84.6593
16200 85.0953
16300 85.2469
16400 85.7235
16500 86.0568
16600 86.7432
16700 87.1872
16800 87.9419
16900 88.7106
17000 88.9694
17100 89.4544
17200 89.6574
17300 90.3222
17400 90.9668
17500 91.9423
17600 92.2484
17700 93.046
17800 92.7336
17900 93.1707
18000 94.3049
18100 94.0815
18200 94.5861
18300 95.0104
18400 95.6886
18500 96.4733
18600 96.9348
18700 98.0997
18800 97.9664
18900 99.0978
19000 99.7922
19100 100.639
19200 101.503
19300 101.56
19400 101.93
19500 102.223
19600 103.229
19700 103.633
19800 103.449
19900 103.531
20000 105.196
20100 105.831
20200 105.997
20300 106.963
20400 107.53
20500 107.765
20600 108.598
20700 108.889
20800 109.412
20900 110.098
21000 111.2
21100 111.954
21200 112.461
21300 112.66
21400 113.232
21500 113.409
21600 114.069
21700 115.083
21800 115.638
21900 115.931
22000 116.318
22100 117.147
22200 118
22300 118.27
22400 118.916
22500 119.448
22600 119.786
22700 120.958
22800 121.26
22900 121.703
23000 121.926
23100 121.931
23200 122.416
23300 123.357
23400 123.447
23500 123.962
23600 124.842
23700 125.006
23800 125.424
23900 125.98
24000 125.586
24100 126.478
24200 127.076
24300 126.983
24400 127.919
24500 128.164
24600 128.724
24700 129.121
24800 129.834
24900 130.151
25000 130.925
25100 130.68
25200 131.281
25300 130.922
25400 131.324
25500 132.019
25600 132.744
25700 133.027
25800 133.927
25900 134.384
26000 135.816
26100 135.823
26200 136.779
26300 137.099
26400 137.278
26500 137.7
26600 138.073
26700 138.451
26800 139.004
26900 139.381
27000 140.637
27100 140.981
27200 141.975
27300 141.683
27400 142.487
27500 142.877
27600 143.997
27700 145.635
27800 145.931
27900 145.999
28000 146.429
28100 147.061
28200 147.467
28300 148.335
28400 148.572
28500 148.621
28600 149.195
28700 149.457
28800 150.622
28900 151.659
29000 152.287
29100 153.34
29200 153.438
29300 153.663
29400 153.278
29500 154.421
29600 155.491
29700 156.865
29800 156.964
29900 157.695
30000 158.445
30100 158.589
30200 160.329
30300 160.483
30400 160.152
30500 161.202
30600 161.573
30700 162.601
30800 162.709
30900 163.154
31000 163.794
31100 163.821
31200 164.624
31300 164.959
31400 166.031
31500 166.134
31600 166.139
31700 166.282
31800 166.242
31900 166.75
32000 167.157
32100 167.629
32200 168.556
32300 169.041
32400 169.292
32500 169.467
32600 170.19
32700 170.876
32800 171.015
32900 171.541
33000 172.087
33100 172.306
33200 172.439
33300 173.043
33400 173.613
33500 174.422
33600 174.084
33700 174.395
33800 175.71
33900 176.34
34000 176.12
34100 176.29
34200 177.096
34300 176.62
34400 177.01
34500 177.58
34600 178.329
34700 179.851
34800 180.391
34900 180.413
35000 180.429
35100 181.64
35200 181.861
35300 182.356
35400 183.605
35500 184.485
35600 185.465
35700 184.987
35800 185.387
35900 185.578
36000 186.012
36100 186.287
36200 186.632
36300 187.546
36400 188.082
36500 188.129
36600 189.367
36700 189.826
36800 190.062
36900 190.78
37000 192.173
37100 192.022
37200 192.772
37300 193.338
37400 193.928
37500 194.058
37600 195.375
37700 195.808
37800 195.162
37900 195.894
38000 196.812
38100 196.655
38200 196.941
38300 197.03
38400 197.36
38500 197.683
38600 198.486
38700 199.332
38800 199.79
38900 199.942
39000 200.897
39100 201.17
39200 202.032
39300 202.889
39400 203.695
39500 204.698
39600 204.92
39700 204.977
39800 205.614
39900 206.8
40000 206.824
40100 206.903
40200 207.86
40300 208.459
40400 208.805
40500 209.553
40600 209.304
40700 209.59
40800 211.242
40900 212.06
41000 212.646
41100 213.582
41200 214.045
41300 215.144
41400 215.742
41500 215.976
41600 216.531
41700 216.266
41800 215.675
41900 217.004
42000 217.674
42100 219.12
42200 220
42300 220.185
42400 220.155
42500 220.451
42600 221.714
42700 222.635
42800 223.269
42900 224.128
43000 224.521
43100 224.854
43200 225.676
43300 226.593
43400 227.403
43500 228.608
43600 228.304
43700 228.892
43800 229.696
43900 229.923
44000 229.81
44100 231.039
44200 231.622
44300 231.714
44400 232.554
44500 233.731
44600 234.085
44700 234.975
44800 235.21
44900 235.46
45000 235.434
45100 235.683
45200 236.093
45300 236.508
45400 237.102
45500 237.026
45600 238.037
45700 238.914
45800 240.128
45900 240.375
46000 241.447
46100 241.692
46200 241.814
46300 243.111
46400 242.477
46500 243.385
46600 244.408
46700 244.79
46800 245.62
46900 246.807
47000 247.905
47100 248.224
47200 248.819
47300 250.095
47400 250.199
47500 250.743
47600 250.497
47700 250.718
47800 252.102
47900 253.11
48000 254.077
48100 254.01
48200 255.026
48300 255.969
48400 257.572
48500 257.11
48600 258.343
48700 259.015
48800 260.179
48900 259.927
49000 261.079
49100 261.122
49200 262.428
49300 263.13
49400 263.545
49500 264.166
49600 263.767
49700 264.431
49800 264.034
49900 264.179
50000 264.708
50100 265.272
50200 265.964
50300 266.236
50400 267.562
50500 267.788
50600 269.011
50700 268.076
50800 269.398
50900 269.665
51000 270.926
51100 270.713
51200 272.088
51300 272.566
51400 273.768
51500 272.656
51600 272.732
51700 273.192
51800 273.678
51900 274.46
52000 274.13
52100 274.546
52200 274.501
52300 274.686
52400 275.142
52500 275.453
52600 276.195
52700 277.204
52800 277.028
52900 277.639
53000 278.239
53100 278.266
53200 279.056
53300 279.586
53400 280.267
53500 280.531
53600 281.073
53700 282.607
53800 282.94
53900 284.068
54000 284.941
54100 284.5
54200 285.097
54300 285.804
54400 285.499
54500 286.395
54600 286.737
54700 287.376
54800 288.535
54900 289.014
55000 289.272
55100 290.801
55200 290.499
55300 292.7
55400 291.964
55500 291.529
55600 293.76
55700 294.444
55800 294.972
55900 296.414
56000 297.213
56100 298.095
56200 299.569
56300 299.086
56400 300
56500 299.751
56600 300.531
56700 301.462
56800 302.091
56900 301.286
57000 302.837
57100 302.709
57200 303.777
57300 304.406
57400 304.024
57500 305.148
57600 306.946
57700 307.548
57800 308.112
57900 308.706
58000 309.502
58100 309.547
58200 310.691
58300 310.937
58400 312.181
58500 311.314
58600 312.541
58700 314.084
58800 314.434
58900 314.289
59000 314.119
59100 313.647
59200 314.322
59300 313.822
59400 314.81
59500 315.014
59600 315.392
59700 316.33
59800 316.403
59900 316.839
60000 318.445
60100 319.319
60200 319.793
60300 320.323
60400 320.696
60500 321.234
60600 321.167
60700 322.336
60800 323.624
60900 323.682
61000 324.753
61100 325.284
61200 325.255
61300 325.891
61400 326.576
61500 325.165
61600 325.803
61700 325.128
61800 326.575
61900 327.244
62000 328.592
62100 328.981
62200 329.671
62300 329.705
62400 330.362
62500 330.879
62600 330.931
62700 331.439
62800 333.367
62900 332.762
63000 334.296
63100 334.504
63200 335.33
63300 335.61
63400 335.482
63500 335.644
63600 336.851
63700 337.271
63800 337.702
63900 336.928
64000 337.623
64100 338.466
64200 339.658
64300 339.656
64400 340.281
64500 341.212
64600 341.423
64700 342.506
64800 343.693
64900 344.256
65000 343.53
65100 345.62
65200 346.701
65300 346.992
65400 348.051
65500 348.957
65600 349.335
65700 351.065
65800 351.166
65900 351.667
66000 353.154
66100 352.683
66200 353.377
66300 354.803
66400 355.139
66500 355.446
66600 355.661
66700 356.087
66800 357.032
66900 356.785
67000 357.028
67100 358.321
67200 358.864
67300 359.634
67400 360.05
67500 360.706
67600 361.78
67700 362.544
67800 362.727
67900 362.397
68000 362.697
68100 363.771
68200 363.867
68300 364.512
68400 364.797
68500 364.707
68600 365.817
68700 366.192
68800 366.707
68900 367.157
69000 367.172
69100 367.693
69200 368.889
69300 370.767
69400 370.245
69500 371.796
69600 372.117
69700 373.64
69800 373.703
69900 374.854
70000 375.649
70100 376.059
70200 376.736
70300 377.43
70400 378.291
70500 378.357
70600 379.131
70700 379.429
70800 379.877
70900 380.604
71000 382.062
71100 381.968
71200 382.438
71300 383.013
71400 382.91
71500 384.389
71600 384.409
71700 384.962
71800 385.109
71900 385.932
72000 386.926
72100 386.75
72200 388.438
72300 389.343
72400 389.337
72500 391.257
72600 390.598
72700 391.319
72800 391.258
72900 391.331
73000 390.116
73100 391.017
73200 391.032
73300 392.307
73400 393.093
73500 393.469
73600 393.395
73700 394.307
73800 394.32
73900 394.991
74000 394.324
74100 394.775
74200 395.628
74300 395.716
74400 396.743
74500 398.192
74600 398.328
74700 397.915
74800 398.88
74900 399.17
75000 399.767
75100 400.103
75200 400.665
75300 402.182
75400 402.651
75500 403.312
75600 404.328
75700 404.263
75800 405.383
75900 405.585
76000 405.187
76100 406.677
76200 407.202
76300 408.298
76400 408.576
76500 408.903
76600 409.38
76700 410.363
76800 411.609
76900 412.177
77000 411.923
77100 411.95
77200 412.655
77300 412.478
77400 412.622
77500 412.745
77600 414.586
77700 413.948
77800 415.084
77900 415.134
78000 415.96
78100 417.482
78200 418.998
78300 418.07
78400 417.993
78500 418.78
78600 419.853
78700 419.918
78800 421.484
78900 422.124
79000 422.908
79100 424.147
79200 425.002
79300 425.422
79400 427.298
79500 427.2
79600 426.55
79700 426.396
79800 426.675
79900 427.285
80000 428.306
80100 429.17
80200 430.025
80300 430.352
80400 430.988
80500 430.727
80600 429.819
80700 431.508
80800 431.962
80900 431.72
81000 432.927
81100 434.203
81200 433.997
81300 435.685
81400 435.968
81500 437.071
81600 437.766
81700 438.122
81800 437.473
81900 438.01
82000 438.014
82100 439.65
82200 438.935
82300 439.509
82400 438.882
82500 440.286
82600 440.911
82700 442.043
82800 442.579
82900 443.398
83000 443.471
83100 444.663
83200 445.149
83300 446.537
83400 447.133
83500 448.383
83600 449.347
83700 449.338
83800 449.66
83900 449.29
84000 449.075
84100 450.986
84200 451.994
84300 451.321
84400 452.477
84500 452.9
84600 453.215
84700 453.413
84800 454.104
84900 454.634
85000 455.409
85100 456.276
85200 456.591
85300 457.285
85400 458.091
85500 458.071
85600 458.804
85700 460.032
85800 460.542
85900 460.018
86000 460.524
86100 460.983
86200 462.131
86300 462.45
86400 463.188
86500 463.205
86600 463.485
86700 464.454
86800 464.521
86900 465.123
87000 465.898
87100 466.16
87200 466.407
87300 467.185
87400 466.836
87500 468.391
87600 469.607
87700 470.215
87800 471.328
87900 471.949
88000 471.234
88100 470.958
88200 470.506
88300 472.343
88400 472.856
88500 473.481
88600 474.29
88700 473.953
88800 475.375
88900 476.858
89000 477.54
89100 478.412
89200 477.45
89300 479.157
89400 478.96
89500 480.744
89600 480.647
89700 481.031
89800 480.356
89900 479.79
90000 480.141
90100 480.792
90200 480.908
90300 481.829
90400 481.197
90500 481.915
90600 481.356
90700 482.651
90800 483.965
90900 483.437
91000 484.043
91100 486.001
91200 484.812
91300 486.251
91400 486.622
91500 486.657
91600 486.914
91700 488.649
91800 488.271
91900 489.233
92000 488.766
92100 489.419
92200 490.652
92300 490.333
92400 490.889
92500 492.155
92600 492.812
92700 493.432
92800 493.303
92900 495.151
93000 495.656
93100 494.709
93200 494.051
93300 495.134
93400 496.213
93500 497.726
93600 499.646
93700 499.378
93800 500.031
93900 499.831
94000 501.378
94100 500.747
94200 502.421
94300 502.163
94400 501.848
94500 503.326
94600 504.899
94700 505.149
94800 505.779
94900 506.476
95000 505.218
95100 506.13
95200 506.784
95300 509.194
95400 508.657
95500 509.395
95600 508.725
95700 510.228
95800 510.027
95900 510.788
96000 512.246
96100 511.716
96200 512.231
96300 512.14
96400 512.099
96500 513.094
96600 514.274
96700 515.277
96800 514.092
96900 514.317
97000 517.337
97100 517.471
97200 518.284
97300 518.515
97400 518.233
97500 518.795
97600 520.113
97700 520.618
97800 522.651
97900 523.03
98000 522.964
98100 523.195
98200 524.982
98300 526.301
98400 526.16
98500 526.842
98600 526.762
98700 527.786
98800 528.983
98900 527.484
99000 529.174
99100 530.864
99200 531.175
99300 531.084
99400 531.584
99500 531.931
99600 533.207
99700 534.107
99800 534.105
99900 535.592
100000 536.229
100100 536.514
100200 537.466
100300 537.728
100400 538.736
100500 538.486
100600 538.878
100700 539.69
100800 541.281
100900 541.944
101000 543.106
101100 544.255
101200 543.802
101300 544.091
101400 545.648
101500 546.717
101600 548.862
101700 549.721
101800 548.674
101900 548.686
102000 550.252
102100 550.54
102200 551.432
102300 551.998
102400 552.752
102500 552.894
102600 554.075
102700 556.119
102800 557.038
102900 557.111
103000 555.723
103100 556.09
103200 556.854
103300 557.478
103400 559.849
103500 561.298
103600 561.297
103700 563.002
103800 562.705
103900 563.739
104000 563.365
104100 564.206
104200 564.554
104300 565.539
104400 565.951
104500 565.509
104600 566.927
104700 567.592
104800 568.488
104900 568.019
105000 567.941
105100 568.276
105200 570.777
105300 570.951
105400 572.497
105500 572.909
105600 574.257
105700 574.393
105800 573.848
105900 574.297
106000 575.613
106100 575.849
106200 577.462
106300 579.04
106400 579.941
106500 580.818
106600 581.444
106700 580.305
106800 581.782
106900 582.208
107000 581.867
107100 581.723
107200 581.651
107300 582.156
107400 582.978
107500 584.496
107600 584.112
107700 584.161
107800 584.66
107900 584.281
108000 584.714
108100 586.731
108200 587.459
108300 589.431
108400 589.124
108500 590.961
108600 591.28
108700 590.741
108800 591.116
108900 590.85
109000 592.288
109100 592.939
109200 593.29
109300 594.18
109400 594.82
109500 595.73
109600 595.732
109700 596.839
109800 598.193
109900 596.804
110000 597.352
110100 598.098
110200 598.874
110300 598.918
110400 599.033
110500 600.722
110600 602.279
110700 602.523
110800 604.885
110900 605.251
111000 604.278
111100 605.83
111200 606.381
111300 606.805
111400 606.178
111500 606.325
111600 605.563
111700 607.843
111800 607.997
111900 608.601
112000 608.931
112100 607.673
112200 607.983
112300 608.125
112400 608.771
112500 609.828
112600 611.645
112700 610.283
112800 611.895
112900 612.594
113000 613.127
113100 613.658
113200 613.884
113300 614.636
113400 614.522
113500 615.472
113600 616.382
113700 615.506
113800 617.364
113900 615.645
114000 616.632
114100 617.052
114200 616.743
114300 616.604
114400 618.139
114500 616.731
114600 617.76
114700 617.406
114800 618.179
114900 619.134
115000 618.332
115100 620.236
115200 618.577
115300 619.346
115400 619.996
115500 620.538
115600 621.398
115700 623.708
115800 622.476
115900 623.22
116000 624.493
116100 624.306
116200 622.672
116300 625.187
116400 626.12
116500 626.17
116600 627.684
116700 628.798
116800 629.053
116900 630.695
117000 629.809
117100 630.388
117200 632.391
117300 630.782
117400 632.283
117500 632.909
117600 631.972
117700 632.945
117800 633.353
117900 634.607
118000 634.445
118100 635.818
118200 636.402
118300 635.92
118400 638.678
118500 638.604
118600 639.344
118700 640.857
118800 641.556
118900 641.983
119000 644.974
119100 644.862
119200 645.52
119300 647.223
119400 647.18
119500 648.017
119600 648.289
119700 649.144
119800 648.498
119900 649.415
120000 649.156
120100 650.323
120200 651.328
120300 649.281
120400 650.437
120500 651.089
120600 652.045
120700 652.488
120800 652.499
120900 653.246
121000 652.718
121100 654.215
121200 654.07
121300 654.977
121400 656.558
121500 657.421
121600 658.909
121700 658.072
121800 658.723
121900 659.742
122000 659.644
122100 659.125
122200 660.015
122300 661.129
122400 662.444
122500 663.149
122600 662.783
122700 663.794
122800 665.442
122900 665.686
123000 665.348
123100 665.838
123200 666.711
123300 665.751
123400 666.392
123500 667.371
123600 667.967
123700 668.213
123800 669.316
123900 669.549
124000 669.817
124100 670.239
124200 671.555
124300 672.302
124400 672.35
124500 673.429
124600 674.121
124700 675.034
124800 674.997
124900 674.26
125000 677.243
125100 677.903
125200 675.898
125300 676.787
125400 678.025
125500 679.354
125600 678.732
125700 678.426
125800 679.477
125900 680.594
126000 681.031
126100 681.701
126200 682.8
126300 683.088
126400 682.46
126500 683.288
126600 684.871
126700 684.388
126800 685.424
126900 685.735
127000 686.936
127100 687.74
127200 688.031
127300 690.246
127400 690.81
127500 691.57
127600 693.121
127700 693.978
127800 692.901
127900 694.536
128000 694.873
128100 695.813
128200 696.51
128300 698.178
128400 699.109
128500 700.186
128600 702.818
128700 702.4
128800 702.479
128900 703.609
129000 704.038
129100 704.587
129200 705.112
129300 707.613
129400 707.285
129500 706.717
129600 706.323
129700 707.334
129800 709.492
129900 708.645
130000 708.443
130100 709.131
130200 709.836
130300 710.023
130400 710.896
130500 710.807
130600 711.977
130700 711.157
130800 712.061
130900 713.791
131000 713.336
131100 714.711
131200 715.253
131300 716.795
131400 716.9
131500 716.707
131600 716.582
131700 716.251
131800 717.308
131900 719.305
132000 720.365
132100 718.588
132200 719.445
132300 720.711
132400 722.397
132500 721.499
132600 724.091
132700 724.197
132800 725.236
132900 724.15
133000 723.745
133100 723.978
133200 724.954
133300 724.719
133400 726.377
133500 724.994
133600 726.086
133700 726.785
133800 724.452
133900 725.417
134000 725.204
134100 727.457
134200 725.682
134300 727.865
134400 728.368
134500 730.199
134600 729.402
134700 730.612
134800 732.283
134900 733.829
135000 733.293
135100 733.608
135200 734.439
135300 735.896
135400 736.497
135500 736.051
135600 737.546
135700 737.493
135800 738.999
135900 738.377
136000 740.62
136100 741.729
136200 742.035
136300 742.328
136400 743.171
136500 743.661
136600 743.064
136700 744.998
136800 745.695
136900 745.787
137000 744.52
137100 747.292
137200 747.845
137300 747.247
137400 750.315
137500 751.592
137600 750.881
137700 751.951
137800 753.282
137900 753.509
138000 755.187
138100 754.13
138200 754.806
138300 755.034
138400 754.99
138500 755.14
138600 757.268
138700 758.013
138800 757.592
138900 758.889
139000 759.828
139100 760.473
139200 762.956
139300 762.778
139400 762.587
139500 763.418
139600 765.076
139700 765.503
139800 766.693
139900 768.004
140000 766.397
140100 768.096
140200 768.948
140300 767.862
140400 768.678
140500 769.51
140600 769.357
140700 769.1
140800 769.98
140900 769.884
141000 770.907
141100 771.947
141200 773.027
141300 774.05
141400 773.941
141500 774.753
141600 773.228
141700 773.398
141800 774.837
141900 773.701
142000 774.893
142100 774.852
142200 777.035
142300 775.974
142400 775.107
142500 775.266
142600 774.135
142700 775.718
142800 777.406
142900 780.403
143000 780.529
143100 781.86
143200 780.809
143300 781.008
143400 781.255
143500 780.416
143600 781.474
143700 783.889
143800 784.033
143900 782.904
144000 784.447
144100 785.437
144200 785.007
144300 785.459
144400 785.491
144500 786.275
144600 785.743
144700 785.883
144800 788.118
144900 788.818
145000 790.421
145100 788.551
145200 789.028
145300 788.858
145400 788.518
145500 789.765
145600 790.315
145700 791.348
145800 791.767
145900 792.249
146000 793.053
146100 793.183
146200 796.259
146300 797.464
146400 797.407
146500 797.167
146600 798.093
146700 798.891
146800 799.752
146900 799.592
147000 798.839
147100 799.539
147200 800.735
147300 801.951
147400 801.485
147500 802.861
147600 802.335
147700 802.181
147800 803.329
147900 804.88
148000 804.496
148100 804.906
148200 806.352
148300 806.476
148400 804.713
148500 805.666
148600 807.88
148700 807.358
148800 809.809
148900 810.399
149000 811.263
149100 811.902
149200 813.033
149300 812.707
149400 813.219
149500 813.743
149600 815.284
149700 813.889
149800 816.574
149900 817.366
150000 816.538
150100 817.853
150200 821.156
150300 821.416
150400 821.929
150500 821.19
150600 822.866
150700 823.128
150800 824.562
150900 825.401
151000 824.539
151100 825.402
151200 826.779
151300 828.144
151400 828.709
151500 829.292
151600 830.665
151700 830.494
151800 829.787
151900 831.503
152000 832.165
152100 831.852
152200 833.79
152300 834.031
152400 835.277
152500 837.657
152600 839.054
152700 839.859
152800 839.827
152900 840.437
153000 840.386
153100 839.567
153200 839.717
153300 841.375
153400 842.238
153500 842.247
153600 842.683
153700 841.87
153800 843.713
153900 846.822
154000 847.259
154100 849.894
154200 848.479
154300 849.425
154400 850.162
154500 850.639
154600 851.226
154700 850.893
154800 852.37
154900 850.35
155000 850.665
155100 850.81
155200 849.603
155300 851.415
155400 852.096
155500 853.003
155600 852.565
155700 852.948
155800 855.218
155900 855.767
156000 856.258
156100 857.097
156200 857.81
156300 859.245
156400 859.164
156500 860.29
156600 860.728
156700 860.466
156800 860.223
156900 863.108
157000 863.627
157100 863.345
157200 863.281
157300 863.995
157400 863.048
157500 865.691
157600 866.841
157700 866.244
157800 867.897
157900 869.067
158000 869.006
158100 870.408
158200 870.67
158300 868.885
158400 870.654
158500 871.963
158600 871.244
158700 873.621
158800 872.852
158900 872.942
159000 874.724
159100 874.868
159200 875.592
159300 876.777
159400 877.862
159500 877.46
159600 878.099
159700 878.495
159800 877.42
159900 878.336
160000 878.816
160100 880.366
160200 879.425
160300 881.016
160400 883.598
160500 884.941
160600 883.969
160700 883.611
160800 883.622
160900 885.571
161000 884.387
161100 885.043
161200 888.111
161300 888.491
161400 889.354
161500 888.287
161600 889.01
161700 890.015
161800 890.55
161900 891.514
162000 891.417
162100 890.373
162200 891.16
162300 891.513
162400 892.71
162500 893.99
162600 894.478
162700 894.471
162800 894.21
162900 895.439
163000 896.794
163100 896.077
163200 896.986
163300 898.462
163400 898.363
163500 898.411
163600 898.228
163700 897.927
163800 899.783
163900 899.855
164000 898.908
164100 900.278
164200 900.289
164300 899.928
164400 899.969
164500 902.924
164600 904.372
164700 904.821
164800 904.879
164900 906.255
165000 909.568
165100 909.89
165200 908.879
165300 909.296
165400 909.725
165500 910.732
165600 911.192
165700 912.952
165800 913.405
165900 912.2
166000 912.638
166100 912.911
166200 912.643
166300 911.307
166400 913.028
166500 912.777
166600 913.998
166700 915.436
166800 915.904
166900 916.309
167000 917.341
167100 916.078
167200 918.329
167300 918.932
167400 918.017
167500 917.945
167600 920.331
167700 921.716
167800 922.596
167900 922.151
168000 922.114
168100 923.44
168200 924.031
168300 925.917
168400 925.836
168500 927.923
168600 928.155
168700 928.719
168800 930.527
168900 931.175
169000 931.19
169100 932.684
169200 932.836
169300 934.592
169400 933.466
169500 933.55
169600 933.824
169700 934.372
169800 935.976
169900 936.069
170000 935.592
170100 937.446
170200 939.77
170300 940.399
170400 939.993
170500 940.691
170600 940.848
170700 941.642
170800 941.537
170900 941.594
171000 943.245
171100 943.484
171200 945.364
171300 945.41
171400 945.557
171500 945.891
171600 945.227
171700 945.553
171800 946.715
171900 947.947
172000 947.74
172100 947.396
172200 948.252
172300 949.501
172400 950.469
172500 950.256
172600 951.767
172700 951.738
172800 953.712
172900 952.094
173000 950.857
173100 950.249
173200 950.48
173300 950.725
173400 951.516
173500 951.731
173600 950.18
173700 952.024
173800 953.793
173900 955.726
174000 954.711
174100 957.262
174200 956.081
174300 958.579
174400 960.709
174500 960.993
174600 961.581
174700 961.6
174800 961.857
174900 962.12
175000 961.473
175100 963.022
175200 964.204
175300 964.814
175400 965.711
175500 965.829
175600 966.204
175700 967.087
175800 968.443
175900 968.94
176000 969.402
176100 969.885
176200 969.201
176300 969.986
176400 971.325
176500 971.341
176600 971.73
176700 972.957
176800 974.176
176900 974.427
177000 974.972
177100 975.673
177200 977.032
177300 977.075
177400 977.114
177500 978.679
177600 978.946
177700 978.876
177800 980.547
177900 982.615
178000 981.484
178100 983.583
178200 982.909
178300 983.46
178400 985.005
178500 983.934
178600 983.682
178700 985.266
178800 986.177
178900 985.625
179000 986.174
179100 987.579
179200 987.807
179300 988.853
179400 989.059
179500 990.854
179600 990.912
179700 989.06
179800 990.43
179900 991.005
180000 990.735
180100 990.326
180200 990.888
180300 991.836
180400 992.444
180500 992.409
180600 993.639
180700 995.396
180800 994.794
180900 997.261
181000 998.244
181100 999.283
181200 999.008
181300 998.754
181400 999.106
181500 1000.12
181600 999.688
181700 999.154
181800 999.304
181900 998.636
182000 1000.68
182100 1001.91
182200 1001.31
182300 1002.88
182400 1002.8
182500 1002.34
182600 1001.89
182700 1000.73
182800 1002.14
182900 1001.56
183000 1001.44
183100 1001.83
183200 1003
183300 1004.47
183400 1005.35
183500 1004.54
183600 1006.88
183700 1005.93
183800 1005.69
183900 1004.04
184000 1005.02
184100 1006.17
184200 1006.72
184300 1005.46
184400 1006.7
184500 1006.74
184600 1005.98
184700 1007.35
184800 1007.34
184900 1008.87
185000 1007.81
185100 1008.2
185200 1008.59
185300 1010.45
185400 1010.93
185500 1012.89
185600 1013.67
185700 1011.59
185800 1013.22
185900 1012
186000 1013.08
186100 1013.22
186200 1014.09
186300 1014.63
186400 1016.28
186500 1015.18
186600 1017.45
186700 1017.51
186800 1016.71
186900 1016.75
187000 1016.64
187100 1016.34
187200 1015.34
187300 1015.99
187400 1016.4
187500 1017.83
187600 1017.28
187700 1016.36
187800 1018.07
187900 1019.61
188000 1020.25
188100 1019.73
188200 1018.85
188300 1019.84
188400 1020.89
188500 1020.69
188600 1022.48
188700 1022.05
188800 1022.84
188900 1024.33
189000 1024.25
189100 1026
189200 1026.34
189300 1026.59
189400 1025.97
189500 1028.28
189600 1029.09
189700 1031.96
189800 1031.51
189900 1033.37
190000 1033.15
190100 1033.25
190200 1035.69
190300 1034.64
190400 1035.54
190500 1034.95
190600 1037.69
190700 1039.63
190800 1040.35
190900 1038.42
191000 1041.46
191100 1039.96
191200 1041.15
191300 1042.91
191400 1044.66
191500 1043.65
191600 1046.97
191700 1046.74
191800 1044.93
191900 1046.07
192000 1045.47
192100 1047.71
192200 1049.09
192300 1049.57
192400 1050.64
192500 1051.19
192600 1051.56
192700 1052.31
192800 1053.3
192900 1052.74
193000 1053.81
193100 1053.72
193200 1053.86
193300 1055.38
193400 1056.31
193500 1055.84
193600 1056.32
193700 1056.83
193800 1059.02
193900 1058.02
194000 1059.08
194100 1059.2
194200 1060.54
194300 1061.86
194400 1062.33
194500 1062.28
194600 1060.95
194700 1062.78
194800 1062.31
194900 1063.72
195000 1065.56
195100 1065.34
195200 1065.65
195300 1065.97
195400 1066.86
195500 1069.26
195600 1070.38
195700 1070.8
195800 1071.85
195900 1073.78
196000 1074.3
196100 1075.71
196200 1076.6
196300 1075.17
196400 1075.74
196500 1076.96
196600 1079.28
196700 1079.99
196800 1080.36
196900 1080.93
197000 1080.39
197100 1078.82
197200 1080.38
197300 1080.24
197400 1079.44
197500 1079.63
197600 1083.55
197700 1084.95
197800 1084.34
197900 1083.35
198000 1083.89
198100 1085.27
198200 1084
198300 1084.72
198400 1084.64
198500 1086.17
198600 1086.74
198700 1085.84
198800 1086.26
198900 1086.75
199000 1087.69
199100 1088.44
199200 1088.42
199300 1086.95
199400 1088.28
199500 1088.81
199600 1091.66
199700 1089.82
199800 1091.22
199900 1091.34
200000 1093.86
200100 1094.74
200200 1093.37
200300 1094.29
200400 1093.8
200500 1093.33
200600 1095.12
200700 1095.32
200800 1096.08
200900 1095.29
201000 1096.55
201100 1095.64
201200 1097.49
201300 1098.1
201400 1099.29
201500 1099.46
201600 1101.35
201700 1101.6
201800 1102.11
201900 1104.25
202000 1102.75
202100 1105.09
202200 1106.4
202300 1106.89
202400 1108.72
202500 1108.01
202600 1108.08
202700 1109.52
202800 1110.53
202900 1111.7
203000 1113.09
203100 1112.14
203200 1115.2
203300 1114.52
203400 1115.83
203500 1115.35
203600 1117.81
203700 1118.04
203800 1118.15
203900 1117.68
204000 1117.28
204100 1116.97
204200 1116.87
204300 1116.29
204400 1117.93
204500 1117.8
204600 1116.91
204700 1117.56
204800 1117.39
204900 1118.13
205000 1117.15
205100 1115.8
205200 1116.18
205300 1116.51
205400 1117.83
205500 1118.83
205600 1118.6
205700 1116.55
205800 1119.44
205900 1118.92
206000 1118.5
206100 1118.46
206200 1118.98
206300 1120.14
206400 1121.6
206500 1122.76
206600 1122.91
206700 1122.22
206800 1122.73
206900 1124.4
207000 1123.39
207100 1124.88
207200 1126.19
207300 1127.29
207400 1128.13
207500 1127.83
207600 1128.2
207700 1128.79
207800 1128.56
207900 1128.48
208000 1129.03
208100 1130.59
208200 1131.59
208300 1131.91
208400 1133.43
208500 1131.27
208600 1133.49
208700 1135.12
208800 1133.82
208900 1135.65
209000 1137.02
209100 1136.63
209200 1137.64
209300 1137.39
209400 1138.14
209500 1138.78
209600 1139.04
209700 1138.25
209800 1138.51
209900 1138.6
210000 1140.39
210100 1140.07
210200 1140.66
210300 1140.26
210400 1141.65
210500 1143.72
210600 1144.11
210700 1144.87
210800 1144.92
210900 1144.95
211000 1143.63
211100 1145.84
211200 1147.53
211300 1148.05
211400 1149.17
211500 1147.39
211600 1148.06
211700 1149.18
211800 1148.31
211900 1147.47
212000 1147.71
212100 1148.23
212200 1149.51
212300 1150.44
212400 1150.33
212500 1151.14
212600 1151.41
212700 1152
212800 1152.66
212900 1152.13
213000 1152.53
213100 1152.2
213200 1153.7
213300 1154.88
213400 1153.82
213500 1156.69
213600 1156.22
213700 1155.08
213800 1157.33
213900 1156.14
214000 1159.52
214100 1160.42
214200 1160.84
214300 1163.37
214400 1163.67
214500 1164.06
214600 1165.28
214700 1163.77
214800 1164.77
214900 1164.64
215000 1165.58
215100 1165.43
215200 1164.95
215300 1165.99
215400 1165.63
215500 1165.18
215600 1167.27
215700 1167.5
215800 1166.74
215900 1166.29
216000 1168.11
216100 1168.65
216200 1169.9
216300 1169.42
216400 1170.81
216500 1168.96
216600 1167.88
216700 1170.46
216800 1171.05
216900 1170.53
217000 1170.75
217100 1171.99
217200 1172.3
217300 1172.07
217400 1170.92
217500 1171.03
217600 1172.17
217700 1174.54
217800 1174.26
217900 1174.06
218000 1175.29
218100 1175.54
218200 1175.43
218300 1176.06
218400 1175.86
218500 1177.41
218600 1177.44
218700 1177.45
218800 1178.26
218900 1180.78
219000 1180.7
219100 1180.48
219200 1180.03
219300 1180.51
219400 1181.99
219500 1184.21
219600 1185.33
219700 1184.19
219800 1185.59
219900 1186.21
220000 1186.86
220100 1186.48
220200 1186.6
220300 1187.64
220400 1187.43
220500 1189.63
220600 1189.24
220700 1189.25
220800 1189.5
220900 1190.77
221000 1191.66
221100 1192.25
221200 1192.88
221300 1192.93
221400 1194.57
221500 1192.93
221600 1194.67
221700 1195.96
221800 1196.58
221900 1195.98
222000 1195.91
222100 1194.89
222200 1195.37
222300 1195.55
222400 1197.31
222500 1197.54
222600 1199.8
222700 1200.89
222800 1200.14
222900 1199.84
223000 1200.92
223100 1199.99
223200 1201.55
223300 1201.8
223400 1202.79
223500 1201.19
223600 1200.81
223700 1200.87
223800 1202.64
223900 1202.83
224000 1202.62
224100 1204.6
224200 1204.59
224300 1205.94
224400 1207.29
224500 1208.26
224600 1207.24
224700 1208.03
224800 1208.3
224900 1208.63
225000 1207.6
225100 1207.5
225200 1207.81
225300 1208.52
225400 1208.11
225500 1208.96
225600 1210.6
225700 1210.27
225800 1213.13
225900 1213.22
226000 1214.16
226100 1212.98
226200 1213.36
226300 1214.9
226400 1215.37
226500 1214.48
226600 1214.44
226700 1216.04
226800 1216.54
226900 1216.95
227000 1220.25
227100 1220.45
227200 1221.76
227300 1220.53
227400 1222.05
227500 1222.48
227600 1221.79
227700 1223.74
227800 1223.41
227900 1220.39
228000 1220.3
228100 1221.77
228200 1222.73
228300 1222.62
228400 1225.24
228500 1223.94
228600 1224.4
228700 1225.32
228800 1225.91
228900 1227.22
229000 1227.47
229100 1227.47
229200 1230.08
229300 1231.77
229400 1233.88
229500 1233.64
229600 1233.59
229700 1235.33
229800 1236.45
229900 1237.71
230000 1239.29
230100 1238.13
230200 1239.04
230300 1239.37
230400 1239.54
230500 1240.97
230600 1241.35
230700 1243.28
230800 1244.17
230900 1243.69
231000 1244.96
231100 1246.54
231200 1248.97
231300 1248
231400 1247.38
231500 1247.89
231600 1249.79
231700 1246.88
231800 1248.94
231900 1249.51
232000 1250.75
232100 1252.17
232200 1252.71
232300 1252.31
232400 1255.35
232500 1256.08
232600 1256.32
232700 1257.78
232800 1258.37
232900 1259.04
233000 1259.31
233100 1260.13
233200 1261.97
233300 1263.43
233400 1265.43
233500 1267.03
233600 1267.87
233700 1268.01
233800 1270.4
233900 1271.86
234000 1270.55
234100 1272.69
234200 1274.15
234300 1275.02
234400 1275.14
234500 1275
234600 1277.18
234700 1277.41
234800 1279.51
234900 1281.04
235000 1280.94
235100 1282.06
235200 1280.54
235300 1280.69
235400 1282.94
235500 1283.1
235600 1284.58
235700 1285.35
235800 1285.37
235900 1287.37
236000 1287.29
236100 1287.19
236200 1287.83
236300 1287.26
236400 1288.34
236500 1290.04
236600 1290.48
236700 1290.08
236800 1290.06
236900 1289.74
237000 1292.98
237100 1293.55
237200 1294.84
237300 1293.9
237400 1294.17
237500 1294.63
237600 1293.82
237700 1296.16
237800 1298.13
237900 1299.42
238000 1299.89
238100 1300.39
238200 1301.05
238300 1300.08
238400 1301.06
238500 1302.19
238600 1302.09
238700 1302.88
238800 1301.65
238900 1302.14
239000 1303.22
239100 1303.99
239200 1303.89
239300 1304.66
239400 1308.19
239500 1308.92
239600 1308.95
239700 1309.57
239800 1309.49
239900 1309.49
240000 1309.98
240100 1311.29
240200 1309.47
240300 1311.53
240400 1312.32
240500 1312.89
240600 1313.18
240700 1312.42
240800 1311.84
240900 1312.19
241000 1312.4
241100 1311.57
241200 1313.06
241300 1315
241400 1314.75
241500 1314.25
241600 1313.21
241700 1312.73
241800 1313.98
241900 1314.81
242000 1314.32
242100 1315.84
242200 1317.72
242300 1317.43
242400 1318.95
242500 1318.87
242600 1320.73
242700 1323.39
242800 1323.29
242900 1322.02
243000 1324.99
243100 1325.32
243200 1325.86
243300 1327.2
243400 1327.68
243500 1325.8
243600 1326.93
243700 1331.16
243800 1331.64
243900 1332.28
244000 1330.39
244100 1331.08
244200 1332.02
244300 1331.6
244400 1333.08
244500 1333.86
244600 1335.6
244700 1335.94
244800 1338.72
244900 1338.65
245000 1339.25
245100 1339.99
245200 1340.31
245300 1338.82
245400 1340.64
245500 1339.84
245600 1341.71
245700 1344.47
245800 1346.46
245900 1346.65
246000 1346.78
246100 1346.19
246200 1346.83
246300 1346.8
246400 1346.91
246500 1350.15
246600 1352.23
246700 1352.28
246800 1350.61
246900 1352
247000 1349.78
247100 1351.11
247200 1351.25
247300 1352.13
247400 1351.25
247500 1350.82
247600 1352.26
247700 1353.77
247800 1353.65
247900 1355.46
248000 1356.95
248100 1359.02
248200 1358.11
248300 1358.65
248400 1357.93
248500 1358.85
248600 1360
248700 1361.28
248800 1361.47
248900 1361.51
249000 1364.94
249100 1365.86
249200 1366.98
249300 1367.89
249400 1368.2
249500 1368.34
249600 1368.97
249700 1369.07
249800 1370.37
249900 1370.16
250000 1370.18
250100 1371.18
250200 1370.43
250300 1372.68
250400 1372.9
250500 1374.82
250600 1376.92
250700 1375.86
250800 1379.4
250900 1378.75
251000 1380.47
251100 1381.32
251200 1384.12
251300 1382.71
251400 1381.47
251500 1382.41
251600 1382.18
251700 1382
251800 1381.96
251900 1383.73
252000 1382.13
252100 1383.71
252200 1381.82
252300 1383.94
252400 1384.22
252500 1384.04
252600 1384.1
252700 1384.81
252800 1385.07
252900 1385.72
253000 1387.3
253100 1386.26
253200 1387.06
253300 1388.65
253400 1387.6
253500 1385.96
253600 1386.63
253700 1387.84
253800 1389.88
253900 1390.98
254000 1391.64
254100 1391.43
254200 1389.31
254300 1391.44
254400 1392.08
254500 1394.28
254600 1395.93
254700 1396.21
254800 1397.7
254900 1397.17
255000 1396.8
255100 1397.64
255200 1400.7
255300 1399.26
255400 1398.56
255500 1400.41
255600 1398.98
255700 1398.28
255800 1399.25
255900 1400.42
256000 1397.39
256100 1399.88
256200 1397.99
256300 1397.69
256400 1399.07
256500 1401.54
256600 1402
256700 1402.28
256800 1402.37
256900 1401.64
257000 1400.5
257100 1401.65
257200 1402.34
257300 1403.43
257400 1404.04
257500 1403.49
257600 1403.16
257700 1403.99
257800 1405.13
257900 1406.66
258000 1406.25
258100 1404.75
258200 1406.47
258300 1407.37
258400 1408.47
258500 1409.64
258600 1411.02
258700 1411.37
258800 1412.94
258900 1413.49
259000 1412.75
259100 1413.99
259200 1415.3
259300 1415.9
259400 1414.93
259500 1414.4
259600 1414.97
259700 1415.72
259800 1416.64
259900 1417.27
260000 1418.24
260100 1419.77
260200 1419.99
260300 1420.06
260400 1421.38
260500 1423.08
260600 1424.57
260700 1423.98
260800 1422.65
260900 1425.03
261000 1424.65
261100 1423.45
261200 1425.5
261300 1424.87
261400 1425.19
261500 1426.53
261600 1426.6
261700 1427.33
261800 1429.15
261900 1430.45
262000 1431.93
262100 1432.79
262200 1433.89
262300 1435.58
262400 1434.68
262500 1433.71
262600 1433.63
262700 1435.87
262800 1436.2
262900 1435.22
263000 1437.06
263100 1435.31
263200 1436.51
263300 1436.08
263400 1436.69
263500 1438.3
263600 1438.73
263700 1440.66
263800 1441.71
263900 1443.16
264000 1442.39
264100 1443.47
264200 1442.87
264300 1444.61
264400 1446.18
264500 1447.1
264600 1448.67
264700 1447.96
264800 1448.16
264900 1449.44
265000 1450.27
265100 1452.14
265200 1454.23
265300 1454.22
265400 1452.55
265500 1451.49
265600 1451.46
265700 1454.75
265800 1452.83
265900 1449.9
266000 1451.95
266100 1452.14
266200 1454.75
266300 1454.73
266400 1454.04
266500 1455.14
266600 1452.78
266700 1454.15
266800 1455.29
266900 1457.09
267000 1456.69
267100 1456.62
267200 1456.58
267300 1457.14
267400 1456.24
267500 1455.24
267600 1457.05
267700 1458.02
267800 1458.73
267900 1457.78
268000 1459.71
268100 1459.36
268200 1461.94
268300 1460.22
268400 1458.37
268500 1460.27
268600 1460.01
268700 1461.19
268800 1461.43
268900 1462.8
269000 1463.81
269100 1463.31
269200 1465.75
269300 1464.51
269400 1464.13
269500 1464.89
269600 1465.13
269700 1467.32
269800 1467.8
269900 1466.76
270000 1468.71
270100 1467.82
270200 1469.49
270300 1470.36
270400 1471.2
270500 1472.34
270600 1472.8
270700 1470.82
270800 1473.03
270900 1474.32
271000 1475.21
271100 1477.85
271200 1476.75
271300 1478.04
271400 1477.45
271500 1479.37
271600 1478.87
271700 1480.05
271800 1480.87
271900 1481.01
272000 1479.99
272100 1482.37
272200 1483.15
272300 1485.02
272400 1483.33
272500 1485.06
272600 1487.65
272700 1488.35
272800 1489.82
272900 1489.06
273000 1493.3
273100 1492.68
273200 1494.35
273300 1492.11
273400 1491.45
273500 1493.74
273600 1494.76
273700 1494.52
273800 1495.45
273900 1498.64
274000 1498.25
274100 1498.74
274200 1500.37
274300 1501.49
274400 1501.89
274500 1501.59
274600 1502.4
274700 1503.07
274800 1504.1
274900 1505.55
275000 1505.46
275100 1504.77
275200 1503.77
275300 1501.41
275400 1501.22
275500 1502.69
275600 1503.07
275700 1505.57
275800 1506.05
275900 1506.28
276000 1506.57
276100 1504.17
276200 1506.69
276300 1508.25
276400 1506.02
276500 1505.99
276600 1506.88
276700 1507.08
276800 1507.98
276900 1510.01
277000 1510.01
277100 1510.9
277200 1511.94
277300 1511.24
277400 1511.31
277500 1513.65
277600 1514.47
277700 1515.88
277800 1514.86
277900 1515.91
278000 1516.95
278100 1517.65
278200 1516.87
278300 1515.64
278400 1517.36
278500 1517.27
278600 1516.96
278700 1517.05
278800 1515.6
278900 1516.57
279000 1520.26
279100 1518.72
279200 1515.38
279300 1514.72
279400 1517.5
279500 1519.29
279600 1518.72
279700 1518.67
279800 1517.3
279900 1519.44
280000 1519.29
280100 1518.06
280200 1518.57
280300 1520.33
280400 1520.01
280500 1522.33
280600 1520.66
280700 1519.84
280800 1519.09
280900 1522.22
281000 1523.76
281100 1524.1
281200 1519.93
281300 1520.36
281400 1519.82
281500 1521.49
281600 1521.91
281700 1521.38
281800 1520.91
281900 1521.46
282000 1519.88
282100 1520.15
282200 1523.47
282300 1521.61
282400 1524.56
282500 1526.11
282600 1525.14
282700 1527.04
282800 1529.66
282900 1529.73
283000 1531.38
283100 1532.46
283200 1533.19
283300 1534.54
283400 1535.72
283500 1536.05
283600 1535.84
283700 1536.76
283800 1537.24
283900 1537.63
284000 1538.25
284100 1541.04
284200 1541.07
284300 1541.45
284400 1541.6
284500 1541.89
284600 1541.82
284700 1539.55
284800 1539.14
284900 1541.09
285000 1542.52
285100 1542.43
285200 1543.07
285300 1546.26
285400 1544.47
285500 1545.79
285600 1548.3
285700 1550.05
285800 1549.23
285900 1548.63
286000 1549.73
286100 1550.02
286200 1551.81
286300 1550.96
286400 1551.76
286500 1553.06
286600 1555.96
286700 1557.87
286800 1556.94
286900 1558.14
287000 1558.83
287100 1561.53
287200 1560.86
287300 1560.32
287400 1561.41
287500 1561.3
287600 1562.59
287700 1564.41
287800 1565.59
287900 1565.41
288000 1565.82
288100 1567.35
288200 1567.03
288300 1567.11
288400 1567.11
288500 1568.26
288600 1570.8
288700 1570.2
288800 1568.56
288900 1570.92
289000 1572.32
289100 1572.59
289200 1569.71
289300 1571.75
289400 1573.12
289500 1572.92
289600 1572.72
289700 1575.09
289800 1574.73
289900 1575.22
290000 1575.64
290100 1575.55
290200 1575.37
290300 1575.46
290400 1576.72
290500 1577.77
290600 1578.32
290700 1579.58
290800 1580.65
290900 1581.65
291000 1584.34
291100 1583.61
291200 1585.03
291300 1586.98
291400 1585.64
291500 1587.07
291600 1585.45
291700 1587.48
291800 1586.23
291900 1586.06
292000 1587.67
292100 1585.75
292200 1583.88
292300 1583.11
292400 1584.47
292500 1587.32
292600 1586.97
292700 1588.01
292800 1590.58
292900 1590.84
293000 1591.13
293100 1593.99
293200 1593.56
293300 1592.02
293400 1593.3
293500 1594.84
293600 1592.36
293700 1593.97
293800 1595.81
293900 1593.11
294000 1594.74
294100 1594.86
294200 1595.37
294300 1595.59
294400 1595.26
294500 1595.57
294600 1596.34
294700 1594.61
294800 1598.25
294900 1599.25
295000 1600.34
295100 1600.61
295200 1601.77
295300 1602.69
295400 1602.76
295500 1603.25
295600 1603.35
295700 1605.25
295800 1604.28
295900 1606.76
296000 1605.68
296100 1606.02
296200 1607.57
296300 1606.93
296400 1609.18
296500 1608.9
296600 1609.26
296700 1609.96
296800 1609.42
296900 1608.7
297000 1608.05
297100 1606.7
297200 1607.58
297300 1607.33
297400 1606.96
297500 1608.72
297600 1610.1
297700 1610.52
297800 1610.45
297900 1609.25
298000 1613.11
298100 1613.11
298200 1614.6
298300 1615.11
298400 1615.9
298500 1619.08
298600 1619.15
298700 1618.86
298800 1618.19
298900 1619.51
299000 1620.95
299100 1619.74
299200 1623.63
299300 1623.45
299400 1623.38
299500 1623.18
299600 1622.62
299700 1625.04
299800 1625.66
299900 1627.33
300000 1628.27
300100 1631.21
300200 1630.63
300300 1632.75
300400 1632.68
300500 1632.06
300600 1631.4
300700 1633.94
300800 1633.17
300900 1634.14
301000 1634.73
301100 1636.09
301200 1633.17
301300 1634.8
301400 1634.54
301500 1636.21
301600 1636.47
301700 1637.27
301800 1641.49
301900 1640.98
302000 1641.74
302100 1642.37
302200 1642.14
302300 1642.62
302400 1642.51
302500 1643.78
302600 1642.54
302700 1642.78
302800 1643.07
302900 1645.8
303000 1646.24
303100 1647.32
303200 1649.51
303300 1648.14
303400 1648.6
303500 1647.21
303600 1648.44
303700 1651.65
303800 1652.82
303900 1654.89
304000 1656.24
304100 1652.68
304200 1653.09
304300 1653.59
304400 1654.45
304500 1655.92
304600 1657.19
304700 1657.2
304800 1652.98
304900 1651.88
305000 1650.46
305100 1651.09
305200 1653.43
305300 1655.34
305400 1657.83
305500 1656.06
305600 1656.38
305700 1653.87
305800 1653.91
305900 1655.69
306000 1656.48
306100 1658
306200 1656.55
306300 1657.49
306400 1660.25
306500 1660.09
306600 1660.39
306700 1663.27
306800 1662.54
306900 1663.42
307000 1663.61
307100 1663.37
307200 1664.35
307300 1664.75
307400 1664.27
307500 1660.65
307600 1662.19
307700 1664.25
307800 1666.39
307900 1665.76
308000 1668.15
308100 1666.98
308200 1668.91
308300 1665.84
308400 1665.88
308500 1666.37
308600 1665.97
308700 1666.41
308800 1667.47
308900 1666.59
309000 1668.69
309100 1669.85
309200 1671.95
309300 1670.76
309400 1672.1
309500 1672.39
309600 1674.83
309700 1674.65
309800 1674.6
309900 1676.92
310000 1677.53
310100 1678.79
310200 1678.35
310300 1679.72
310400 1679.57
310500 1679.53
310600 1682.47
310700 1680.97
310800 1682.21
310900 1683.76
311000 1683.38
311100 1685.25
311200 1685.79
311300 1686.22
311400 1686.34
311500 1688.51
311600 1686.78
311700 1689.5
311800 1691.32
311900 1688.27
312000 1690.6
312100 1690.12
312200 1690.91
312300 1693.05
312400 1691.88
312500 1692.81
312600 1692.69
312700 1693.56
312800 1694.93
312900 1695.97
313000 1694.71
313100 1696.37
313200 1696.8
313300 1695
313400 1696.55
313500 1696.95
313600 1697.48
313700 1699.03
313800 1700.81
313900 1701.3
314000 1702.96
314100 1704.57
314200 1702.68
314300 1706.25
314400 1707.63
314500 1705.76
314600 1707.21
314700 1708
314800 1708.79
314900 1709.48
315000 1711.22
315100 1710.09
315200 1710.68
315300 1710.83
315400 1711.3
315500 1712.51
315600 1713.27
315700 1713.03
315800 1715.73
315900 1717.68
316000 1717.63
316100 1716.67
316200 1719.17
316300 1719.05
316400 1717.13
316500 1718.29
316600 1718.88
316700 1719.76
316800 1721.53
316900 1722.76
317000 1724.29
317100 1723.97
317200 1722
317300 1722.83
317400 1722.82
317500 1723.59
317600 1724.57
317700 1726.22
317800 1726.62
317900 1727.2
318000 1728.37
318100 1728.07
318200 1729.07
318300 1731.36
318400 1730.9
318500 1731.24
318600 1731.24
318700 1732.83
318800 1730.05
318900 1729.64
319000 1732.02
319100 1734.01
319200 1735.49
319300 1734.63
319400 1732.08
319500 1738.16
319600 1738.59
319700 1740.14
319800 1739.87
319900 1738.31
320000 1742.47
320100 1743.65
320200 1742.64
320300 1742.99
320400 1743.18
320500 1744.45
320600 1743.74
320700 1744.02
320800 1744.49
320900 1744.1
321000 1747.01
321100 1746.7
321200 1747.61
321300 1749
321400 1747
321500 1747.62
321600 1747.55
321700 1750.26
321800 1749.71
321900 1750.99
322000 1752.14
322100 1753.36
322200 1753.04
322300 1754.27
322400 1752.85
322500 1752.21
322600 1752.31
322700 1754.65
322800 1755.86
322900 1755.5
323000 1756.16
323100 1755.37
323200 1757.41
323300 1757.3
323400 1759.81
323500 1759.63
323600 1762.08
323700 1763.92
323800 1764.28
323900 1764.66
324000 1765.37
324100 1766.59
324200 1765.85
324300 1766.54
324400 1769.18
324500 1769.87
324600 1769.65
324700 1769.58
324800 1771.03
324900 1770.34
325000 1771.32
325100 1772
325200 1772.45
325300 1772.86
325400 1773.42
325500 1773.81
325600 1774.08
325700 1775.24
325800 1776.17
325900 1776.2
326000 1777.42
326100 1778.64
326200 1779.23
326300 1778.8
326400 1779.26
326500 1777.73
326600 1780.98
326700 1779.9
326800 1780.57
326900 1781.76
327000 1782.79
327100 1782.05
327200 1783.34
327300 1784.38
327400 1784.07
327500 1785.48
327600 1786.19
327700 1786.91
327800 1788.06
327900 1788.52
328000 1791.31
328100 1791.33
328200 1791.73
328300 1787.87
328400 1789.03
328500 1787.9
328600 1786.02
328700 1786.84
328800 1787.57
328900 1786.5
329000 1787.22
329100 1788.47
329200 1789.72
329300 1789.53
329400 1792.1
329500 1792.63
329600 1796.42
329700 1796.01
329800 1795.64
329900 1793.39
330000 1792.33
330100 1792.38
330200 1792.16
330300 1791.11
330400 1793.41
330500 1790.77
330600 1792.79
330700 1792
330800 1794.95
330900 1795.63
331000 1794.47
331100 1794.8
331200 1794.35
331300 1794.94
331400 1797.71
331500 1798.66
331600 1796.63
331700 1799.34
331800 1798.34
331900 1799.2
332000 1798.48
332100 1796.88
332200 1798.35
332300 1797.69
332400 1798.19
332500 1797.68
332600 1796.11
332700 1796.37
332800 1797.75
332900 1798.58
333000 1800.22
333100 1800.41
333200 1803.04
333300 1806.07
333400 1807.73
333500 1805.34
333600 1806.31
333700 1803.97
333800 1808.17
333900 1808.17
334000 1809.49
334100 1809.59
334200 1811.28
334300 1810.86
334400 1813.83
334500 1814.7
334600 1817.46
334700 1815.5
334800 1814.23
334900 1813.9
335000 1814.18
335100 1815.82
335200 1818.54
335300 1819.17
335400 1820.29
335500 1819.45
335600 1819.22
335700 1823.53
335800 1822.71
335900 1820.56
336000 1822.78
336100 1822.65
336200 1823.89
336300 1822.76
336400 1825.05
336500 1822.09
336600 1824.66
336700 1822.85
336800 1824.97
336900 1827.26
337000 1827.85
337100 1827.27
337200 1826.95
337300 1829.46
337400 1830.5
337500 1832.24
337600 1831.63
337700 1832.8
337800 1833.08
337900 1836.23
338000 1836.05
338100 1837.28
338200 1837.18
338300 1835.18
338400 1836.58
338500 1837.12
338600 1836.29
338700 1838.52
338800 1838.46
338900 1839.8
339000 1839.8
339100 1838.01
339200 1837.81
339300 1838.54
339400 1841.11
339500 1843.26
339600 1843.82
339700 1844.44
339800 1845.72
339900 1847.62
340000 1846.89
340100 1849.22
340200 1846.95
340300 1846.75
340400 1847.79
340500 1849.09
340600 1850.01
340700 1851.9
340800 1854.31
340900 1850.66
341000 1854.66
341100 1854.16
341200 1854.58
341300 1856.08
341400 1857.82
341500 1859.43
341600 1859.14
341700 1859.67
341800 1858.06
341900 1863.65
342000 1864.6
342100 1863.29
342200 1864.6
342300 1864.4
342400 1864.33
342500 1865.06
342600 1864.23
342700 1862.89
342800 1866.01
342900 1865.09
343000 1865.79
343100 1867.74
343200 1866.37
343300 1869.28
343400 1869.05
343500 1870.64
343600 1870.93
343700 1872.13
343800 1870.7
343900 1870.52
344000 1872.28
344100 1874.6
344200 1876.68
344300 1877.86
344400 1881.15
344500 1879.58
344600 1877.88
344700 1881.24
344800 1881.39
344900 1883.46
345000 1883.59
345100 1882.83
345200 1882.01
345300 1882.19
345400 1882.85
345500 1885.59
345600 1885.31
345700 1885.29
345800 1887.59
345900 1888.61
346000 1889.71
346100 1889.4
346200 1889.38
346300 1890.52
346400 1891.45
346500 1892.81
346600 1892.98
346700 1894.33
346800 1894.62
346900 1895.33
347000 1898.83
347100 1899.36
347200 1896.82
347300 1897.03
347400 1898.98
347500 1901.54
347600 1901.57
347700 1900.55
347800 1900.58
347900 1903.01
348000 1904.18
348100 1903.8
348200 1903.11
348300 1905.09
348400 1906.78
348500 1909.33
348600 1908.4
348700 1909.52
348800 1910.55
348900 1911.82
349000 1910.88
349100 1909.28
349200 1908.86
349300 1909.02
349400 1908.46
349500 1911.48
349600 1910.45
349700 1911.45
349800 1910.87
349900 1910.84
350000 1913.44
