# Time-averaged data for fix all_msd
# TimeStep c_msd1[4]
0 2.04939e-29
100 0.196352
200 0.310679
300 0.439698
400 0.589098
500 0.70726
600 0.878532
700 1.0553
800 1.23088
900 1.43501
1000 1.53184
1100 1.7573
1200 1.84025
1300 1.99207
1400 2.07621
1500 2.21464
1600 2.2956
1700 2.42512
1800 2.52406
1900 2.66642
2000 2.76112
2100 2.80532
2200 2.93333
2300 3.07735
2400 3.14938
2500 3.23344
2600 3.30972
2700 3.52791
2800 3.53613
2900 3.58634
3000 3.75004
3100 3.79094
3200 3.85342
3300 3.91489
3400 3.99259
3500 4.06631
3600 4.14933
3700 4.35019
3800 4.44381
3900 4.49859
4000 4.52338
4100 4.61404
4200 4.58623
4300 4.59355
4400 4.77418
4500 4.8755
4600 4.9434
4700 4.99056
4800 5.06343
4900 5.1073
5000 5.15744
5100 5.25122
5200 5.23578
5300 5.28871
5400 5.34703
5500 5.38208
5600 5.45077
5700 5.5691
5800 5.50465
5900 5.63518
6000 5.63009
6100 5.76925
6200 5.81023
6300 5.89155
6400 5.83855
6500 5.94538
6600 6.05744
6700 6.05941
6800 6.03757
6900 6.09411
7000 6.11624
7100 6.17623
7200 6.21675
7300 6.37662
7400 6.34504
7500 6.5301
7600 6.46228
7700 6.64216
7800 6.6958
7900 6.72348
8000 6.75651
8100 6.81018
8200 6.89641
8300 6.99771
8400 6.97599
8500 6.97004
8600 6.96362
8700 7.02113
8800 7.10098
8900 7.13247
9000 7.19113
9100 7.20614
9200 7.32406
9300 7.30837
9400 7.37926
9500 7.32499
9600 7.24153
9700 7.22808
9800 7.23084
9900 7.23388
10000 7.44828
10100 7.38731
10200 7.53893
10300 7.57236
10400 7.59027
10500 7.55413
10600 7.65932
10700 7.64336
10800 7.65015
10900 7.69957
11000 7.91098
11100 7.83314
11200 7.88819
11300 7.91473
11400 8.08129
11500 8.07695
11600 8.1442
11700 8.06858
11800 8.12696
11900 8.10037
12000 8.13068
12100 8.28762
12200 8.23368
12300 8.27733
12400 8.37811
12500 8.25928
12600 8.17432
12700 8.23786
12800 8.32157
12900 8.34463
13000 8.44663
13100 8.43753
13200 8.49429
13300 8.58572
13400 8.48224
13500 8.54208
13600 8.66553
13700 8.65352
13800 8.86708
13900 8.7986
14000 8.81078
14100 8.81555
14200 8.86896
14300 8.88167
14400 8.9272
14500 8.92636
14600 9.07122
14700 9.08711
14800 9.07749
14900 9.02316
15000 9.07285
15100 9.14661
15200 9.20705
15300 9.14802
15400 9.17554
15500 9.1421
15600 9.19142
15700 9.25062
15800 9.13781
15900 9.26048
16000 9.34063
16100 9.45151
16200 9.42998
16300 9.40583
16400 9.43782
16500 9.41292
16600 9.46767
16700 9.60213
16800 9.57352
16900 9.65298
17000 9.68766
17100 9.67291
17200 9.63902
17300 9.68684
17400 9.52679
17500 9.66061
17600 9.71649
17700 9.73415
17800 9.68383
17900 9.66416
18000 9.67491
18100 9.77753
18200 9.82608
18300 9.70134
18400 9.69873
18500 9.77571
18600 9.88943
18700 9.94173
18800 10.0453
18900 10.1712
19000 10.223
19100 10.1972
19200 10.1817
19300 10.09
19400 10.2496
19500 10.1765
19600 10.2406
19700 10.3397
19800 10.3848
19900 10.3841
20000 10.4141
20100 10.4416
20200 10.5804
20300 10.5776
20400 10.426
20500 10.5814
20600 10.4596
20700 10.5902
20800 10.5253
20900 10.493
21000 10.6709
21100 10.7418
21200 10.7439
21300 10.6861
21400 10.7535
21500 10.6541
21600 10.7462
21700 10.6281
21800 10.7801
21900 10.8391
22000 10.7385
22100 10.7827
22200 10.9476
22300 10.862
22400 10.979
22500 10.9247
22600 10.9647
22700 10.9804
22800 11.0199
22900 10.9749
23000 10.9274
23100 10.8665
23200 11.0879
23300 11.0304
23400 11.0311
23500 10.9856
23600 11.0443
23700 11.0712
23800 11.2197
23900 11.1453
24000 11.2138
24100 11.2302
24200 11.2516
24300 11.291
24400 11.409
24500 11.3389
24600 11.3641
24700 11.524
24800 11.4031
24900 11.421
25000 11.4422
25100 11.5955
25200 11.4633
25300 11.6329
25400 11.5999
25500 11.5663
25600 11.683
25700 11.7661
25800 11.811
25900 11.8185
26000 11.7757
26100 11.8788
26200 11.8015
26300 11.9027
26400 11.9562
26500 12.0614
26600 11.973
26700 12.0166
26800 12.0212
26900 12.1263
27000 12.054
27100 12.161
27200 12.066
27300 12.2177
27400 12.1813
27500 12.2127
27600 12.373
27700 12.243
27800 12.3002
27900 12.3395
28000 12.3241
28100 12.2824
28200 12.2812
28300 12.213
28400 12.3808
28500 12.4685
28600 12.4108
28700 12.4443
28800 12.474
28900 12.4723
29000 12.648
29100 12.6576
29200 12.6374
29300 12.6273
29400 12.6893
29500 12.7471
29600 12.6282
29700 12.7225
29800 12.7798
29900 12.7832
30000 12.7248
30100 12.8539
30200 12.947
30300 13.0067
30400 13.0459
30500 13.0153
30600 12.9507
30700 12.9505
30800 13.1099
30900 13.1454
31000 13.0366
31100 13.2164
31200 13.0838
31300 13.1542
31400 13.1865
31500 13.1813
31600 13.1272
31700 13.1298
31800 13.2838
31900 13.2017
32000 13.2228
32100 13.2356
32200 13.3
32300 13.3237
32400 13.387
32500 13.4366
32600 13.4054
32700 13.3592
32800 13.307
32900 13.3415
33000 13.3295
33100 13.5161
33200 13.3345
33300 13.519
33400 13.547
33500 13.5087
33600 13.5623
33700 13.6182
33800 13.7272
33900 13.6134
34000 13.5825
34100 13.5291
34200 13.7365
34300 13.659
34400 13.5138
34500 13.7118
34600 13.5889
34700 13.634
34800 13.7878
34900 13.7574
35000 13.8263
35100 13.8101
35200 13.9081
35300 13.8258
35400 13.868
35500 13.9466
35600 14.0014
35700 14.1078
35800 14.076
35900 14.1216
36000 14.1014
36100 14.0429
36200 13.8228
36300 13.819
36400 13.9165
36500 14.0439
36600 14.0024
36700 14.068
36800 14.0544
36900 14.1848
37000 14.2721
37100 14.2866
37200 14.2849
37300 14.2672
37400 14.1784
37500 14.1639
37600 14.3589
37700 14.3068
37800 14.2316
37900 14.338
38000 14.4897
38100 14.5755
38200 14.5437
38300 14.7445
38400 14.6763
38500 14.6214
38600 14.5618
38700 14.5841
38800 14.7012
38900 14.7873
39000 14.7607
39100 14.8842
39200 14.8175
39300 14.7645
39400 14.7564
39500 14.7891
39600 14.658
39700 14.7685
39800 14.616
39900 14.6873
40000 14.6822
40100 14.7907
40200 14.9004
40300 14.8065
40400 14.7757
40500 14.8526
40600 14.8542
40700 14.7922
40800 14.8968
40900 14.8325
41000 14.9366
41100 14.8203
41200 14.9585
41300 15.0451
41400 15.1508
41500 15.2157
41600 15.0491
41700 15.0613
41800 14.9953
41900 15.2253
42000 15.1958
42100 15.0767
42200 15.0181
42300 15.0816
42400 15.1736
42500 15.1684
42600 15.1444
42700 15.1908
42800 15.2808
42900 15.2512
43000 15.24
43100 15.2119
43200 15.2285
43300 15.2491
43400 15.2332
43500 15.1591
43600 15.131
43700 15.2232
43800 15.3693
43900 15.2948
44000 15.446
44100 15.3414
44200 15.2935
44300 15.2357
44400 15.2785
44500 15.2918
44600 15.3262
44700 15.3619
44800 15.4558
44900 15.3422
45000 15.4295
45100 15.4637
45200 15.5676
45300 15.5586
45400 15.5959
45500 15.5036
45600 15.6893
45700 15.5891
45800 15.732
45900 15.5332
46000 15.6138
46100 15.5998
46200 15.6701
46300 15.6767
46400 15.8831
46500 15.7421
46600 15.8224
46700 15.7521
46800 15.8047
46900 15.9652
47000 15.85
47100 15.866
47200 15.904
47300 16.0318
47400 16.0242
47500 15.9817
47600 15.8966
47700 15.9527
47800 15.7941
47900 15.8861
48000 15.8941
48100 15.9057
48200 15.9173
48300 15.963
48400 15.9898
48500 16.0029
48600 16.0948
48700 16.1262
48800 16.1145
48900 16.2653
49000 16.1097
49100 16.2123
49200 16.072
49300 16.108
49400 16.1277
49500 16.0717
49600 16.1303
49700 16.1103
49800 16.0653
49900 16.234
50000 16.3172
50100 16.3014
50200 16.202
50300 16.2514
50400 16.0676
50500 16.1689
50600 16.2161
50700 16.1831
50800 16.351
50900 16.4619
51000 16.2563
51100 16.2558
51200 16.2194
51300 16.4218
51400 16.4127
51500 16.4129
51600 16.5157
51700 16.5712
51800 16.4892
51900 16.49
52000 16.6293
52100 16.6351
52200 16.6743
52300 16.5348
52400 16.6189
52500 16.8093
52600 16.7262
52700 16.6923
52800 16.9166
52900 16.8235
53000 16.9129
53100 16.9694
53200 17.1365
53300 16.8031
53400 16.8922
53500 16.8252
53600 17.0211
53700 17.1729
53800 17.0153
53900 16.9793
54000 17.0303
54100 17.0794
54200 17.0316
54300 17.1816
54400 17.3374
54500 17.2521
54600 17.2497
54700 17.2718
54800 17.3403
54900 17.4247
55000 17.3798
55100 17.4935
55200 17.5222
55300 17.4692
55400 17.5095
55500 17.3667
55600 17.402
55700 17.4723
55800 17.3678
55900 17.4274
56000 17.3011
56100 17.6372
56200 17.506
56300 17.5694
56400 17.7865
56500 17.5621
56600 17.7054
56700 17.632
56800 17.612
56900 17.713
57000 17.7714
57100 17.8056
57200 17.7224
57300 17.9324
57400 17.8796
57500 17.6802
57600 17.8735
57700 18.0004
57800 17.8354
57900 17.8996
58000 17.9069
58100 17.8582
58200 17.874
58300 17.9831
58400 17.9152
58500 18.0132
58600 17.9466
58700 17.8711
58800 17.8386
58900 17.9471
59000 18.0029
59100 18.061
59200 18.0919
59300 18.1924
59400 18.403
59500 18.3212
59600 18.3116
59700 18.2798
59800 18.4146
59900 18.4343
60000 18.429
60100 18.5161
60200 18.3461
60300 18.3838
60400 18.5459
60500 18.5996
60600 18.5563
60700 18.6493
60800 18.7464
60900 18.6111
61000 18.5664
61100 18.5871
61200 18.6141
61300 18.6442
61400 18.6123
61500 18.6971
61600 18.8309
61700 18.8742
61800 18.8049
61900 18.7264
62000 18.6592
62100 18.7217
62200 18.8708
62300 19.145
62400 19.0135
62500 18.958
62600 18.9832
62700 19.0541
62800 19.1734
62900 18.9688
63000 19.0434
63100 18.9696
63200 19.022
63300 18.8896
63400 18.7733
63500 18.9155
63600 19.0561
63700 18.9332
63800 18.9839
63900 18.898
64000 19.0153
64100 19.1713
64200 19.2135
64300 19.0387
64400 19.1798
64500 19.2308
64600 19.2414
64700 19.1884
64800 19.1809
64900 19.238
65000 19.3431
65100 19.3349
65200 19.3838
65300 19.4339
65400 19.4416
65500 19.4107
65600 19.2442
65700 19.3019
65800 19.271
65900 19.4454
66000 19.4751
66100 19.3904
66200 19.4248
66300 19.65
66400 19.5953
66500 19.7098
66600 19.5405
66700 19.5313
66800 19.5917
66900 19.6599
67000 19.4523
67100 19.7006
67200 19.6389
67300 19.5052
67400 19.6118
67500 19.8227
67600 19.7096
67700 19.6881
67800 19.7482
67900 19.7725
68000 19.7011
68100 19.6642
68200 19.6156
68300 19.6824
68400 19.8322
68500 19.734
68600 19.5931
68700 19.7294
68800 19.9772
68900 19.8208
69000 19.996
69100 19.99
69200 20.2091
69300 20.267
69400 20.2036
69500 20.1806
69600 20.0698
69700 20.1539
69800 20.2384
69900 20.2837
70000 20.2287
70100 20.2927
70200 20.2008
70300 20.1207
70400 20.1721
70500 20.2635
70600 20.2663
70700 20.1609
70800 20.1519
70900 20.1975
71000 20.2881
71100 20.2811
71200 20.2042
71300 20.2629
71400 20.2305
71500 20.3026
71600 20.3586
71700 20.5132
71800 20.5312
71900 20.4401
72000 20.6342
72100 20.5189
72200 20.661
72300 20.3393
72400 20.3761
72500 20.5192
72600 20.3604
72700 20.4822
72800 20.5441
72900 20.4597
73000 20.6408
73100 20.7714
73200 20.7733
73300 20.6095
73400 20.6264
73500 20.6092
73600 20.6124
73700 20.6448
73800 20.6897
73900 20.7423
74000 20.7838
74100 20.8026
74200 20.5608
74300 20.7657
74400 20.8322
74500 20.7513
74600 20.7352
74700 20.9315
74800 20.8475
74900 20.6957
75000 20.9753
75100 20.881
75200 20.9344
75300 21.0353
75400 20.8705
75500 20.9731
75600 21.0937
75700 20.9735
75800 21.0416
75900 20.9376
76000 20.9763
76100 21.0449
76200 21.1012
76300 21.1038
76400 21.0576
76500 21.2926
76600 21.2039
76700 21.1791
76800 21.2625
76900 21.4059
77000 21.455
77100 21.3892
77200 21.3763
77300 21.3793
77400 21.3169
77500 21.2281
77600 21.475
77700 21.394
77800 21.5065
77900 21.3741
78000 21.5768
78100 21.5646
78200 21.6291
78300 21.5814
78400 21.4872
78500 21.6459
78600 21.5914
78700 21.5872
78800 21.7578
78900 21.912
79000 21.7747
79100 21.6834
79200 21.7419
79300 21.9208
79400 21.8216
79500 22.1232
79600 21.8825
79700 21.6481
79800 21.8496
79900 21.9058
80000 21.9762
80100 22.1167
80200 22.0373
80300 21.9765
80400 22.0529
80500 22.1578
80600 22.0479
80700 22.099
80800 21.9765
80900 21.8072
81000 22.0467
81100 22.0518
81200 22.1334
81300 22.0292
81400 22.2
81500 22.1706
81600 22.1053
81700 22.0856
81800 21.9863
81900 22.0055
82000 22.0828
82100 22.1118
82200 22.1109
82300 22.2244
82400 22.3335
82500 22.4237
82600 22.285
82700 22.4421
82800 22.331
82900 22.2267
83000 22.2212
83100 22.3406
83200 22.3491
83300 22.4662
83400 22.2403
83500 22.428
83600 22.429
83700 22.5218
83800 22.4647
83900 22.4844
84000 22.6472
84100 22.4771
84200 22.45
84300 22.5022
84400 22.5443
84500 22.5015
84600 22.569
84700 22.5724
84800 22.7058
84900 22.7146
85000 22.7782
85100 22.8584
85200 22.7632
85300 22.7326
85400 22.8813
85500 22.7961
85600 22.8959
85700 22.8762
85800 22.9052
85900 22.8744
86000 22.9626
86100 22.9302
86200 22.9494
86300 23.0323
86400 23.1208
86500 23.157
86600 23.0566
86700 22.9513
86800 22.9565
86900 22.9722
87000 22.931
87100 23.1132
87200 23.0727
87300 23.169
87400 23.0389
87500 23.1736
87600 23.0166
87700 23.014
87800 23.0611
87900 22.9672
88000 23.0175
88100 23.1
88200 23.1165
88300 23.0341
88400 23.1711
88500 23.2503
88600 23.2542
88700 23.0989
88800 23.1206
88900 23.0098
89000 23.0811
89100 23.3704
89200 23.2678
89300 23.3213
89400 23.2844
89500 23.5387
89600 23.4597
89700 23.2787
89800 23.2186
89900 23.3736
90000 23.4216
90100 23.3086
90200 23.3585
90300 23.2765
90400 23.5482
90500 23.6326
90600 23.5684
90700 23.6754
90800 23.6453
90900 23.6333
91000 23.6229
91100 23.648
91200 23.6554
91300 23.7992
91400 23.7997
91500 23.9494
91600 23.8516
91700 23.8834
91800 23.945
91900 24.0832
92000 24.0947
92100 23.8339
92200 23.7605
92300 23.8686
92400 23.8741
92500 23.9979
92600 23.914
92700 24.0176
92800 23.9527
92900 23.9174
93000 24.0192
93100 24.0371
93200 24.0953
93300 24.0696
93400 23.9572
93500 24.3235
93600 23.9723
93700 24.0846
93800 24.0277
93900 24.1187
94000 24.2713
94100 24.2748
94200 24.2915
94300 24.2415
94400 24.2678
94500 24.1767
94600 24.2965
94700 24.0368
94800 24.2787
94900 24.251
95000 24.3736
95100 24.3689
95200 24.1193
95300 24.2507
95400 24.226
95500 24.0591
95600 24.3795
95700 24.4322
95800 24.4589
95900 24.3567
96000 24.3478
96100 24.2972
96200 24.6827
96300 24.5369
96400 24.4496
96500 24.5809
96600 24.6364
96700 24.4885
96800 24.5229
96900 24.6169
97000 24.6618
97100 24.6565
97200 24.6556
97300 24.7909
97400 24.758
97500 24.8987
97600 24.7037
97700 24.6198
97800 24.6936
97900 24.7766
98000 24.6688
98100 24.513
98200 24.5435
98300 24.5854
98400 24.8146
98500 24.8186
98600 24.8844
98700 24.7962
98800 24.8682
98900 24.8727
99000 24.9941
99100 24.7247
99200 24.7343
99300 24.9563
99400 24.9515
99500 24.7243
99600 24.7172
99700 24.8334
99800 24.9556
99900 24.9074
100000 24.8893
100100 25.0604
100200 24.9696
100300 24.7726
100400 24.7743
100500 24.9224
100600 24.8729
100700 24.8521
100800 24.8732
100900 24.8476
101000 24.9549
101100 24.9116
101200 25.0087
101300 24.8362
101400 25.0046
101500 25.015
101600 25.0126
101700 25.0778
101800 25.0662
101900 25.1253
102000 25.3073
102100 25.1113
102200 25.0177
102300 25.2599
102400 25.3604
102500 25.2332
102600 25.3245
102700 25.2518
102800 25.0949
102900 25.2681
103000 25.4319
103100 25.3883
103200 25.3499
103300 25.4149
103400 25.4099
103500 25.3347
103600 25.4745
103700 25.5331
103800 25.4212
103900 25.5494
104000 25.6723
104100 25.8153
104200 25.657
104300 25.7344
104400 25.9632
104500 25.735
104600 25.8432
104700 25.8889
104800 25.8344
104900 25.8187
105000 25.7446
105100 25.6492
105200 25.6204
105300 25.6942
105400 25.6815
105500 25.7931
105600 25.8453
105700 25.6905
105800 25.8287
105900 25.8358
106000 25.7823
106100 25.8085
106200 25.7255
106300 25.844
106400 25.8317
106500 25.7867
106600 25.9023
106700 25.8713
106800 25.9524
106900 25.9472
107000 25.9074
107100 26.0643
107200 25.9246
107300 25.9935
107400 26.0728
107500 26.1625
107600 26.134
107700 26.0455
107800 26.0391
107900 26.1107
108000 26.3863
108100 26.2018
108200 26.3113
108300 26.2989
108400 26.2042
108500 26.3553
108600 26.1555
108700 26.2367
108800 26.2587
108900 26.2673
109000 26.21
109100 26.2085
109200 26.3134
109300 26.398
109400 26.1744
109500 26.2559
109600 26.3676
109700 26.5118
109800 26.5849
109900 26.5697
110000 26.5599
110100 26.8471
110200 26.9483
110300 26.7552
110400 26.7751
110500 26.8468
110600 26.8228
110700 26.7296
110800 26.6938
110900 26.8993
111000 26.8899
111100 26.9401
111200 26.9975
111300 26.8743
111400 26.8681
111500 26.985
111600 26.8984
111700 26.8407
111800 26.824
111900 26.9116
112000 26.7935
112100 27.1095
112200 26.9262
112300 27.1756
112400 27.1858
112500 27.0087
112600 27.1593
112700 27.2
112800 27.1781
112900 27.362
113000 27.2333
113100 27.1356
113200 27.2181
113300 27.3716
113400 27.4563
113500 27.4578
113600 27.5639
113700 27.3372
113800 27.5291
113900 27.4877
114000 27.5647
114100 27.6212
114200 27.6347
114300 27.7459
114400 27.7468
114500 27.626
114600 27.8059
114700 27.6795
114800 27.5972
114900 27.6347
115000 27.6417
115100 27.5711
115200 27.7213
115300 27.7239
115400 27.8194
115500 27.8224
115600 27.9511
115700 28.0651
115800 27.8981
115900 27.7823
116000 27.9254
116100 27.9354
116200 28.0115
116300 28.0972
116400 28.1327
116500 28.2284
116600 28.1332
116700 28.1486
116800 28.1388
116900 28.2844
117000 28.0558
117100 28.0062
117200 28.0034
117300 28.2524
117400 28.3178
117500 28.2727
117600 28.1989
117700 28.213
117800 28.3086
117900 28.2338
118000 28.1021
118100 27.9588
118200 28.0688
118300 28.2231
118400 28.269
118500 28.1203
118600 28.082
118700 28.0437
118800 28.2195
118900 28.2565
119000 28.3507
119100 28.0734
119200 28.2076
119300 28.1757
119400 28.1666
119500 28.3398
119600 28.239
119700 28.4628
119800 28.4104
119900 28.3543
120000 28.3682
120100 28.3521
120200 28.4084
120300 28.6479
120400 28.6368
120500 28.6105
120600 28.7052
120700 28.6227
120800 28.6462
120900 28.6533
121000 28.8571
121100 28.7377
121200 28.7943
121300 28.6692
121400 28.9191
121500 28.851
121600 28.8696
121700 28.7086
121800 28.6344
121900 28.8291
122000 28.8439
122100 28.7567
122200 28.6171
122300 28.6496
122400 28.8231
122500 29.0204
122600 28.9757
122700 28.9807
122800 28.8754
122900 28.7196
123000 28.8983
123100 29.11
123200 28.892
123300 28.832
123400 28.955
123500 29.0254
123600 29.2923
123700 29.074
123800 28.9367
123900 28.9974
124000 29.0968
124100 29.1737
124200 29.3351
124300 29.3694
124400 29.2972
124500 29.2547
124600 29.4755
124700 29.3221
124800 29.2132
124900 29.4778
125000 29.3966
125100 29.3907
125200 29.2665
125300 29.4724
125400 29.4966
125500 29.4393
125600 29.6224
125700 29.3603
125800 29.3358
125900 29.3876
126000 29.5366
126100 29.5309
126200 29.5401
126300 29.616
126400 29.6006
126500 29.5364
126600 29.6636
126700 29.7267
126800 29.6359
126900 29.3958
127000 29.547
127100 29.4236
127200 29.5064
127300 29.6
127400 29.611
127500 29.6095
127600 29.6197
127700 29.6128
127800 29.4979
127900 29.5989
128000 29.6989
128100 29.9436
128200 29.8082
128300 29.788
128400 29.7336
128500 29.659
128600 29.6903
128700 29.7782
128800 29.7191
128900 29.9204
129000 29.8816
129100 29.7347
129200 29.6849
129300 29.5891
129400 29.6417
129500 29.7705
129600 29.6441
129700 29.7824
129800 29.9071
129900 29.8855
130000 29.8614
130100 29.8609
130200 29.7079
130300 29.8811
130400 29.7911
130500 29.8433
130600 29.9269
130700 29.9258
130800 29.9504
130900 30.0609
131000 30.0055
131100 30.0736
131200 30.0247
131300 29.8478
131400 29.94
131500 29.9022
131600 29.9806
131700 30.0999
131800 30.1168
131900 30.0211
132000 30.0187
132100 30.1435
132200 30.1027
132300 30.2155
132400 30.0911
132500 30.3559
132600 30.3332
132700 30.2528
132800 30.4637
132900 30.3385
133000 30.3346
133100 30.4918
133200 30.4997
133300 30.6746
133400 30.6663
133500 30.6661
133600 30.5378
133700 30.547
133800 30.4794
133900 30.3868
134000 30.3857
134100 30.6467
134200 30.595
134300 30.5137
134400 30.6102
134500 30.5061
134600 30.5278
134700 30.6963
134800 30.5539
134900 30.6347
135000 30.6326
135100 30.6644
135200 30.591
135300 30.4748
135400 30.7284
135500 30.8534
135600 30.6829
135700 30.6056
135800 30.4953
135900 30.7201
136000 30.8637
136100 30.6786
136200 30.8632
136300 30.7302
136400 30.7207
136500 30.8299
136600 30.7242
136700 30.9957
136800 30.8782
136900 30.9745
137000 30.876
137100 30.8553
137200 30.8204
137300 31.0214
137400 30.871
137500 30.9668
137600 30.8527
137700 30.8846
137800 31.0011
137900 30.8068
138000 30.9245
138100 30.9089
138200 30.9374
138300 30.9845
138400 31.1107
138500 31.1135
138600 31.0827
138700 30.9162
138800 31.0693
138900 30.9862
139000 31.0159
139100 31.1262
139200 31.185
139300 31.1909
139400 31.2628
139500 31.3299
139600 31.4252
139700 31.4177
139800 31.1931
139900 31.2398
140000 31.3579
140100 31.2045
140200 31.4545
140300 31.539
140400 31.4276
140500 31.2849
140600 31.5254
140700 31.5376
140800 31.7121
140900 31.5097
141000 31.6135
141100 31.6155
141200 31.6231
141300 31.456
141400 31.5604
141500 31.6421
141600 31.6867
141700 31.5028
141800 31.5641
141900 31.763
142000 31.7488
142100 31.7983
142200 31.7291
142300 31.8421
142400 31.6712
142500 31.7748
142600 31.4466
142700 31.6544
142800 31.7383
142900 32.0326
143000 32.0544
143100 32.0118
143200 31.8918
143300 31.7932
143400 31.8798
143500 31.8121
143600 31.6223
143700 31.6998
143800 31.6239
143900 31.7201
144000 31.6653
144100 31.7409
144200 31.9172
144300 31.9181
144400 31.7725
144500 31.742
144600 31.782
144700 31.6769
144800 31.6282
144900 31.5635
145000 31.8155
145100 31.9508
145200 31.6368
145300 31.7491
145400 31.6746
145500 31.8708
145600 31.7093
145700 31.6729
145800 31.7948
145900 31.7737
146000 31.7748
146100 31.9534
146200 31.9191
146300 31.9188
146400 31.7595
146500 31.9393
146600 31.9072
146700 31.936
146800 31.9184
146900 31.8218
147000 31.7378
147100 31.9302
147200 31.9918
147300 32.0574
147400 31.8964
147500 31.8317
147600 31.8197
147700 31.9431
147800 31.9529
147900 32.1693
148000 32.0771
148100 31.9935
148200 31.982
148300 32.1429
148400 32.1828
148500 32.0728
148600 32.1218
148700 32.2624
148800 32.0023
148900 32.1894
149000 32.2573
149100 32.4389
149200 32.5893
149300 32.4722
149400 32.4467
149500 32.3183
149600 32.3805
149700 32.3534
149800 32.3978
149900 32.1921
150000 32.3578
150100 32.2021
150200 32.337
150300 32.2986
150400 32.1845
150500 31.891
150600 32.1158
150700 32.1942
150800 32.1398
150900 32.277
151000 32.257
151100 32.2001
151200 32.2399
151300 32.2948
151400 32.2442
151500 32.5658
151600 32.5385
151700 32.4217
151800 32.5986
151900 32.5677
152000 32.5842
152100 32.5651
152200 32.6129
152300 32.6266
152400 32.8173
152500 32.7595
152600 32.8353
152700 32.7543
152800 32.7164
152900 32.5218
153000 32.749
153100 32.8684
153200 32.7451
153300 32.7507
153400 32.7209
153500 32.9225
153600 32.8434
153700 32.5951
153800 32.7346
153900 32.8651
154000 32.7708
154100 32.5271
154200 32.6197
154300 32.6117
154400 32.7258
154500 32.8504
154600 32.8947
154700 32.7557
154800 32.7279
154900 33.0192
155000 32.9519
155100 32.9069
155200 32.8594
155300 32.865
155400 32.7975
155500 32.8085
155600 32.7988
155700 32.7118
155800 32.6232
155900 32.8559
156000 32.7997
156100 32.86
156200 32.8842
156300 32.9616
156400 32.9435
156500 33.051
156600 32.9568
156700 32.8977
156800 33.0529
156900 32.9841
157000 33.1455
157100 33.1714
157200 32.9987
157300 33.1177
157400 33.2359
157500 33.38
157600 33.2626
157700 33.1925
157800 33.104
157900 33.1459
158000 33.2128
158100 33.3393
158200 33.3717
158300 33.5481
158400 33.3596
158500 33.2881
158600 33.2657
158700 33.198
158800 33.2112
158900 33.3566
159000 33.4913
159100 33.3265
159200 33.3467
159300 33.497
159400 33.3323
159500 33.4159
159600 33.495
159700 33.3832
159800 33.4627
159900 33.5395
160000 33.3103
160100 33.3116
160200 33.4461
160300 33.6641
160400 33.5777
160500 33.4789
160600 33.5296
160700 33.6485
160800 33.565
160900 33.6382
161000 33.6553
161100 33.7184
161200 33.6882
161300 33.744
161400 33.6571
161500 33.8243
161600 33.6966
161700 33.6792
161800 33.6007
161900 33.8638
162000 33.8426
162100 33.7366
162200 33.6146
162300 33.7773
162400 33.4974
162500 33.5318
162600 33.8504
162700 33.8854
162800 33.7315
162900 33.7433
163000 33.7511
163100 33.8788
163200 34.0265
163300 33.887
163400 33.8694
163500 33.9435
163600 34.1085
163700 34.0217
163800 34.0933
163900 33.8366
164000 34.0207
164100 34
164200 33.8119
164300 34.2187
164400 34.2134
164500 34.169
164600 34.0832
164700 34.0051
164800 33.8805
164900 33.9406
165000 34.1047
165100 34.0702
165200 34.0941
165300 34.1285
165400 34.1215
165500 34.1168
165600 34.1741
165700 33.9886
165800 34.1783
165900 34.2612
166000 34.2442
166100 34.3585
166200 34.3973
166300 34.3156
166400 34.442
166500 34.5508
166600 34.4043
166700 34.3896
166800 34.4487
166900 34.4726
167000 34.3658
167100 34.4018
167200 34.4687
167300 34.5999
167400 34.3919
167500 34.5292
167600 34.5315
167700 34.3978
167800 34.4105
167900 34.3543
168000 34.5264
168100 34.5585
168200 34.4737
168300 34.3927
168400 34.395
168500 34.3509
168600 34.6099
168700 34.2783
168800 34.6308
168900 34.5578
169000 34.5826
169100 34.5914
169200 34.6184
169300 34.7512
169400 34.6369
169500 34.7173
169600 34.7012
169700 34.781
169800 34.6378
169900 34.7628
170000 34.9359
170100 34.6656
170200 34.6144
170300 34.8482
170400 35.0161
170500 34.9356
170600 34.8557
170700 35.0098
170800 35.0042
170900 35.0285
171000 34.9421
171100 35.111
171200 34.9601
171300 34.9546
171400 34.9836
171500 35.1802
171600 35.0238
171700 35.1263
171800 35.1415
171900 35.1519
172000 35.2565
172100 35.3434
172200 35.2205
172300 35.2705
172400 35.1362
172500 35.345
172600 35.3705
172700 35.2373
172800 35.5346
172900 35.4385
173000 35.5183
173100 35.4561
173200 35.1904
173300 35.4433
173400 35.194
173500 35.4525
173600 35.5954
173700 35.6506
173800 35.6305
173900 35.6222
174000 35.4789
174100 35.4735
174200 35.4725
174300 35.577
174400 35.6081
174500 35.6316
174600 35.7811
174700 35.5507
174800 35.7228
174900 35.6945
175000 35.4953
175100 35.4111
175200 35.5493
175300 35.456
175400 35.6159
175500 35.679
175600 35.5342
175700 35.595
175800 35.6091
175900 35.485
176000 35.6642
176100 35.622
176200 35.7021
176300 35.6735
176400 35.8117
176500 35.7256
176600 35.7017
176700 35.9015
176800 35.929
176900 35.9715
177000 35.9403
177100 36.0638
177200 36.0972
177300 35.9814
177400 36.171
177500 36.0208
177600 36.2398
177700 36.0584
177800 35.9202
177900 35.9354
178000 35.8362
178100 35.9118
178200 35.9063
178300 35.92
178400 36.0941
178500 35.9263
178600 36.0722
178700 35.9983
178800 35.9852
178900 36.0469
179000 35.9272
179100 35.824
179200 35.9561
179300 35.8579
179400 35.9553
179500 36.0023
179600 35.884
179700 36.1331
179800 36.2889
179900 36.117
180000 36.1926
180100 36.2391
180200 36.2571
180300 36.1615
180400 36.3113
180500 36.1577
180600 36.3
180700 36.349
180800 36.4659
180900 36.5048
181000 36.5204
181100 36.2979
181200 36.2466
181300 36.4757
181400 36.2302
181500 36.056
181600 36.0416
181700 36.2312
181800 36.2782
181900 36.3161
182000 36.0975
182100 36.2741
182200 36.1779
182300 36.293
182400 36.1781
182500 36.3301
182600 36.3063
182700 36.2442
182800 36.3022
182900 36.3143
183000 36.3745
183100 36.2303
183200 36.3101
183300 36.4067
183400 36.3016
183500 36.1998
183600 36.2864
183700 36.4433
183800 36.2207
183900 36.0522
184000 36.2095
184100 36.2986
184200 36.2696
184300 36.2243
184400 36.1538
184500 36.0947
184600 36.4287
184700 36.3861
184800 36.5778
184900 36.5585
185000 36.6524
185100 36.5975
185200 36.5979
185300 36.5211
185400 36.4414
185500 36.4605
185600 36.5942
185700 36.5581
185800 36.6314
185900 36.5915
186000 36.5384
186100 36.7438
186200 36.8986
186300 36.8791
186400 36.7241
186500 36.7701
186600 36.7837
186700 36.8255
186800 36.6298
186900 36.6733
187000 36.7526
187100 37.0416
187200 36.7159
187300 36.7261
187400 36.6526
187500 36.7919
187600 36.7043
187700 36.9478
187800 36.6037
187900 36.7654
188000 36.74
188100 36.7055
188200 36.9997
188300 37.0727
188400 36.975
188500 36.849
188600 36.9004
188700 36.9626
188800 37.0205
188900 37.0724
189000 36.9263
189100 36.8886
189200 36.6927
189300 36.7818
189400 36.634
189500 36.878
189600 36.7947
189700 37.0295
189800 37.1093
189900 37.1174
190000 37.0733
190100 36.8951
190200 36.7497
190300 36.9126
190400 36.8794
190500 36.9323
190600 36.9715
190700 36.978
190800 36.9095
190900 36.9958
191000 36.9753
191100 36.9525
191200 37.0966
191300 36.985
191400 37.1385
191500 37.005
191600 37.0043
191700 36.9798
191800 37.2592
191900 37.124
192000 37.2474
192100 37.1563
192200 37.0544
192300 37.0418
192400 37.0762
192500 36.9405
192600 36.8568
192700 36.7994
192800 36.9332
192900 37.1361
193000 37.1044
193100 37.0595
193200 37.0385
193300 37.0316
193400 36.8774
193500 36.915
193600 37.0354
193700 36.8926
193800 37.0117
193900 37.2138
194000 36.975
194100 36.879
194200 36.7766
194300 37.032
194400 37.1358
194500 37.0208
194600 36.8387
194700 36.9431
194800 37.0616
194900 37.0696
195000 37.0619
195100 37.0303
195200 37.0429
195300 37.0785
195400 37.0203
195500 36.775
195600 37.0638
195700 36.9162
195800 37.2321
195900 37.1958
196000 37.2625
196100 36.9811
196200 36.9095
196300 36.8405
196400 37.1422
196500 37.1735
196600 36.9931
196700 37.0821
196800 37.1156
196900 37.1492
197000 37.1127
197100 37.2378
197200 37.2022
197300 37.2192
197400 37.0373
197500 37.1822
197600 37.1232
197700 37.2675
197800 37.1708
197900 37.481
198000 37.1851
198100 37.1735
198200 37.1297
198300 37.1408
198400 37.0339
198500 37.1233
198600 37.2274
198700 37.1784
198800 37.1551
198900 36.9475
199000 36.916
199100 37.0509
199200 37.2719
199300 37.2212
199400 37.232
199500 37.341
199600 37.3467
199700 37.1481
199800 37.2729
199900 37.5299
200000 37.2813
200100 37.2642
200200 37.2535
200300 37.383
200400 37.2213
200500 37.2316
200600 37.4573
200700 37.2799
200800 37.1386
200900 37.0697
201000 37.3956
201100 37.1557
201200 37.2318
201300 37.2796
201400 37.2694
201500 37.2071
201600 37.2083
201700 37.1244
201800 37.2161
201900 37.1758
202000 37.0014
202100 37.2862
202200 37.2013
202300 37.3296
202400 37.2384
202500 37.2532
202600 37.3698
202700 37.1597
202800 37.4308
202900 37.3847
203000 37.207
203100 37.3377
203200 37.3581
203300 37.3309
203400 37.3556
203500 37.3186
203600 37.3063
203700 37.4308
203800 37.77
203900 37.4321
204000 37.4491
204100 37.5444
204200 37.3928
204300 37.5161
204400 37.4905
204500 37.4719
204600 37.3992
204700 37.7199
204800 37.726
204900 37.786
205000 37.7854
205100 37.8999
205200 37.7444
205300 37.5883
205400 37.665
205500 37.8173
205600 37.6939
205700 37.5888
205800 37.8453
205900 37.9324
206000 37.9147
206100 37.8735
206200 37.7599
206300 37.7295
206400 37.703
206500 37.8361
206600 37.6234
206700 38.0768
206800 37.7984
206900 37.9461
207000 37.9366
207100 38.0222
207200 38.1619
207300 38.1202
207400 38.0504
207500 38.2608
207600 38.1852
207700 38.1582
207800 38.0511
207900 38.3413
208000 38.3296
208100 38.0988
208200 38.213
208300 38.2358
208400 38.273
208500 38.0991
208600 38.1219
208700 38.0925
208800 38.2697
208900 38.1911
209000 38.1034
209100 38.0846
209200 38.2812
209300 38.6481
209400 38.4952
209500 38.3925
209600 38.2908
209700 38.3035
209800 38.3937
209900 38.6064
210000 38.4328
210100 38.6139
210200 38.4126
210300 38.3236
210400 38.2948
210500 38.6318
210600 38.6041
210700 38.4154
210800 38.3596
210900 38.3955
211000 38.5506
211100 38.5216
211200 38.6244
211300 38.7929
211400 38.6888
211500 38.8846
211600 38.7885
211700 38.9001
211800 38.7441
211900 38.7014
212000 38.7542
212100 38.8662
212200 38.6743
212300 38.5486
212400 38.5369
212500 38.4338
212600 38.5885
212700 38.6144
212800 38.8454
212900 38.7874
213000 39.1047
213100 38.6179
213200 38.7511
213300 38.9587
213400 38.8595
213500 39.0153
213600 38.8997
213700 38.9782
213800 39.0455
213900 39.0448
214000 38.8436
214100 38.8762
214200 38.9309
214300 38.9976
214400 38.8856
214500 38.9805
214600 38.7697
214700 38.8762
214800 39.0233
214900 38.9824
215000 38.7511
215100 38.7272
215200 38.6812
215300 38.7322
215400 38.8975
215500 38.9538
215600 38.8213
215700 38.9154
215800 38.9367
215900 39.1307
216000 39.0007
216100 39.105
216200 38.889
216300 39.0214
216400 39.1071
216500 39.1326
216600 39.1119
216700 38.9604
216800 38.9733
216900 39.1582
217000 39.0919
217100 39.1994
217200 38.9153
217300 39.1978
217400 39.2144
217500 39.1897
217600 39.2672
217700 39.1683
217800 39.1035
217900 38.9041
218000 39.0627
218100 39.0348
218200 39.0298
218300 39.1878
218400 39.0112
218500 38.9844
218600 38.875
218700 39.2141
218800 39.2234
218900 39.4494
219000 39.2491
219100 39.1464
219200 39.3036
219300 39.0404
219400 39.022
219500 39.128
219600 38.9804
219700 39.1026
219800 39.098
219900 39.1485
220000 39.1312
220100 39.0888
220200 39.0162
220300 39.0803
220400 39.2979
220500 39.2335
220600 39.2831
220700 39.0963
220800 38.9308
220900 39.0555
221000 39.2032
221100 39.0535
221200 39.1612
221300 39.2385
221400 38.9471
221500 39.1166
221600 39.0876
221700 39.3261
221800 38.9465
221900 39.3877
222000 39.2682
222100 39.3109
222200 39.2991
222300 39.0285
222400 39.1196
222500 39.2066
222600 39.2515
222700 39.3241
222800 39.2433
222900 39.3031
223000 39.5071
223100 39.3523
223200 39.1915
223300 39.0424
223400 39.1076
223500 39.1083
223600 39.1886
223700 39.2461
223800 39.3232
223900 39.6474
224000 39.4802
224100 39.5775
224200 39.3637
224300 39.3782
224400 39.3495
224500 39.2171
224600 39.2516
224700 39.3217
224800 39.3137
224900 39.4242
225000 39.2999
225100 39.3524
225200 39.5455
225300 39.2713
225400 39.2928
225500 39.326
225600 39.5757
225700 39.6157
225800 39.2934
225900 39.322
226000 39.3704
226100 39.1982
226200 39.3256
226300 39.2328
226400 39.4959
226500 39.289
226600 39.1818
226700 39.3511
226800 39.1043
226900 39.1203
227000 39.3292
227100 39.1611
227200 39.2341
227300 39.2886
227400 39.4543
227500 39.4318
227600 39.1941
227700 39.2216
227800 39.5634
227900 39.6843
228000 39.4782
228100 39.3709
228200 39.0728
228300 39.1441
228400 39.3636
228500 39.2158
228600 39.2185
228700 39.3227
228800 39.5404
228900 39.3711
229000 39.5252
229100 39.4341
229200 39.3836
229300 39.3709
229400 39.4016
229500 39.4044
229600 39.2961
229700 39.4508
229800 39.5319
229900 39.3512
230000 39.5147
230100 39.3695
230200 39.271
230300 39.4593
230400 39.3983
230500 39.2438
230600 39.2762
230700 39.1726
230800 39.2587
230900 39.2788
231000 39.5265
231100 39.6037
231200 39.5932
231300 39.6413
231400 39.5358
231500 39.421
231600 39.166
231700 39.1306
231800 39.2273
231900 39.345
232000 39.2735
232100 39.3746
232200 39.4209
232300 39.4713
232400 39.6586
232500 39.3428
232600 39.4845
232700 39.5167
232800 39.3576
232900 39.3885
233000 39.3759
233100 39.323
233200 39.5424
233300 39.2349
233400 39.2852
233500 39.2388
233600 39.2679
233700 39.6135
233800 39.6568
233900 39.511
234000 39.8114
234100 39.6465
234200 39.627
234300 39.8028
234400 39.8444
234500 39.7086
234600 39.9197
234700 40.0832
234800 40.0887
234900 40.0146
235000 39.9969
235100 40.0364
235200 40.1617
235300 40.0254
235400 40.0885
235500 39.9906
235600 40.0662
235700 39.8977
235800 40.0557
235900 39.9709
236000 39.9764
236100 39.8601
236200 40.0252
236300 39.9288
236400 40.0967
236500 40.2739
236600 40.1215
236700 40.2103
236800 40.323
236900 40.0086
237000 40.0373
237100 40.0787
237200 40.1529
237300 40.0554
237400 40.4045
237500 40.1518
237600 40.1575
237700 40.0717
237800 40
237900 40.1545
238000 40.2795
238100 40.1876
238200 40.0637
238300 40.1887
238400 40.2119
238500 40.1764
238600 40.0809
238700 40.0257
238800 40.2381
238900 40.0686
239000 39.9862
239100 40.2171
239200 40.1933
239300 40.11
239400 39.8651
239500 39.9339
239600 39.869
239700 40.1867
239800 40.1999
239900 40.2501
240000 40.3941
240100 40.1384
240200 40.2321
240300 39.9665
240400 40.1255
240500 40.3044
240600 40.2334
240700 40.1978
240800 40.2619
240900 40.1621
241000 39.9538
241100 39.9829
241200 40.2124
241300 40.6078
241400 40.3355
241500 40.1243
241600 40.3521
241700 40.2567
241800 40.2831
241900 40.3947
242000 40.3285
242100 40.5173
242200 40.6209
242300 40.6167
242400 40.4934
242500 40.7638
242600 40.5682
242700 40.837
242800 40.9374
242900 40.6317
243000 40.7401
243100 40.5844
243200 40.3128
243300 40.5408
243400 40.6927
243500 40.565
243600 40.4836
243700 40.5685
243800 40.6135
243900 40.6126
244000 40.6798
244100 40.7122
244200 40.8424
244300 40.6255
244400 40.6181
244500 40.4324
244600 40.522
244700 40.7534
244800 40.6735
244900 40.6534
245000 40.8131
245100 40.7658
245200 40.7173
245300 40.6495
245400 40.61
245500 40.7035
245600 40.6614
245700 40.7168
245800 40.6944
245900 40.9131
246000 40.8357
246100 40.682
246200 40.7749
246300 40.3786
246400 40.5235
246500 40.7064
246600 40.7208
246700 40.7899
246800 40.8218
246900 40.661
247000 40.8112
247100 40.8585
247200 41.111
247300 41.1464
247400 40.9053
247500 40.9283
247600 40.8385
247700 41.0525
247800 40.878
247900 40.8002
248000 40.9288
248100 40.9217
248200 41.0312
248300 41.0063
248400 40.8907
248500 41.067
248600 41.0141
248700 41.2093
248800 41.1426
248900 41.023
249000 41.1753
249100 41.1982
249200 40.9725
249300 41.2748
249400 41.1321
249500 41.309
249600 41.3663
249700 41.1653
249800 41.4072
249900 41.3155
250000 41.4975
250100 41.3969
250200 41.6259
250300 41.5338
250400 41.6169
250500 41.3886
250600 41.6317
250700 41.3419
250800 41.6044
250900 41.6117
251000 41.6709
251100 41.6075
251200 41.635
251300 41.7178
251400 41.6052
251500 41.4249
251600 41.4565
251700 41.4548
251800 41.5279
251900 41.6887
252000 41.4815
252100 41.6225
252200 41.595
252300 41.5887
252400 41.8579
252500 41.7779
252600 41.5993
252700 41.7357
252800 41.6681
252900 41.5868
253000 41.4883
253100 41.4488
253200 41.7774
253300 41.8979
253400 41.7841
253500 41.7982
253600 41.8012
253700 41.8698
253800 41.9925
253900 41.9052
254000 41.9463
254100 41.9003
254200 41.9804
254300 42.0284
254400 41.8207
254500 41.7801
254600 42.1444
254700 41.8801
254800 42.1256
254900 41.9123
255000 41.9061
255100 41.9297
255200 42.0118
255300 42.0053
255400 41.93
255500 41.8474
255600 42.1052
255700 42.1196
255800 41.9575
255900 42.1731
256000 42.0207
256100 42.0611
256200 42.1785
256300 42.3578
256400 42.1358
256500 42.2802
256600 42.1562
256700 41.972
256800 42.1787
256900 42.1169
257000 42.4856
257100 42.337
257200 42.2053
257300 42.3362
257400 42.2736
257500 42.3775
257600 42.302
257700 42.477
257800 42.4794
257900 42.5045
258000 42.3556
258100 42.2654
258200 42.3184
258300 42.0527
258400 42.2854
258500 42.2782
258600 42.5764
258700 42.3873
258800 42.2846
258900 42.4912
259000 42.2935
259100 42.3717
259200 42.2739
259300 42.2679
259400 42.3237
259500 42.2229
259600 42.3085
259700 42.4216
259800 42.5611
259900 42.366
260000 42.4092
260100 42.419
260200 42.5494
260300 42.4817
260400 42.6273
260500 42.5758
260600 42.6583
260700 42.4416
260800 42.7229
260900 42.8484
261000 42.8082
261100 42.7579
261200 42.8105
261300 42.6672
261400 42.6402
261500 42.8744
261600 42.7626
261700 42.8792
261800 42.7266
261900 42.5123
262000 42.6594
262100 42.4113
262200 42.5643
262300 42.6329
262400 42.6171
262500 42.6005
262600 42.5993
262700 42.7288
262800 42.832
262900 42.7451
263000 42.9236
263100 42.8703
263200 42.9551
263300 42.7822
263400 42.9593
263500 42.8157
263600 42.8973
263700 42.8011
263800 42.8184
263900 42.6875
264000 42.9183
264100 42.9126
264200 43.0308
264300 42.9081
264400 42.549
264500 42.8399
264600 42.9289
264700 42.9574
264800 43.0372
264900 42.921
265000 43.1092
265100 42.9723
265200 43.0945
265300 43.0758
265400 43.1189
265500 43.2011
265600 43.1769
265700 43.338
265800 43.254
265900 43.243
266000 43.3751
266100 43.0938
266200 43.213
266300 43.1438
266400 42.9901
266500 42.8352
266600 42.9312
266700 43.1199
266800 43.1416
266900 43.0311
267000 43.0655
267100 43.0042
267200 42.9128
267300 43.0276
267400 43.2003
267500 43.282
267600 43.102
267700 43.2748
267800 43.2308
267900 43.1941
268000 43.3417
268100 43.3447
268200 43.3378
268300 43.1496
268400 43.1993
268500 43.0889
268600 43.0268
268700 43.1527
268800 43.0692
268900 43.2439
269000 43.3449
269100 43.3662
269200 43.5082
269300 43.2069
269400 43.1778
269500 42.9334
269600 42.9234
269700 43.164
269800 43.1267
269900 43.1533
270000 43.1018
270100 43.1895
270200 43.3031
270300 43.4243
270400 43.4533
270500 43.5458
270600 43.4445
270700 43.4516
270800 43.6892
270900 43.561
271000 43.4373
271100 43.4521
271200 43.5732
271300 43.5734
271400 43.5224
271500 43.552
271600 43.5523
271700 43.6094
271800 43.5595
271900 43.5486
272000 43.4484
272100 43.5595
272200 43.7377
272300 43.534
272400 43.6237
272500 43.7467
272600 43.5279
272700 43.5353
272800 43.4654
272900 43.6054
273000 43.6627
273100 43.5404
273200 43.7135
273300 43.5975
273400 43.6502
273500 43.8522
273600 43.7685
273700 43.42
273800 43.759
273900 43.7383
274000 43.6277
274100 43.5464
274200 43.5416
274300 43.6386
274400 43.6277
274500 43.5623
274600 43.8046
274700 43.5966
274800 43.4016
274900 43.1613
275000 43.3542
275100 43.4495
275200 43.527
275300 43.7648
275400 43.5598
275500 43.2977
275600 43.6202
275700 43.5822
275800 43.6108
275900 43.5407
276000 43.4323
276100 43.4963
276200 43.6269
276300 43.4322
276400 43.6035
276500 43.3905
276600 43.4301
276700 43.6501
276800 43.6375
276900 43.8747
277000 43.6128
277100 43.4662
277200 43.53
277300 43.5818
277400 43.6845
277500 43.6914
277600 43.4906
277700 43.5239
277800 43.6155
277900 43.4924
278000 43.4615
278100 43.5239
278200 43.6221
278300 43.6899
278400 43.732
278500 43.739
278600 43.7905
278700 43.6745
278800 43.8666
278900 43.7065
279000 43.6302
279100 43.9236
279200 43.7344
279300 43.9015
279400 43.9947
279500 44.0058
279600 43.973
279700 44.1
279800 43.8198
279900 43.9092
280000 44.0952
280100 44.1445
280200 44.051
280300 43.941
280400 43.9462
280500 44.1115
280600 44.0728
280700 44.4092
280800 44.1608
280900 44.0972
281000 44.2344
281100 44.2851
281200 44.5183
281300 44.3477
281400 44.0464
281500 44.0976
281600 44.203
281700 44.0916
281800 44.476
281900 44.391
282000 44.1206
282100 44.4135
282200 44.1666
282300 43.9881
282400 44.2925
282500 44.4506
282600 44.3556
282700 44.1861
282800 44.2119
282900 44.3106
283000 44.2076
283100 44.351
283200 44.5564
283300 44.5192
283400 44.3709
283500 44.5101
283600 44.5269
283700 44.6739
283800 44.6118
283900 44.2925
284000 44.2895
284100 44.4152
284200 44.3372
284300 44.4636
284400 44.3933
284500 44.1698
284600 44.1931
284700 44.2556
284800 44.4057
284900 44.5152
285000 44.4537
285100 44.256
285200 44.4091
285300 44.591
285400 44.4084
285500 44.3125
285600 44.397
285700 44.3525
285800 44.3714
285900 44.3532
286000 44.2774
286100 44.212
286200 44.4732
286300 44.4691
286400 44.4953
286500 44.3764
286600 44.3866
286700 44.2168
286800 44.2401
286900 44.3386
287000 44.3692
287100 44.3441
287200 44.1326
287300 44.4191
287400 44.5423
287500 44.522
287600 44.4781
287700 44.5724
287800 44.6434
287900 44.6254
288000 44.7539
288100 44.7158
288200 44.7875
288300 44.8829
288400 44.6242
288500 44.5717
288600 44.7246
288700 44.6779
288800 44.7907
288900 45.0353
289000 45.1087
289100 44.8304
289200 45.0437
289300 44.9637
289400 44.9587
289500 44.826
289600 44.6782
289700 44.742
289800 44.7568
289900 44.7715
290000 44.6928
290100 44.8925
290200 44.956
290300 44.7605
290400 44.7053
290500 44.9863
290600 45.0642
290700 45.0758
290800 44.8637
290900 44.9386
291000 44.8488
291100 44.8884
291200 45.0788
291300 45.027
291400 44.9874
291500 44.8315
291600 44.9961
291700 44.9178
291800 44.859
291900 44.8061
292000 44.9183
292100 45.0304
292200 45.2875
292300 45.2178
292400 45.1507
292500 45.3145
292600 45.1319
292700 45.0004
292800 45.121
292900 45.1814
293000 45.1096
293100 45.356
293200 45.3123
293300 45.2232
293400 45.228
293500 45.3151
293600 45.1112
293700 45.3668
293800 45.3305
293900 45.4595
294000 45.428
294100 45.7479
294200 45.7675
294300 45.6997
294400 45.6151
294500 45.9197
294600 45.9004
294700 45.8128
294800 45.8283
294900 45.9709
295000 45.7409
295100 46.0899
295200 45.9429
295300 45.8962
295400 45.7805
295500 45.704
295600 45.7089
295700 45.8118
295800 46.0295
295900 45.9891
296000 46.1122
296100 46.1165
296200 45.8864
296300 46.148
296400 46.028
296500 45.9946
296600 46.0239
296700 46.0295
296800 46.2029
296900 46.219
297000 46.1217
297100 46.2232
297200 46.1978
297300 46.1452
297400 46.066
297500 45.927
297600 45.9437
297700 45.8769
297800 46.1167
297900 46.0303
298000 46.0394
298100 46.3651
298200 46.0033
298300 46.0049
298400 46.3994
298500 46.2395
298600 46.2573
298700 46.2069
298800 46.2482
298900 46.0753
299000 46.2496
299100 46.3272
299200 46.1854
299300 46.1724
299400 46.2688
299500 46.3431
299600 46.0855
299700 46.3251
299800 46.1145
299900 46.0765
300000 46.1411
300100 46.1801
300200 46.4014
300300 46.375
300400 46.5864
300500 46.3366
300600 46.2954
300700 46.4404
300800 46.4145
300900 46.6864
301000 46.7487
301100 46.7731
301200 46.7106
301300 46.6331
301400 46.6891
301500 46.6166
301600 46.7628
301700 46.8883
301800 46.6983
301900 46.6132
302000 46.7379
302100 46.6643
302200 46.4977
302300 46.6267
302400 46.646
302500 46.7135
302600 46.4
302700 46.7455
302800 46.6746
302900 46.6325
303000 46.5297
303100 46.802
303200 46.9629
303300 46.9805
303400 46.9475
303500 46.9869
303600 46.7657
303700 47.0729
303800 46.8361
303900 46.9154
304000 47.1975
304100 46.9338
304200 46.8159
304300 47.0444
304400 46.957
304500 47.0642
304600 46.9794
304700 46.9262
304800 47.0657
304900 47.0962
305000 47.0696
305100 47.088
305200 46.8824
305300 46.9629
305400 47.188
305500 47.067
305600 47.0297
305700 47.0513
305800 46.865
305900 46.83
306000 46.9994
306100 46.8272
306200 46.6984
306300 46.7001
306400 46.9149
306500 46.8899
306600 46.9444
306700 47.083
306800 47.0799
306900 47.0805
307000 47.1782
307100 47.1516
307200 47.2264
307300 47.1006
307400 47.1688
307500 47.2349
307600 47.2654
307700 47.4112
307800 47.4633
307900 47.4451
308000 47.7089
308100 47.6154
308200 47.5641
308300 47.2456
308400 47.3728
308500 47.2734
308600 47.3799
308700 47.4376
308800 47.4787
308900 47.6828
309000 47.51
309100 47.4318
309200 47.3627
309300 47.6463
309400 47.3003
309500 47.479
309600 47.6728
309700 47.6299
309800 47.7531
309900 47.6866
310000 47.7419
310100 48.1315
310200 47.8302
310300 47.8695
310400 47.9893
310500 47.6574
310600 47.6915
310700 47.8556
310800 47.9971
310900 48.0024
311000 48.0174
311100 48.0825
311200 47.975
311300 48.0425
311400 47.8528
311500 47.8849
311600 47.7799
311700 47.7337
311800 48.0333
311900 48.0106
312000 48.0603
312100 48.1127
312200 48.2102
312300 48.4757
312400 48.1048
312500 48.1782
312600 48.2056
312700 48.0711
312800 48.0603
312900 48.1398
313000 48.1861
313100 48.1098
313200 48.2081
313300 48.2634
313400 48.1916
313500 48.2608
313600 48.3754
313700 48.3924
313800 48.4539
313900 48.3306
314000 48.2006
314100 48.2061
314200 48.0326
314300 48.3669
314400 48.1883
314500 48.2715
314600 48.3686
314700 48.3206
314800 48.1393
314900 48.1429
315000 48.0554
315100 48.3756
315200 48.2479
315300 48.176
315400 48.224
315500 48.2055
315600 48.3314
315700 48.4473
315800 48.3073
315900 48.5694
316000 48.4684
316100 48.6407
316200 48.6127
316300 48.5238
316400 48.4122
316500 48.5442
316600 48.7258
316700 48.6958
316800 48.7121
316900 48.7842
317000 48.7672
317100 48.6856
317200 48.8208
317300 48.9102
317400 48.9541
317500 48.8231
317600 48.9917
317700 49.1255
317800 49.032
317900 48.9572
318000 48.8455
318100 49.0601
318200 49.195
318300 49.0018
318400 49.0844
318500 48.9579
318600 48.8686
318700 48.8819
318800 48.8288
318900 48.8931
319000 49.3249
319100 49.1855
319200 48.9161
319300 48.8237
319400 48.8253
319500 49.0318
319600 49.2649
319700 49.2299
319800 49.5331
319900 49.0532
320000 49.0323
320100 48.8659
320200 49.0163
320300 49.456
320400 49.2614
320500 49.4739
320600 49.2398
320700 49.2735
320800 49.1714
320900 49.2204
321000 49.241
321100 49.2012
321200 49.2102
321300 49.2242
321400 49.239
321500 49.4175
321600 49.332
321700 49.5028
321800 49.6158
321900 49.5597
322000 49.3342
322100 49.4071
322200 49.3723
322300 49.6419
322400 49.4422
322500 49.6647
322600 49.568
322700 49.898
322800 49.7796
322900 49.826
323000 49.5652
323100 49.8255
323200 49.8438
323300 49.7469
323400 49.5611
323500 49.6177
323600 49.4299
323700 49.4653
323800 49.5939
323900 49.8309
324000 49.7871
324100 49.6059
324200 49.7163
324300 49.7398
324400 49.7589
324500 49.9275
324600 50.1265
324700 49.9097
324800 49.8143
324900 49.8869
325000 49.9436
325100 49.7386
325200 50.0942
325300 50.1746
325400 50.2578
325500 50.0298
325600 50.1149
325700 50.1558
325800 50.0076
325900 50.0868
326000 50.2107
326100 50.1242
326200 50.3662
326300 50.4555
326400 50.2656
326500 50.3995
326600 50.3542
326700 50.3129
326800 50.4621
326900 50.4687
327000 50.5102
327100 50.2804
327200 50.5169
327300 50.5018
327400 50.6215
327500 50.3334
327600 50.236
327700 50.3551
327800 50.26
327900 50.334
328000 50.2177
328100 50.3532
328200 50.2963
328300 50.5386
328400 50.4511
328500 50.563
328600 50.3163
328700 50.6996
328800 50.4372
328900 50.4524
329000 50.447
329100 50.5327
329200 50.7848
329300 50.6329
329400 50.4616
329500 50.6929
329600 50.6023
329700 50.8353
329800 50.7608
329900 50.7311
330000 50.6363
330100 50.7545
330200 50.5298
330300 50.7335
330400 50.474
330500 50.5383
330600 50.6067
330700 50.6092
330800 50.6659
330900 50.5179
331000 50.9964
331100 50.8604
331200 50.7953
331300 50.9692
331400 51.0231
331500 50.86
331600 50.8486
331700 51.1125
331800 50.9208
331900 51.152
332000 51.0605
332100 50.8233
332200 50.8563
332300 51.0742
332400 51.2225
332500 51.2557
332600 51.3117
332700 51.2396
332800 51.2163
332900 51.2275
333000 51.0856
333100 51.1621
333200 51.122
333300 51.194
333400 51.2194
333500 51.3293
333600 51.0215
333700 51.1584
333800 51.225
333900 51.2504
334000 51.215
334100 51.4707
334200 51.382
334300 51.4863
334400 51.3527
334500 51.1573
334600 51.259
334700 51.2045
334800 51.0668
334900 51.4371
335000 51.4668
335100 51.6085
335200 51.4491
335300 51.3452
335400 51.3966
335500 51.4694
335600 51.6365
335700 51.3163
335800 51.3667
335900 51.4791
336000 51.4609
336100 51.7201
336200 51.6107
336300 51.4447
336400 51.6084
336500 51.8834
336600 51.6309
336700 51.5536
336800 51.903
336900 51.9389
337000 51.8035
337100 51.7577
337200 52.0162
337300 51.898
337400 51.8556
337500 51.9603
337600 51.7425
337700 52.1886
337800 52.3145
337900 52.088
338000 52.0205
338100 51.9741
338200 52.4297
338300 52.3712
338400 52.221
338500 52.3331
338600 52.2248
338700 52.5075
338800 52.2212
338900 52.296
339000 52.2388
339100 52.2973
339200 52.1942
339300 52.2251
339400 52.0319
339500 52.1912
339600 52.4683
339700 52.3213
339800 52.5105
339900 52.4625
340000 52.6166
340100 52.0992
340200 52.3135
340300 52.3464
340400 52.4362
340500 52.3196
340600 52.6334
340700 52.2923
340800 52.6913
340900 52.5061
341000 52.6008
341100 52.5025
341200 52.7359
341300 52.5122
341400 52.7465
341500 52.6204
341600 52.7989
341700 52.6722
341800 52.6462
341900 52.7498
342000 52.5635
342100 52.5695
342200 52.4945
342300 52.6583
342400 52.8843
342500 52.8393
342600 53.1055
342700 52.8693
342800 52.9029
342900 52.9498
343000 53.1321
343100 53.0373
343200 52.8162
343300 52.8887
343400 52.8933
343500 52.9059
343600 52.824
343700 52.8026
343800 52.9266
343900 53.0167
344000 52.8572
344100 52.7726
344200 53.161
344300 53.0878
344400 52.9326
344500 53.1016
344600 53.0828
344700 53.2968
344800 53.0573
344900 53.2102
345000 53.2105
345100 53.2
345200 53.1743
345300 53.0834
345400 53.2819
345500 53.1943
345600 53.5437
345700 53.5203
345800 53.2978
345900 53.2655
346000 53.3644
346100 53.3277
346200 53.2678
346300 53.4521
346400 53.6756
346500 53.4936
346600 53.4992
346700 53.5985
346800 53.3744
346900 53.213
347000 53.4234
347100 53.2639
347200 53.4864
347300 53.3588
347400 53.5463
347500 53.5454
347600 53.3758
347700 53.6047
347800 53.468
347900 53.3469
348000 53.3358
348100 53.5708
348200 53.4111
348300 53.491
348400 53.5741
348500 53.3841
348600 53.3355
348700 53.4173
348800 53.3118
348900 53.8171
349000 53.7159
349100 53.6667
349200 53.7551
349300 53.5258
349400 53.4833
349500 53.6024
349600 53.757
349700 53.7081
349800 54.0983
349900 54.0837
350000 53.9907
