# Time-averaged data for fix all_msd
# TimeStep c_msd1[4]
0 2.04939e-29
100 0.444143
200 0.716637
300 1.03599
400 1.33814
500 1.68498
600 2.05422
700 2.5224
800 2.97085
900 3.53526
1000 4.01086
1100 4.41761
1200 4.80918
1300 5.49595
1400 5.96381
1500 6.50385
1600 6.9788
1700 7.43092
1800 7.91651
1900 8.28597
2000 8.56788
2100 8.93054
2200 9.40189
2300 9.9333
2400 10.3451
2500 10.8088
2600 11.1044
2700 11.3811
2800 11.8496
2900 12.0515
3000 12.2182
3100 12.6174
3200 13.0508
3300 13.2118
3400 13.6097
3500 14.0522
3600 14.2614
3700 14.8737
3800 15.218
3900 15.6875
4000 16.0899
4100 16.2992
4200 16.7553
4300 17.0504
4400 17.57
4500 17.998
4600 18.1849
4700 18.6588
4800 19.1468
4900 19.3714
5000 19.5243
5100 19.9905
5200 20.2496
5300 20.813
5400 20.884
5500 21.1267
5600 21.4875
5700 22.0873
5800 22.5372
5900 23.0693
6000 23.6003
6100 23.9295
6200 24.2019
6300 24.5809
6400 24.7482
6500 25.0914
6600 25.6119
6700 26.1406
6800 26.2057
6900 26.687
7000 27.1355
7100 27.6741
7200 27.6339
7300 28.1757
7400 28.5302
7500 29.2254
7600 29.4794
7700 30.0057
7800 30.3924
7900 30.8852
8000 31.3819
8100 31.7018
8200 31.9066
8300 32.236
8400 32.4825
8500 32.7886
8600 33.2597
8700 34.1379
8800 34.5772
8900 35.276
9000 35.3719
9100 35.5581
9200 35.9218
9300 35.9038
9400 36.3908
9500 36.5216
9600 37.001
9700 37.4358
9800 37.6681
9900 38.3889
10000 38.8516
10100 39.2487
10200 39.4576
10300 39.755
10400 40.2687
10500 40.8617
10600 40.7391
10700 41.5749
10800 41.4993
10900 42.1916
11000 42.5838
11100 42.9658
11200 43.192
11300 43.6274
11400 43.9024
11500 44.4289
11600 45.1246
11700 45.3229
11800 45.3218
11900 45.8007
12000 46.0793
12100 46.3043
12200 46.779
12300 47.1894
12400 47.5474
12500 47.6444
12600 47.6138
12700 48.2472
12800 48.5034
12900 49.1863
13000 49.587
13100 50.093
13200 50.7518
13300 51.6722
13400 52.24
13500 52.4712
13600 52.7148
13700 53.0404
13800 53.2527
13900 53.7956
14000 54.7818
14100 55.013
14200 55.3385
14300 56.0346
14400 56.5302
14500 57.0904
14600 56.9807
14700 57.4364
14800 57.2952
14900 57.6801
15000 58.2277
15100 58.1171
15200 58.663
15300 59.3993
15400 59.5548
15500 59.8452
15600 60.6712
15700 61.067
15800 61.2752
15900 62.2855
16000 62.626
16100 62.8175
16200 63.0842
16300 63.5174
16400 64.0379
16500 64.097
16600 63.9737
16700 64.6284
16800 65.039
16900 65.4184
17000 65.7036
17100 66.1113
17200 66.8782
17300 66.8915
17400 67.2336
17500 67.8275
17600 68.547
17700 69.2142
17800 69.1946
17900 69.3102
18000 69.7906
18100 70.0968
18200 71.1138
18300 71.6112
18400 72.2089
18500 72.1659
18600 72.7557
18700 72.8862
18800 73.6854
18900 74.7301
19000 74.6627
19100 74.7003
19200 75.2733
19300 75.827
19400 75.8444
19500 76.4315
19600 77.0919
19700 76.9011
19800 77.3411
19900 77.4372
20000 77.7761
20100 77.9238
20200 78.6983
20300 79.0094
20400 79.4305
20500 79.692
20600 79.9119
20700 80.5227
20800 80.7821
20900 81.0804
21000 81.8096
21100 81.8017
21200 82.0701
21300 82.6904
21400 83.5094
21500 84.0533
21600 84.0234
21700 84.2041
21800 84.754
21900 85.0239
22000 85.6681
22100 85.9274
22200 85.9219
22300 86.2075
22400 86.3224
22500 87.1514
22600 87.2213
22700 87.6287
22800 88.2316
22900 88.1858
23000 89.3696
23100 89.954
23200 90.4436
23300 90.9072
23400 91.2222
23500 91.5064
23600 91.7308
23700 92.6968
23800 92.8759
23900 93.313
24000 94.0957
24100 94.5558
24200 95.0253
24300 95.3771
24400 95.653
24500 95.5262
24600 95.9712
24700 96.5888
24800 97.2078
24900 97.7771
25000 98.1553
25100 98.3468
25200 99.0343
25300 99.6509
25400 99.8045
25500 99.8442
25600 100.102
25700 100.708
25800 100.698
25900 101.377
26000 102.347
26100 102.563
26200 102.905
26300 103.056
26400 103.879
26500 104.135
26600 104.881
26700 104.827
26800 105.468
26900 105.744
27000 106.326
27100 106.255
27200 107.259
27300 107.097
27400 107.707
27500 108.53
27600 109.308
27700 109.947
27800 110.181
27900 109.883
28000 110.43
28100 110.175
28200 110.609
28300 110.893
28400 111.174
28500 111.936
28600 112.191
28700 113.007
28800 112.811
28900 112.959
29000 113.368
29100 114.267
29200 114.456
29300 115.976
29400 116.065
29500 116.51
29600 117.309
29700 117.57
29800 117.258
29900 118.132
30000 118.3
30100 118.487
30200 118.847
30300 119.234
30400 119.525
30500 119.962
30600 120.71
30700 120.673
30800 120.575
30900 121.124
31000 120.808
31100 121.514
31200 121.922
31300 122.229
31400 122.245
31500 122.542
31600 122.97
31700 123.842
31800 123.644
31900 123.496
32000 124.301
32100 124.3
32200 124.854
32300 125.024
32400 125.203
32500 125.717
32600 125.992
32700 126.01
32800 126.513
32900 126.768
33000 126.909
33100 127.243
33200 127.566
33300 128.067
33400 128.907
33500 129.075
33600 129.638
33700 129.787
33800 130.137
33900 130.721
34000 130.689
34100 130.543
34200 130.759
34300 131.205
34400 131.458
34500 132.017
34600 132.225
34700 133.194
34800 132.487
34900 133.168
35000 133.425
35100 133.873
35200 134.457
35300 134.724
35400 134.927
35500 135.643
35600 135.889
35700 135.688
35800 135.644
35900 136.27
36000 136.733
36100 137.444
36200 137.566
36300 137.692
36400 138.256
36500 138.607
36600 139.032
36700 139.719
36800 139.235
36900 140.094
37000 140.334
37100 140.032
37200 140.55
37300 141.075
37400 140.933
37500 141.365
37600 141.138
37700 142.167
37800 142.051
37900 143.322
38000 143.332
38100 143.237
38200 143.974
38300 143.924
38400 144.013
38500 144.448
38600 144.459
38700 145.02
38800 145.218
38900 145.969
39000 145.989
39100 146.129
39200 146.392
39300 147.299
39400 146.957
39500 147.593
39600 147.664
39700 148.331
39800 148.061
39900 148.51
40000 148.386
40100 149.029
40200 149.379
40300 149.553
40400 150.189
40500 150.383
40600 150.59
40700 150.471
40800 152.068
40900 152.096
41000 151.793
41100 152.3
41200 152.311
41300 152.166
41400 152.886
41500 153.317
41600 154.392
41700 155.139
41800 154.675
41900 154.747
42000 155.484
42100 155.854
42200 157.134
42300 157.58
42400 157.538
42500 157.663
42600 157.626
42700 158.015
42800 158.995
42900 159.268
43000 159.371
43100 160.078
43200 160.909
43300 161.991
43400 162.39
43500 162.309
43600 162.201
43700 162.069
43800 163.381
43900 163.428
44000 164.685
44100 165.005
44200 164.949
44300 164.723
44400 164.991
44500 165.045
44600 165.704
44700 166.367
44800 166.971
44900 166.518
45000 167.147
45100 167.582
45200 167.492
45300 167.921
45400 168.655
45500 169.16
45600 169.555
45700 170.167
45800 170.432
45900 170.827
46000 171.057
46100 171.122
46200 171.607
46300 171.544
46400 172.799
46500 172.239
46600 172.319
46700 172.946
46800 173.874
46900 174.422
47000 174.758
47100 175.588
47200 175.543
47300 175.511
47400 176.309
47500 176.58
47600 176.48
47700 177.108
47800 177.652
47900 177.518
48000 178.139
48100 177.831
48200 178.428
48300 178.615
48400 179.621
48500 180.482
48600 180.986
48700 181.734
48800 181.212
48900 181.481
49000 182.989
49100 182.378
49200 183.048
49300 183.567
49400 184.196
49500 183.995
49600 183.999
49700 185.114
49800 185.948
49900 185.478
50000 186.009
50100 185.984
50200 186.282
50300 187.004
50400 187.267
50500 187.358
50600 187.859
50700 188.568
50800 188.684
50900 189.318
51000 189.527
51100 189.334
51200 189.824
51300 190.177
51400 191.177
51500 190.656
51600 191.085
51700 190.76
51800 191.87
51900 191.929
52000 192.398
52100 192.815
52200 193.616
52300 193.851
52400 194.404
52500 195.122
52600 195.103
52700 195.427
52800 195.772
52900 195.736
53000 196.241
53100 195.953
53200 196.592
53300 196.574
53400 196.769
53500 197.163
53600 198.402
53700 198.484
53800 197.766
53900 197.212
54000 198.367
54100 197.96
54200 198.151
54300 199.133
54400 199.09
54500 199.083
54600 199.639
54700 199.96
54800 200.476
54900 200.546
55000 200.867
55100 201.34
55200 202.143
55300 202.147
55400 202.289
55500 202.845
55600 202.996
55700 203.178
55800 202.955
55900 202.891
56000 203.177
56100 204.269
56200 204.755
56300 205.213
56400 204.808
56500 205.194
56600 205.254
56700 205.319
56800 205.752
56900 206.069
57000 205.696
57100 205.975
57200 206.422
57300 207.395
57400 208.104
57500 208.953
57600 209.103
57700 209.528
57800 209.68
57900 210.467
58000 210.52
58100 211.494
58200 211.528
58300 211.607
58400 211.411
58500 212.21
58600 213.336
58700 213.408
58800 214.581
58900 214.406
59000 214.444
59100 214.996
59200 215.808
59300 216.171
59400 216.631
59500 216.245
59600 216.885
59700 217.688
59800 217.733
59900 217.688
60000 218.032
60100 218.907
60200 219.279
60300 219.373
60400 219.604
60500 220.865
60600 221.045
60700 221.35
60800 221.909
60900 222.283
61000 222.038
61100 221.948
61200 222.382
61300 222.856
61400 222.561
61500 223.322
61600 223.342
61700 223.917
61800 224.128
61900 224.637
62000 224.691
62100 226.102
62200 226.386
62300 226.785
62400 227.082
62500 227.921
62600 227.944
62700 229.149
62800 228.633
62900 229.506
63000 229.754
63100 229.916
63200 229.916
63300 229.702
63400 231.305
63500 230.365
63600 231.313
63700 232.884
63800 233.474
63900 234.18
64000 234.318
64100 234.508
64200 236.179
64300 235.608
64400 235.317
64500 236.045
64600 236.194
64700 236.627
64800 236.923
64900 237.989
65000 237.067
65100 238.559
65200 238.907
65300 239.502
65400 240.177
65500 240.908
65600 241.09
65700 241.76
65800 242.323
65900 242.183
66000 242.568
66100 243.197
66200 242.788
66300 243.594
66400 243.469
66500 244.443
66600 244.084
66700 244.959
66800 245.611
66900 245.866
67000 246.863
67100 247.327
67200 247.603
67300 247.582
67400 247.861
67500 247.81
67600 249.189
67700 249.339
67800 249.584
67900 250.052
68000 249.812
68100 250.472
68200 249.828
68300 250.579
68400 251.169
68500 250.902
68600 252.219
68700 252.1
68800 252.762
68900 253.362
69000 253.494
69100 254.015
69200 254.978
69300 254.921
69400 255.733
69500 256.212
69600 255.754
69700 255.29
69800 255.146
69900 255.288
70000 255.414
70100 255.25
70200 255.462
70300 254.67
70400 255.501
70500 255.272
70600 255.978
70700 256.33
70800 256.003
70900 256.192
71000 257.347
71100 257.065
71200 257.658
71300 258.422
71400 258.982
71500 258.875
71600 259.169
71700 259.528
71800 259.701
71900 259.47
72000 260.989
72100 261.127
72200 261.162
72300 261.222
72400 262.008
72500 262.168
72600 262.984
72700 263.03
72800 263.146
72900 263.529
73000 263.637
73100 264.12
73200 264.52
73300 264.793
73400 264.969
73500 264.357
73600 264.688
73700 265.694
73800 265.433
73900 265.753
74000 266.333
74100 267.066
74200 267.143
74300 267.427
74400 268.343
74500 268.366
74600 269.005
74700 268.818
74800 269.729
74900 270.083
75000 270.334
75100 270.162
75200 270.791
75300 272.033
75400 272.004
75500 272.127
75600 272.282
75700 272.47
75800 272.705
75900 272.647
76000 272.217
76100 273.221
76200 273.001
76300 273.581
76400 274.492
76500 274.405
76600 275.841
76700 275.395
76800 275.863
76900 275.977
77000 275.939
77100 275.766
77200 275.333
77300 276.51
77400 277.524
77500 278.137
77600 277.762
77700 279.061
77800 277.834
77900 280.001
78000 279.357
78100 280.171
78200 281.067
78300 280.465
78400 281.422
78500 282.024
78600 282.083
78700 283.502
78800 283.603
78900 283.409
79000 284.829
79100 285.063
79200 285.217
79300 286.512
79400 286.325
79500 286.326
79600 287.4
79700 287.445
79800 288.303
79900 288.162
80000 287.857
80100 288.52
80200 288.689
80300 289.336
80400 290.286
80500 290.707
80600 291.086
80700 291.035
80800 290.865
80900 290.633
81000 290.817
81100 290.427
81200 291.07
81300 290.995
81400 291.158
81500 291.752
81600 292.053
81700 292.121
81800 291.444
81900 292.229
82000 292.611
82100 292.743
82200 293.11
82300 293.396
82400 293.856
82500 293.587
82600 294.265
82700 295.127
82800 295.4
82900 297.116
83000 297.318
83100 297.516
83200 298.07
83300 297.231
83400 298.545
83500 299.025
83600 299.864
83700 299.448
83800 300.169
83900 299.856
84000 300.124
84100 300.737
84200 301.395
84300 302.046
84400 303.112
84500 302.912
84600 303.005
84700 302.58
84800 303.59
84900 303.463
85000 304.488
85100 304.746
85200 304.99
85300 304.74
85400 305.827
85500 306.049
85600 305.797
85700 306.258
85800 306.996
85900 308.267
86000 308.776
86100 308.522
86200 309.647
86300 310.002
86400 309.512
86500 311.005
86600 311.16
86700 311.841
86800 311.933
86900 312.813
87000 313.073
87100 313.504
87200 313.937
87300 314.74
87400 314.879
87500 315.453
87600 315.408
87700 316.083
87800 316.16
87900 316.504
88000 317.188
88100 316.17
88200 316.399
88300 317.439
88400 317.05
88500 317.137
88600 317.561
88700 317.709
88800 319.238
88900 319.416
89000 319.408
89100 319.385
89200 319.783
89300 319.899
89400 319.518
89500 319.759
89600 320.065
89700 319.987
89800 320.558
89900 321.144
90000 321.101
90100 322.002
90200 322.223
90300 322.784
90400 323.252
90500 323.521
90600 323.302
90700 323.268
90800 323.685
90900 324.634
91000 324.342
91100 325.283
91200 325.843
91300 326.639
91400 325.934
91500 326.067
91600 325.796
91700 326.487
91800 326.392
91900 326.837
92000 327.241
92100 328.217
92200 329.343
92300 329.216
92400 329.049
92500 330.186
92600 329.498
92700 329.872
92800 330.891
92900 331.133
93000 331.183
93100 331.224
93200 331.082
93300 332.49
93400 333.353
93500 333.037
93600 333.148
93700 333.922
93800 333.773
93900 334.553
94000 334.816
94100 335.024
94200 335.629
94300 335.245
94400 337.154
94500 337.38
94600 337.149
94700 336.668
94800 336.625
94900 337.481
95000 338.176
95100 339.276
95200 339.406
95300 340.777
95400 341.03
95500 341.175
95600 341.014
95700 341.768
95800 341.553
95900 342.913
96000 342.263
96100 342.59
96200 342.487
96300 343.879
96400 344.536
96500 343.474
96600 344.716
96700 345.002
96800 344.998
96900 345.123
97000 345.723
97100 346.396
97200 345.764
97300 346.252
97400 346.303
97500 346.879
97600 347.582
97700 348.657
97800 348.933
97900 349.876
98000 349.387
98100 350.322
98200 350.375
98300 351.238
98400 351.775
98500 351.065
98600 351.724
98700 352.284
98800 352.516
98900 352.459
99000 352.826
99100 354.297
99200 354.899
99300 355.624
99400 355.439
99500 355.52
99600 355.552
99700 355.886
99800 356.543
99900 356.276
100000 356.348
100100 357.798
100200 358.47
100300 358.993
100400 359.599
100500 359.166
100600 358.713
100700 358.085
100800 358.018
100900 358.453
101000 359.106
101100 360.649
101200 360.81
101300 361.469
101400 361.956
101500 361.458
101600 362.799
101700 363.146
101800 363.317
101900 363.075
102000 362.603
102100 363.378
102200 362.347
102300 362.535
102400 363.6
102500 364.869
102600 365.42
102700 364.697
102800 365.533
102900 366.846
103000 368.433
103100 368.465
103200 369.136
103300 368.885
103400 370.007
103500 371.252
103600 371.263
103700 372.052
103800 371.713
103900 371.547
104000 373.408
104100 373.502
104200 374.127
104300 374.817
104400 374.806
104500 375.503
104600 374.671
104700 375.628
104800 375.87
104900 377.584
105000 377.974
105100 378.587
105200 379.241
105300 379.194
105400 380.561
105500 380.558
105600 380.22
105700 381.214
105800 381.127
105900 381.769
106000 382.421
106100 382.359
106200 383.226
106300 382.859
106400 383.37
106500 383.853
106600 384.318
106700 384.073
106800 385.612
106900 386.071
107000 387.107
107100 386.702
107200 387.704
107300 388.518
107400 387.937
107500 388.933
107600 389.157
107700 390.123
107800 390.355
107900 390.118
108000 390.899
108100 390.565
108200 391.128
108300 390.662
108400 391.349
108500 391.268
108600 391.408
108700 392.677
108800 393.048
108900 393.188
109000 393.75
109100 394.403
109200 394.584
109300 395.392
109400 395.21
109500 395.383
109600 395.545
109700 396.096
109800 396.885
109900 397.453
110000 398.944
110100 398.658
110200 399.333
110300 399.728
110400 398.666
110500 399.11
110600 399.977
110700 401.871
110800 401.979
110900 402.612
111000 402.802
111100 403.235
111200 403.933
111300 404.566
111400 404.893
111500 405.155
111600 405.645
111700 405.92
111800 406.797
111900 407.015
112000 405.827
112100 406.599
112200 407.476
112300 407.069
112400 406.651
112500 407.349
112600 406.763
112700 407.335
112800 408.203
112900 408.892
113000 409.793
113100 409.629
113200 410.179
113300 410.946
113400 411.451
113500 411.412
113600 410.526
113700 410.765
113800 410.792
113900 410.773
114000 411.014
114100 410.647
114200 412.253
114300 413.255
114400 413.285
114500 413.34
114600 413.921
114700 415.58
114800 415.318
114900 414.946
115000 416.119
115100 415.712
115200 414.91
115300 415.647
115400 414.518
115500 415.307
115600 415.379
115700 415.657
115800 417.516
115900 416.079
116000 415.056
116100 416.21
116200 416.045
116300 416.833
116400 417.286
116500 417.934
116600 419.845
116700 421.06
116800 420.054
116900 420.848
117000 421.872
117100 421.252
117200 422.252
117300 422.926
117400 423.369
117500 423.515
117600 423.615
117700 424.64
117800 425.078
117900 424.57
118000 425.663
118100 426.722
118200 426.798
118300 426.912
118400 427.09
118500 427.138
118600 427.807
118700 428.612
118800 428.334
118900 428.262
119000 429.673
119100 430.401
119200 429.762
119300 429.535
119400 430.06
119500 430.207
119600 430.5
119700 431.35
119800 432.494
119900 432.433
120000 432.534
120100 433.739
120200 435.054
120300 434.875
120400 435.679
120500 434.856
120600 436.637
120700 436.5
120800 436.61
120900 437.573
121000 436.68
121100 436.877
121200 437.153
121300 437.17
121400 438.317
121500 438.309
121600 439.861
121700 439.416
121800 438.94
121900 439.505
122000 440.305
122100 440.539
122200 440.989
122300 440.444
122400 440.694
122500 441.389
122600 441.162
122700 442.289
122800 442.038
122900 442.443
123000 442.532
123100 443.38
123200 443.988
123300 444.487
123400 444.791
123500 445.378
123600 445.613
123700 446.102
123800 447.074
123900 446.446
124000 447.482
124100 447.735
124200 447.751
124300 448.349
124400 449.72
124500 449.297
124600 449.897
124700 449.651
124800 449.641
124900 450.328
125000 450.676
125100 450.281
125200 450.612
125300 450.547
125400 450.965
125500 451.387
125600 450.58
125700 451.174
125800 452.861
125900 451.889
126000 452.228
126100 453.534
126200 453.696
126300 454.795
126400 455.15
126500 455.515
126600 454.856
126700 454.13
126800 454.664
126900 454.285
127000 455.207
127100 455.266
127200 456.309
127300 456.308
127400 456.711
127500 456.046
127600 457.234
127700 458.375
127800 457.924
127900 458.11
128000 459.543
128100 459.044
128200 460.561
128300 460.292
128400 459.864
128500 459.477
128600 460.314
128700 459.791
128800 460.437
128900 460.855
129000 461.381
129100 462.032
129200 461.742
129300 462.451
129400 462.423
129500 463.52
129600 463.269
129700 464.15
129800 465.414
129900 464.415
130000 465.673
130100 465.633
130200 465.909
130300 466.255
130400 467.1
130500 468.766
130600 469.02
130700 469.706
130800 470.726
130900 471.169
131000 472.211
131100 472.654
131200 472.302
131300 472.516
131400 471.481
131500 472.284
131600 472.887
131700 472.275
131800 472.468
131900 471.831
132000 472.633
132100 473.762
132200 474.183
132300 474.849
132400 476.323
132500 476.25
132600 475.244
132700 475.264
132800 475.021
132900 476.714
133000 477.238
133100 478.673
133200 478.71
133300 479.054
133400 477.477
133500 478.402
133600 478.297
133700 478.654
133800 478.79
133900 479.326
134000 479.905
134100 478.86
134200 480.131
134300 479.889
134400 480.219
134500 481.22
134600 480.889
134700 480.531
134800 481.531
134900 482.129
135000 482.188
135100 481.723
135200 482.646
135300 482.459
135400 483.527
135500 483.143
135600 482.963
135700 484.487
135800 484.487
135900 485.045
136000 485.47
136100 485.989
136200 485.793
136300 486.405
136400 486.545
136500 487.547
136600 487.458
136700 488.221
136800 488.092
136900 488.767
137000 488.561
137100 488.972
137200 489.136
137300 490.521
137400 490.709
137500 489.739
137600 491.36
137700 491.597
137800 491.682
137900 491.535
138000 492.421
138100 491.418
138200 493.576
138300 493.368
138400 494.26
138500 494.926
138600 494.566
138700 493.942
138800 495.887
138900 496.519
139000 495.93
139100 497.234
139200 496.313
139300 497.594
139400 497.99
139500 498.741
139600 498.807
139700 499.528
139800 500.441
139900 501.43
140000 502.025
140100 501.34
140200 501.263
140300 500.799
140400 501.937
140500 502.247
140600 502.899
140700 503.111
140800 504.053
140900 503.452
141000 504.284
141100 505.89
141200 505.172
141300 505.961
141400 507.416
141500 507.511
141600 506.952
141700 506.795
141800 506.706
141900 506.353
142000 506.196
142100 507.55
142200 508.297
142300 508.483
142400 508.842
142500 509.62
142600 508.919
142700 508.655
142800 508.605
142900 509.328
143000 509.211
143100 510.328
143200 510.011
143300 510.232
143400 511.191
143500 511.913
143600 514.083
143700 515.296
143800 515.626
143900 515.117
144000 515.085
144100 516.931
144200 516.15
144300 517.192
144400 517.664
144500 517.316
144600 518.475
144700 518.025
144800 518.631
144900 518.906
145000 519.83
145100 519.956
145200 518.744
145300 519.644
145400 520.391
145500 520.232
145600 520.997
145700 521.407
145800 521.767
145900 521.155
146000 522.357
146100 522.151
146200 523.383
146300 524.345
146400 525.2
146500 524.174
146600 525.124
146700 525.287
146800 525.712
146900 526.313
147000 526.168
147100 526.547
147200 527.219
147300 527.3
147400 528.344
147500 527.828
147600 528.961
147700 529.652
147800 530.409
147900 530.173
148000 528.913
148100 529.22
148200 529.741
148300 529.423
148400 530.625
148500 531.112
148600 531.005
148700 530.371
148800 531.248
148900 532.041
149000 532.743
149100 532.628
149200 532.28
149300 533.503
149400 533.733
149500 533.27
149600 533.563
149700 534.721
149800 535.807
149900 535.406
150000 535.688
150100 535.673
150200 536.06
150300 535.989
150400 535.902
150500 537.116
150600 537.816
150700 538.718
150800 539.122
150900 538.279
151000 540.623
151100 539.611
151200 540.876
151300 541.175
151400 542.649
151500 541.486
151600 541.95
151700 542.094
151800 542.437
151900 541.549
152000 542.01
152100 543.638
152200 543.633
152300 544.227
152400 545.007
152500 545.852
152600 545.548
152700 544.064
152800 545.756
152900 545.31
153000 546.846
153100 547.508
153200 548.367
153300 548.594
153400 547.988
153500 549.407
153600 551.131
153700 550.027
153800 551.611
153900 552.13
154000 553.168
154100 552.861
154200 552.647
154300 553.717
154400 552.506
154500 552.798
154600 552.322
154700 551.238
154800 551.459
154900 552.685
155000 553.199
155100 553.235
155200 551.744
155300 553.968
155400 554.837
155500 555.324
155600 556.02
155700 556.794
155800 557.083
155900 556.835
156000 556.294
156100 556.387
156200 556.321
156300 557.107
156400 556.94
156500 558.231
156600 557.525
156700 559.534
156800 560.659
156900 562.024
157000 561.038
157100 561.251
157200 560.795
157300 561.123
157400 560.387
157500 562.059
157600 562.966
157700 562.066
157800 562.631
157900 563.614
158000 564.001
158100 562.842
158200 563.758
158300 564.718
158400 566.915
158500 566.992
158600 567.432
158700 568.847
158800 569.583
158900 569.553
159000 570.041
159100 570.142
159200 571.498
159300 572.219
159400 572.359
159500 571.873
159600 573.107
159700 573.762
159800 574.032
159900 574.95
160000 576.234
160100 576.934
160200 576.016
160300 576.881
160400 576.538
160500 576.948
160600 576.097
160700 576.873
160800 576.756
160900 577.704
161000 578.49
161100 579.367
161200 579.719
161300 580.214
161400 579.689
161500 580.526
161600 581.719
161700 581.532
161800 581.691
161900 581.023
162000 582.991
162100 581.547
162200 581.379
162300 581.774
162400 582.997
162500 583.701
162600 584.259
162700 584.368
162800 584.352
162900 583.873
163000 583.764
163100 583.929
163200 584.893
163300 584.011
163400 584.515
163500 585.403
163600 586.097
163700 587.888
163800 588.261
163900 588.16
164000 587.702
164100 588.513
164200 589.615
164300 589.61
164400 589.897
164500 587.986
164600 589.656
164700 590.437
164800 590.724
164900 590.83
165000 591.771
165100 592.511
165200 591.786
165300 593.001
165400 593.091
165500 594.67
165600 594.581
165700 594.41
165800 592.775
165900 592.508
166000 593.097
166100 594.478
166200 594.298
166300 594.977
166400 595.22
166500 596.162
166600 596.198
166700 596.634
166800 596.524
166900 595.858
167000 596.443
167100 596.549
167200 597.298
167300 597.411
167400 597.082
167500 597.516
167600 597.677
167700 597.956
167800 598.661
167900 598.041
168000 599.817
168100 600.136
168200 600.674
168300 600.717
168400 601.025
168500 602.329
168600 603.019
168700 604.185
168800 603.527
168900 604.677
169000 605.408
169100 605.356
169200 605.945
169300 606.6
169400 608.42
169500 608.839
169600 609.514
169700 609.566
169800 610.071
169900 610.892
170000 611.255
170100 611.025
170200 611.007
170300 610.768
170400 609.898
170500 611.439
170600 610.951
170700 610.849
170800 611.224
170900 611.815
171000 611.86
171100 612.319
171200 612.072
171300 613.506
171400 614.687
171500 614.047
171600 613.779
171700 614.452
171800 616.358
171900 615.328
172000 615.584
172100 615.54
172200 616.68
172300 618.087
172400 618.564
172500 618.098
172600 618.445
172700 619.592
172800 619.641
172900 618.54
173000 619.569
173100 620.206
173200 621.38
173300 621.333
173400 621.483
173500 623.362
173600 624.616
173700 624.503
173800 624.422
173900 625.693
174000 627.027
174100 626.198
174200 626.548
174300 627.392
174400 627.434
174500 626.106
174600 625.894
174700 625.578
174800 627.648
174900 627.574
175000 627.317
175100 628.586
175200 627.995
175300 629.423
175400 629.216
175500 629.927
175600 629.178
175700 629.128
175800 628.552
175900 630.468
176000 630.989
176100 630.732
176200 629.737
176300 630.463
176400 631.054
176500 631.199
176600 631.448
176700 634.189
176800 633.87
176900 634.439
177000 633.821
177100 634.416
177200 634.738
177300 635.703
177400 635.783
177500 636.966
177600 638.087
177700 639.577
177800 639.154
177900 639.376
178000 639.183
178100 639.376
178200 639.414
178300 639.37
178400 639.978
178500 639.116
178600 639.485
178700 640.457
178800 640.794
178900 640.949
179000 643.035
179100 644.048
179200 645.002
179300 645.049
179400 644.852
179500 645.492
179600 646.279
179700 647.567
179800 647.595
179900 648.568
180000 649.235
180100 650.642
180200 649.684
180300 649.588
180400 650.076
180500 651.052
180600 652.18
180700 653.733
180800 652.944
180900 653.916
181000 655.534
181100 654.154
181200 653.821
181300 653.927
181400 655.154
181500 654.848
181600 653.703
181700 654.927
181800 655.143
181900 654.571
182000 654.297
182100 655.381
182200 656.528
182300 658.503
182400 659.461
182500 660.011
182600 659.989
182700 660.496
182800 660.95
182900 660.103
183000 661.663
183100 661.309
183200 662.417
183300 664.416
183400 663.142
183500 663.602
183600 665.057
183700 662.65
183800 663.509
183900 664.696
184000 664.293
184100 666.121
184200 666.376
184300 666.614
184400 666.957
184500 667.847
184600 667.314
184700 667.762
184800 667.4
184900 667.805
185000 669.414
185100 669.804
185200 668.889
185300 668.79
185400 669.498
185500 670.122
185600 670.574
185700 671.474
185800 670.77
185900 670.812
186000 670.492
186100 670.058
186200 669.337
186300 669.786
186400 670.951
186500 671.789
186600 671.999
186700 672.843
186800 672.549
186900 673.008
187000 672.577
187100 673.056
187200 675.032
187300 674.041
187400 674.519
187500 676.412
187600 675.864
187700 676.216
187800 675.797
187900 676.101
188000 678.262
188100 678.901
188200 678.831
188300 679.918
188400 679.88
188500 682.012
188600 681.592
188700 683.427
188800 682.189
188900 681.045
189000 682.198
189100 682.178
189200 682.294
189300 683.004
189400 683.967
189500 684.641
189600 685.737
189700 684.304
189800 684.718
189900 684.634
190000 684.462
190100 684.378
190200 686.6
190300 685.555
190400 687.082
190500 687.586
190600 686.578
190700 687.804
190800 687.698
190900 688.082
191000 689.266
191100 690.671
191200 689.765
191300 690.537
191400 690.368
191500 690.188
191600 690.387
191700 690.928
191800 690.348
191900 691.324
192000 692.153
192100 692.929
192200 692.566
192300 693.846
192400 694.133
192500 695.05
192600 696.183
192700 696.142
192800 696.314
192900 697.461
193000 696.793
193100 698.732
193200 697.306
193300 698.575
193400 698.156
193500 698.067
193600 698.046
193700 698.736
193800 699.558
193900 699.18
194000 699.886
194100 699.786
194200 700.147
194300 700.815
194400 701.964
194500 702.282
194600 700.804
194700 701.259
194800 703.636
194900 703.785
195000 704.419
195100 704.549
195200 703.938
195300 705.798
195400 705.414
195500 705.675
195600 705.68
195700 706.867
195800 706.873
195900 706.858
196000 705.68
196100 706.117
196200 706.711
196300 707.266
196400 709.985
196500 709.957
196600 709.996
196700 708.782
196800 709.006
196900 709.07
197000 709.982
197100 710.841
197200 711.101
197300 711.326
197400 713.131
197500 713.424
197600 712.248
197700 711.265
197800 712.672
197900 713.38
198000 713.477
198100 713.362
198200 714.141
198300 713.349
198400 714.191
198500 715.096
198600 715.564
198700 715.904
198800 716.552
198900 716.208
199000 716.688
199100 718.07
199200 717.435
199300 718.234
199400 719.307
199500 720.47
199600 719.259
199700 718.167
199800 719.485
199900 720.867
200000 720.633
200100 720.852
200200 719.327
200300 721.51
200400 721.726
200500 723.562
200600 723.75
200700 724.408
200800 725.747
200900 725.721
201000 725.655
201100 727.145
201200 727.509
201300 727.249
201400 727.759
201500 729.085
201600 730.964
201700 729.848
201800 730.856
201900 730.677
202000 731.858
202100 732.708
202200 731.839
202300 733.204
202400 734.385
202500 733.559
202600 734.187
202700 734.512
202800 734.331
202900 735.733
203000 736.143
203100 736.357
203200 735.768
203300 736.64
203400 737.9
203500 737.809
203600 736.809
203700 737.001
203800 737.501
203900 738.475
204000 738.6
204100 739.729
204200 739.727
204300 739.197
204400 738.738
204500 739.482
204600 741.713
204700 741.425
204800 740.172
204900 739.155
205000 740.287
205100 741.523
205200 742.294
205300 742.72
205400 743.515
205500 743.153
205600 743.506
205700 744.214
205800 744.22
205900 744.924
206000 745.246
206100 742.696
206200 743.867
206300 744.435
206400 745.486
206500 746.139
206600 744.806
206700 745.707
206800 745.929
206900 746.334
207000 746.61
207100 747.411
207200 748.72
207300 749.807
207400 749.98
207500 750.016
207600 750.129
207700 749.74
207800 751.284
207900 752.017
208000 751.606
208100 751.531
208200 753.537
208300 753.656
208400 754.722
208500 754.923
208600 755.143
208700 756.124
208800 756.436
208900 757.532
209000 758.749
209100 758.367
209200 758.348
209300 758.677
209400 758.367
209500 758.891
209600 759.592
209700 759.675
209800 761.112
209900 761.787
210000 761.905
210100 761.649
210200 761.505
210300 760.934
210400 762.919
210500 763.349
210600 761.795
210700 762.867
210800 764.018
210900 764.083
211000 763.576
211100 764.071
211200 763.865
211300 763.871
211400 764.652
211500 765.682
211600 766.486
211700 765.237
211800 766.701
211900 767.917
212000 767.703
212100 769.04
212200 769.655
212300 768.556
212400 768.817
212500 768.484
212600 770.915
212700 771.179
212800 770.412
212900 770.922
213000 771.992
213100 771.404
213200 772.33
213300 772.13
213400 772.397
213500 774.235
213600 774.837
213700 774.073
213800 774.025
213900 774.168
214000 773.363
214100 775.396
214200 775.258
214300 776.373
214400 775.727
214500 775.654
214600 774.885
214700 776.356
214800 777.497
214900 778.565
215000 778.16
215100 779.264
215200 779.69
215300 778.07
215400 779.14
215500 780.362
215600 780.685
215700 781.165
215800 780.865
215900 780.984
216000 781.017
216100 781.981
216200 782.812
216300 782.679
216400 782.535
216500 783.438
216600 785.061
216700 785.298
216800 784.919
216900 786.598
217000 787.591
217100 787.429
217200 788.032
217300 788.236
217400 788.507
217500 786.964
217600 788.691
217700 790.265
217800 790.128
217900 789.777
218000 788.72
218100 788.243
218200 788.675
218300 788.897
218400 790.812
218500 792.694
218600 791.445
218700 792.359
218800 792.218
218900 791.773
219000 793.915
219100 792.582
219200 792.376
219300 793.018
219400 794.212
219500 794.451
219600 795.841
219700 795.599
219800 796.624
219900 796.897
220000 798.334
220100 799.614
220200 800.088
220300 799.343
220400 799.228
220500 800.565
220600 801.15
220700 801.048
220800 803.003
220900 802.277
221000 803.022
221100 802.69
221200 802.21
221300 802.245
221400 803.299
221500 801.835
221600 803.764
221700 804.002
221800 803.306
221900 803.438
222000 804.16
222100 803.373
222200 804.086
222300 802.876
222400 803.593
222500 804.604
222600 805.172
222700 803.538
222800 804.711
222900 804.511
223000 804.068
223100 806.189
223200 806.087
223300 807.099
223400 806.447
223500 807.195
223600 809.103
223700 809.138
223800 808.005
223900 809.284
224000 808.893
224100 808.934
224200 807.445
224300 808.919
224400 808.279
224500 808.641
224600 809.508
224700 808.926
224800 808.046
224900 810.21
225000 810.982
225100 811.485
225200 811.951
225300 812.115
225400 812.307
225500 812.742
225600 812.743
225700 812.878
225800 813.418
225900 814.257
226000 816.727
226100 815.6
226200 816.056
226300 816.375
226400 817.428
226500 816.922
226600 815.435
226700 816.356
226800 817.365
226900 815.59
227000 815.857
227100 817.011
227200 817.129
227300 816.667
227400 817.424
227500 817.354
227600 816.023
227700 817.886
227800 819.167
227900 818.955
228000 819.897
228100 820.723
228200 821.164
228300 822.153
228400 822.34
228500 820.482
228600 821.742
228700 821.082
228800 821.206
228900 820.468
229000 821.968
229100 823.153
229200 823.911
229300 824.768
229400 823.803
229500 824.6
229600 824.608
229700 823.788
229800 824.484
229900 825.165
230000 825.731
230100 826.414
230200 825.316
230300 826.093
230400 827.018
230500 826.815
230600 827.713
230700 827.374
230800 828.151
230900 828.062
231000 829.005
231100 829.714
231200 830.368
231300 828.833
231400 831.532
231500 830.682
231600 831.869
231700 831.593
231800 832.187
231900 832.632
232000 832.248
232100 832.544
232200 832.918
232300 831.776
232400 832.775
232500 832.693
232600 834.71
232700 835.177
232800 836.234
232900 836.277
233000 835.654
233100 836.102
233200 836.929
233300 837.233
233400 837.56
233500 837.809
233600 838.383
233700 840.143
233800 840.683
233900 839.878
234000 839.455
234100 839.793
234200 840.521
234300 840.574
234400 840.895
234500 842.834
234600 842.159
234700 843.489
234800 843.449
234900 843.352
235000 844.148
235100 844.094
235200 844.175
235300 845.033
235400 845.062
235500 844.665
235600 845
235700 846.492
235800 846.808
235900 846.609
236000 848.256
236100 848.088
236200 849.083
236300 849.854
236400 849.923
236500 850.543
236600 850.813
236700 850.303
236800 850.743
236900 851.483
237000 850.958
237100 851.952
237200 851.885
237300 853.277
237400 854.051
237500 854.395
237600 854.819
237700 854.617
237800 854.503
237900 854.231
238000 855.821
238100 855.774
238200 855.634
238300 856.712
238400 856.755
238500 856.987
238600 856.873
238700 857.542
238800 858.915
238900 858.475
239000 858.326
239100 859.896
239200 859.309
239300 858.717
239400 861.027
239500 861.745
239600 861.829
239700 862.621
239800 861.372
239900 863.752
240000 864.162
240100 863.712
240200 864.836
240300 864.38
240400 866.057
240500 866.897
240600 867.284
240700 866.937
240800 868.408
240900 868.095
241000 869.01
241100 868.386
241200 867.983
241300 867.588
241400 869.322
241500 869.426
241600 868.794
241700 869.815
241800 870.305
241900 870.651
242000 870.378
242100 870.134
242200 870.899
242300 870.394
242400 869.57
242500 870.83
242600 871.679
242700 873.311
242800 873.189
242900 872.987
243000 873.253
243100 873.82
243200 873.799
243300 874.377
243400 873.925
243500 873.986
243600 873.641
243700 873.958
243800 873.48
243900 875.466
244000 876.425
244100 875.932
244200 876.159
244300 877.111
244400 877.066
244500 877.913
244600 878.247
244700 878.826
244800 878.075
244900 877.556
245000 876.977
245100 877.4
245200 877.795
245300 877.593
245400 879.114
245500 878.18
245600 879.982
245700 880.054
245800 881.198
245900 881.425
246000 881.62
246100 882.342
246200 884.395
246300 883.954
246400 884.226
246500 885.359
246600 884.346
246700 885.815
246800 886.535
246900 886.512
247000 886.618
247100 887.51
247200 888.692
247300 888.193
247400 889.403
247500 890.548
247600 890.787
247700 892.202
247800 891.716
247900 891.737
248000 891.528
248100 891.688
248200 892.174
248300 891.814
248400 892.727
248500 894.473
248600 894.223
248700 894.221
248800 894.158
248900 893.153
249000 894.743
249100 894.056
249200 896.083
249300 896.273
249400 896.519
249500 897.25
249600 896.317
249700 896.784
249800 897.266
249900 897.978
250000 898.367
250100 898.574
250200 898.141
250300 898.037
250400 897.397
250500 900.595
250600 900.76
250700 901.327
250800 901.981
250900 901.471
251000 901.95
251100 903.858
251200 903.98
251300 904.903
251400 906.022
251500 906.093
251600 907.985
251700 907.969
251800 906.148
251900 907.465
252000 906.732
252100 907.536
252200 907.859
252300 910.042
252400 911.718
252500 910.584
252600 912.132
252700 912.936
252800 914.221
252900 915.074
253000 917.408
253100 918.102
253200 916.403
253300 916.342
253400 917.486
253500 917.329
253600 917.099
253700 917.438
253800 916.743
253900 917.809
254000 920.916
254100 919.908
254200 919.379
254300 921.545
254400 922.487
254500 922.234
254600 922.158
254700 922.742
254800 922.048
254900 923.743
255000 922.625
255100 925.121
255200 926.173
255300 925.799
255400 925.935
255500 925.594
255600 925.652
255700 924.841
255800 925.014
255900 926.917
256000 925.038
256100 924.712
256200 925.579
256300 927.13
256400 926.753
256500 928.208
256600 929.066
256700 928.71
256800 929.033
256900 929.691
257000 929.14
257100 930.702
257200 930.434
257300 929.774
257400 930.471
257500 932.775
257600 933.521
257700 932.347
257800 931.373
257900 933.887
258000 934.556
258100 935.638
258200 936.321
258300 936.415
258400 934.501
258500 935.502
258600 936.22
258700 936.699
258800 936.809
258900 937.231
259000 938.324
259100 938.448
259200 939.796
259300 940.681
259400 941.501
259500 940.859
259600 940.572
259700 940.311
259800 940.598
259900 942.003
260000 943.125
260100 944.196
260200 942.527
260300 943.511
260400 944.863
260500 944.835
260600 946.123
260700 946.285
260800 946.513
260900 946.147
261000 944.939
261100 945.342
261200 944.642
261300 944.968
261400 946.582
261500 946.124
261600 947.72
261700 948.282
261800 948.23
261900 949.582
262000 949.109
262100 949.182
262200 949.016
262300 950.497
262400 951.772
262500 952.013
262600 951.922
262700 952.359
262800 953.935
262900 953.697
263000 953.389
263100 954.881
263200 956.257
263300 955.728
263400 954.553
263500 954.56
263600 953.889
263700 954.269
263800 954.447
263900 954.66
264000 956.631
264100 956.789
264200 957.067
264300 956.521
264400 959.557
264500 956.444
264600 957.085
264700 958.219
264800 957.527
264900 957.784
265000 958.806
265100 961.073
265200 961.312
265300 961.152
265400 962.325
265500 961.684
265600 961.167
265700 962.41
265800 962.849
265900 962.965
266000 964.71
266100 964.232
266200 964.218
266300 963.373
266400 964.244
266500 965.686
266600 966.695
266700 965.398
266800 965.05
266900 965.649
267000 966.304
267100 967.885
267200 968.091
267300 968.488
267400 969.995
267500 970.557
267600 971.147
267700 972.31
267800 971.325
267900 972.564
268000 974.402
268100 975.493
268200 975.556
268300 974.669
268400 975.482
268500 975.316
268600 973.619
268700 973.591
268800 974.96
268900 975.65
269000 975.328
269100 976.707
269200 976.616
269300 978.632
269400 978.319
269500 978.065
269600 979.224
269700 978.865
269800 980.824
269900 981.936
270000 981.577
270100 980.179
270200 980.594
270300 980.795
270400 979.768
270500 980.135
270600 978.756
270700 979.501
270800 980.953
270900 981.276
271000 980.877
271100 981.557
271200 981.886
271300 985.321
271400 984.357
271500 984.08
271600 984.619
271700 984.977
271800 984.907
271900 986.45
272000 986.109
272100 986.425
272200 985.923
272300 986.087
272400 986.514
272500 986.184
272600 987.325
272700 987.144
272800 987.346
272900 987.67
273000 987.75
273100 987.142
273200 990.204
273300 991.857
273400 990.315
273500 990.89
273600 992.199
273700 990.701
273800 992.035
273900 993.935
274000 994.374
274100 994.731
274200 994.639
274300 994.057
274400 995.051
274500 995.759
274600 995.236
274700 995.532
274800 997.065
274900 998.503
275000 998.212
275100 997.641
275200 998.736
275300 999.508
275400 1000.89
275500 1001.65
275600 1000.95
275700 1001.68
275800 1000.72
275900 1000.73
276000 1000.81
276100 1000.9
276200 1001.33
276300 1000.96
276400 1003.94
276500 1005.21
276600 1004.4
276700 1005.3
276800 1005.34
276900 1005.95
277000 1007.16
277100 1007.74
277200 1005.9
277300 1007.47
277400 1006.29
277500 1006.65
277600 1005.7
277700 1004.33
277800 1006.48
277900 1006.28
278000 1006.65
278100 1006.86
278200 1006.81
278300 1007.51
278400 1008.79
278500 1007.21
278600 1008.01
278700 1008.35
278800 1008.7
278900 1007.71
279000 1007.43
279100 1008.11
279200 1008.88
279300 1008.84
279400 1009.36
279500 1009.73
279600 1010.03
279700 1010.8
279800 1011.53
279900 1011.4
280000 1011.56
280100 1011.99
280200 1011.31
280300 1010.23
280400 1011.79
280500 1012.44
280600 1011.38
280700 1013.27
280800 1012.44
280900 1012.73
281000 1014.04
281100 1015.03
281200 1015.44
281300 1015.54
281400 1014.9
281500 1014.93
281600 1013.79
281700 1013.97
281800 1014.37
281900 1015.59
282000 1015.45
282100 1013.6
282200 1014.35
282300 1015.78
282400 1016.42
282500 1018.12
282600 1019.45
282700 1020.13
282800 1020
282900 1019
283000 1018.61
283100 1020.16
283200 1019.63
283300 1019.75
283400 1021.82
283500 1020.96
283600 1020.98
283700 1021.09
283800 1020.83
283900 1020.78
284000 1020.88
284100 1020.5
284200 1022.04
284300 1021.79
284400 1023.1
284500 1022.72
284600 1024.02
284700 1023.82
284800 1024.4
284900 1024.1
285000 1025.36
285100 1025.83
285200 1026.66
285300 1026.71
285400 1025.81
285500 1026.74
285600 1027.16
285700 1027.14
285800 1026.65
285900 1029.06
286000 1029.73
286100 1030.03
286200 1029.1
286300 1028.4
286400 1027.46
286500 1029.1
286600 1029.06
286700 1029.6
286800 1030.42
286900 1030.81
287000 1031.63
287100 1032.41
287200 1031.76
287300 1031.92
287400 1033.08
287500 1033.91
287600 1033.46
287700 1033.38
287800 1032.92
287900 1034.08
288000 1033.67
288100 1033.25
288200 1033.96
288300 1033.25
288400 1034.49
288500 1035.62
288600 1035.37
288700 1036.94
288800 1037.14
288900 1037.37
289000 1036.82
289100 1037.72
289200 1036.93
289300 1037.04
289400 1038.09
289500 1037.45
289600 1037.63
289700 1038.89
289800 1041.08
289900 1041.11
290000 1039.14
290100 1041.08
290200 1042.38
290300 1042.8
290400 1042.94
290500 1043.54
290600 1042.4
290700 1042.72
290800 1041.39
290900 1043.79
291000 1044.05
291100 1043.19
291200 1044.65
291300 1043.47
291400 1043.72
291500 1043.82
291600 1041.9
291700 1041.09
291800 1041.62
291900 1042.23
292000 1042.32
292100 1041.23
292200 1042.96
292300 1043.22
292400 1043.21
292500 1045.47
292600 1045.82
292700 1045.71
292800 1044.87
292900 1046.78
293000 1047.62
293100 1046.81
293200 1047.35
293300 1049.73
293400 1048.28
293500 1048.35
293600 1049.4
293700 1048.97
293800 1050.63
293900 1049.04
294000 1049.18
294100 1049.86
294200 1050.51
294300 1051.85
294400 1051.6
294500 1051.29
294600 1052.62
294700 1051.51
294800 1052.55
294900 1051.09
295000 1052.71
295100 1052.29
295200 1052.55
295300 1053.04
295400 1052.55
295500 1052.96
295600 1052.93
295700 1055.5
295800 1055.06
295900 1054.22
296000 1055.2
296100 1056.06
296200 1056.18
296300 1056.87
296400 1055.41
296500 1056.2
296600 1056.02
296700 1055.39
296800 1057.11
296900 1058.24
297000 1058.02
297100 1058.94
297200 1059.29
297300 1060.72
297400 1061.16
297500 1060.81
297600 1059.72
297700 1059.79
297800 1059.86
297900 1061.02
298000 1061.37
298100 1061.32
298200 1062.59
298300 1061.89
298400 1060.93
298500 1061.98
298600 1063.22
298700 1063.82
298800 1063.3
298900 1063.76
299000 1065.59
299100 1065.64
299200 1065.97
299300 1065.62
299400 1066.76
299500 1065.75
299600 1066.13
299700 1066.51
299800 1066.85
299900 1066.1
300000 1068.03
300100 1066.8
300200 1066.02
300300 1065.29
300400 1065.8
300500 1068.04
300600 1066.72
300700 1069.24
300800 1067.98
300900 1069.82
301000 1070.42
301100 1072.2
301200 1073.4
301300 1073.44
301400 1072.08
301500 1071.93
301600 1071.49
301700 1072.4
301800 1072.02
301900 1071.89
302000 1074.59
302100 1074.17
302200 1075.93
302300 1076.41
302400 1078.92
302500 1079.38
302600 1078.38
302700 1079.33
302800 1079.07
302900 1080.57
303000 1081.39
303100 1080.74
303200 1081.55
303300 1081.92
303400 1081.11
303500 1080.62
303600 1081.03
303700 1081.33
303800 1083.22
303900 1082.33
304000 1081.66
304100 1082.22
304200 1082.74
304300 1083.55
304400 1084.05
304500 1085.71
304600 1085.54
304700 1086.7
304800 1085.61
304900 1087.55
305000 1087.15
305100 1086.62
305200 1086.89
305300 1087.77
305400 1087.32
305500 1086.38
305600 1084.63
305700 1085.33
305800 1086.3
305900 1086.64
306000 1086.37
306100 1086.9
306200 1087.25
306300 1087.95
306400 1088.3
306500 1089.99
306600 1089.67
306700 1089.49
306800 1087.86
306900 1089.77
307000 1088.64
307100 1090.07
307200 1090.14
307300 1090.19
307400 1090.81
307500 1091.55
307600 1091.62
307700 1091.45
307800 1091.77
307900 1092.66
308000 1093.18
308100 1092.26
308200 1091.92
308300 1093.28
308400 1093.58
308500 1092.42
308600 1092.58
308700 1094.84
308800 1094.83
308900 1095.5
309000 1095.29
309100 1097.54
309200 1095.55
309300 1096.84
309400 1097.37
309500 1096.12
309600 1096.79
309700 1096.23
309800 1096.87
309900 1095.37
310000 1096.11
310100 1098.12
310200 1100.17
310300 1100.18
310400 1100.09
310500 1100.29
310600 1099.81
310700 1101.1
310800 1101.52
310900 1101.29
311000 1102.53
311100 1102.2
311200 1102.59
311300 1102.48
311400 1101.46
311500 1100.84
311600 1101.59
311700 1102.37
311800 1102.56
311900 1104.22
312000 1103.39
312100 1103.32
312200 1104.23
312300 1105.5
312400 1106.16
312500 1106.51
312600 1107.07
312700 1106.93
312800 1107.62
312900 1106.26
313000 1106.55
313100 1107.91
313200 1105.26
313300 1105.94
313400 1106.77
313500 1107.74
313600 1108.32
313700 1107.36
313800 1107.77
313900 1107
314000 1107.43
314100 1108.31
314200 1107.8
314300 1106.26
314400 1107.04
314500 1109.89
314600 1110.35
314700 1111.05
314800 1111.58
314900 1113.94
315000 1112.7
315100 1113.14
315200 1113.65
315300 1112.97
315400 1113.44
315500 1112.92
315600 1112.65
315700 1112.98
315800 1112.18
315900 1111.26
316000 1112.83
316100 1115.3
316200 1114.62
316300 1114.17
316400 1116.04
316500 1115.08
316600 1116.4
316700 1117.63
316800 1116.66
316900 1118.29
317000 1118.52
317100 1120.16
317200 1121.41
317300 1120.71
317400 1122.17
317500 1121.91
317600 1124.91
317700 1124.59
317800 1123.72
317900 1125.43
318000 1126.01
318100 1125.51
318200 1125.47
318300 1125.31
318400 1125.68
318500 1127
318600 1127.29
318700 1127.68
318800 1128.4
318900 1127.63
319000 1127.47
319100 1126.51
319200 1128.33
319300 1129.6
319400 1129.11
319500 1128.38
319600 1127.65
319700 1128.8
319800 1128.84
319900 1127.54
320000 1128.61
320100 1130.36
320200 1131.18
320300 1129.98
320400 1131.1
320500 1133.48
320600 1133.5
320700 1133.36
320800 1134.25
320900 1135.78
321000 1134.79
321100 1135.99
321200 1135.13
321300 1136.26
321400 1135.7
321500 1136.1
321600 1136.66
321700 1137.46
321800 1137.46
321900 1139.21
322000 1140.48
322100 1139.77
322200 1138.74
322300 1137.51
322400 1138.86
322500 1138.64
322600 1140.28
322700 1138.82
322800 1139.95
322900 1139.86
323000 1139.7
323100 1140.84
323200 1140.86
323300 1139.68
323400 1140.75
323500 1139.52
323600 1139.63
323700 1140.58
323800 1140.54
323900 1139.68
324000 1139.41
324100 1139.1
324200 1138.53
324300 1139.25
324400 1139.29
324500 1139.69
324600 1140.28
324700 1142.07
324800 1142.82
324900 1141
325000 1139.93
325100 1139.74
325200 1140.47
325300 1140.7
325400 1139.11
325500 1140.37
325600 1142.65
325700 1142.94
325800 1143.73
325900 1145.94
326000 1145.89
326100 1145.34
326200 1144.61
326300 1143.73
326400 1145.01
326500 1144.28
326600 1144.27
326700 1143
326800 1143
326900 1143.51
327000 1142.7
327100 1145.07
327200 1147.73
327300 1148.03
327400 1149.47
327500 1149.22
327600 1149.21
327700 1149.23
327800 1150.19
327900 1150.14
328000 1149.98
328100 1149.31
328200 1148.93
328300 1149.17
328400 1150.64
328500 1151.99
328600 1151.47
328700 1152
328800 1152.1
328900 1151.1
329000 1151.61
329100 1150.83
329200 1151.58
329300 1153.68
329400 1153.41
329500 1154.15
329600 1154.38
329700 1155.73
329800 1155.07
329900 1156.28
330000 1158.31
330100 1157.77
330200 1159.92
330300 1160.69
330400 1161.08
330500 1161.53
330600 1161.2
330700 1163.1
330800 1162.97
330900 1162.89
331000 1164.37
331100 1163.61
331200 1166.21
331300 1167.94
331400 1166.76
331500 1168.56
331600 1167.88
331700 1168.58
331800 1168.48
331900 1170.27
332000 1170.56
332100 1167.47
332200 1168.44
332300 1169.67
332400 1170.81
332500 1170.9
332600 1171.59
332700 1171.82
332800 1173.59
332900 1172.11
333000 1172.08
333100 1171.79
333200 1173.13
333300 1172.08
333400 1173.24
333500 1172.88
333600 1172.78
333700 1175.35
333800 1173.45
333900 1174.92
334000 1175.78
334100 1175.65
334200 1176.55
334300 1176.33
334400 1178.49
334500 1179.41
334600 1177.53
334700 1180.52
334800 1180.81
334900 1180.76
335000 1181.13
335100 1180.51
335200 1181.12
335300 1179.65
335400 1180.96
335500 1180.51
335600 1181.29
335700 1182.39
335800 1183.5
335900 1185.2
336000 1184.7
336100 1185.77
336200 1184.97
336300 1185.79
336400 1185.86
336500 1189.38
336600 1188.45
336700 1186.68
336800 1188
336900 1189.47
337000 1190.14
337100 1190.8
337200 1191.46
337300 1192.63
337400 1191.84
337500 1191.37
337600 1191.27
337700 1193.42
337800 1192.31
337900 1191.06
338000 1191.16
338100 1191.1
338200 1191.97
338300 1191.98
338400 1194.64
338500 1194.48
338600 1194.39
338700 1193.45
338800 1193.67
338900 1194.58
339000 1193.5
339100 1194.92
339200 1195.63
339300 1195.3
339400 1197.49
339500 1197.67
339600 1197.91
339700 1199.35
339800 1199.79
339900 1200.09
340000 1200.58
340100 1200.76
340200 1200.39
340300 1201.64
340400 1199.75
340500 1199.45
340600 1199.96
340700 1200.68
340800 1202.43
340900 1201.82
341000 1202.05
341100 1201.78
341200 1203.55
341300 1203.38
341400 1203.12
341500 1204.31
341600 1203.28
341700 1202.71
341800 1205.34
341900 1204.23
342000 1205.88
342100 1207.29
342200 1207.71
342300 1207.43
342400 1209.52
342500 1208.54
342600 1207.46
342700 1208.95
342800 1210.14
342900 1210.48
343000 1211.79
343100 1212.19
343200 1212.03
343300 1211.42
343400 1210.74
343500 1211.34
343600 1213.3
343700 1214
343800 1213.84
343900 1213.75
344000 1214.27
344100 1214.49
344200 1215.79
344300 1216.58
344400 1216.47
344500 1216.36
344600 1217.59
344700 1217.72
344800 1217.44
344900 1218.91
345000 1218.65
345100 1220.43
345200 1220.6
345300 1219.69
345400 1218.78
345500 1218.09
345600 1220.37
345700 1220.15
345800 1217.75
345900 1218.48
346000 1219.73
346100 1219.21
346200 1218.49
346300 1218.19
346400 1218.13
346500 1218.74
346600 1221.14
346700 1220.86
346800 1220.09
346900 1222.71
347000 1221.47
347100 1222.97
347200 1222.61
347300 1222
347400 1221.93
347500 1221.62
347600 1220.21
347700 1222.92
347800 1222.68
347900 1223.38
348000 1223.94
348100 1224.7
348200 1224.66
348300 1225.83
348400 1225.15
348500 1223.93
348600 1225.15
348700 1227.14
348800 1226.51
348900 1226.48
349000 1225.64
349100 1228.63
349200 1228.2
349300 1227.87
349400 1229.97
349500 1231.66
349600 1232.05
349700 1231.5
349800 1230.87
349900 1229.99
350000 1229.9
