# Time-averaged data for fix all_msd
# TimeStep c_msd1[4]
0 2.04939e-29
100 0.439176
200 0.673452
300 0.958215
400 1.26033
500 1.56337
600 1.9418
700 2.3677
800 2.77339
900 3.32999
1000 3.92296
1100 4.39109
1200 4.79598
1300 5.15982
1400 5.54133
1500 5.90264
1600 6.38651
1700 6.73387
1800 7.11366
1900 7.30144
2000 7.77703
2100 8.33052
2200 8.88334
2300 9.26093
2400 9.71731
2500 10.2423
2600 10.4201
2700 10.8153
2800 11.2838
2900 11.6516
3000 11.8202
3100 12.2021
3200 12.6656
3300 13.1956
3400 13.5695
3500 13.9796
3600 14.1493
3700 14.3323
3800 14.8905
3900 15.2848
4000 15.3046
4100 15.8085
4200 16.2692
4300 16.6611
4400 17.0639
4500 17.2842
4600 17.6021
4700 17.7975
4800 18.0575
4900 18.4437
5000 18.8304
5100 18.9764
5200 19.305
5300 19.4985
5400 20.1127
5500 20.4126
5600 20.5936
5700 20.7331
5800 20.9388
5900 21.3881
6000 21.803
6100 22.2515
6200 22.7611
6300 22.9672
6400 23.3901
6500 23.7682
6600 24.2399
6700 24.8213
6800 25.4688
6900 25.9259
7000 26.3035
7100 26.5315
7200 26.684
7300 27.0229
7400 27.8753
7500 28.5095
7600 28.6652
7700 28.9489
7800 29.4256
7900 29.867
8000 30.3407
8100 30.8315
8200 30.9255
8300 31.4141
8400 31.9263
8500 32.266
8600 32.6192
8700 32.7675
8800 33.3502
8900 33.7255
9000 34.0136
9100 34.3741
9200 34.5705
9300 35.005
9400 35.4716
9500 35.7642
9600 36.1251
9700 36.7464
9800 37.1229
9900 37.4126
10000 37.4773
10100 37.4701
10200 37.6719
10300 37.9257
10400 38.4017
10500 38.9274
10600 39.2187
10700 39.5791
10800 39.7332
10900 40.5407
11000 40.7128
11100 40.7525
11200 40.9163
11300 41.4473
11400 41.5814
11500 41.8568
11600 42.4407
11700 43.014
11800 43.2532
11900 43.9466
12000 43.8237
12100 44.474
12200 44.7992
12300 44.9817
12400 45.1284
12500 45.7299
12600 46.488
12700 46.8985
12800 47.1261
12900 47.6311
13000 47.8848
13100 48.2864
13200 48.3663
13300 48.9353
13400 49.2669
13500 49.8796
13600 50.117
13700 50.295
13800 50.7675
13900 50.6555
14000 51.2647
14100 51.8396
14200 52.1889
14300 52.1443
14400 52.4012
14500 52.6382
14600 52.9764
14700 53.4792
14800 54.2762
14900 54.7467
15000 54.9217
15100 55.3534
15200 55.6114
15300 56.0065
15400 56.4552
15500 56.6889
15600 57.0177
15700 57.1398
15800 57.2329
15900 57.4536
16000 58.1219
16100 58.0215
16200 58.2522
16300 58.5524
16400 59.2518
16500 60.0509
16600 60.6475
16700 60.7736
16800 61.4258
16900 61.4808
17000 61.9808
17100 62.6274
17200 62.6932
17300 62.9211
17400 63.3337
17500 63.5809
17600 63.918
17700 64.908
17800 65.0393
17900 65.1654
18000 65.3099
18100 65.9205
18200 65.8111
18300 66.3342
18400 67.231
18500 67.5222
18600 67.9852
18700 68.2147
18800 68.0116
18900 68.4629
19000 68.8564
19100 69.3511
19200 69.869
19300 70.5163
19400 71.2118
19500 72.0179
19600 71.8838
19700 72.6274
19800 72.6821
19900 72.5015
20000 72.8674
20100 73.3797
20200 74.3978
20300 74.8693
20400 74.7961
20500 75.1464
20600 75.3397
20700 76.3045
20800 76.5525
20900 76.6338
21000 77.1088
21100 76.905
21200 76.8573
21300 77.4196
21400 77.9409
21500 78.2477
21600 78.4626
21700 78.521
21800 78.8265
21900 79.6811
22000 79.7874
22100 80.3621
22200 81.0225
22300 81.3117
22400 81.4614
22500 81.9373
22600 82.4079
22700 83.2988
22800 83.788
22900 84.6079
23000 85.1789
23100 85.345
23200 85.5591
23300 86.6068
23400 86.7981
23500 86.8752
23600 87.4462
23700 88.0946
23800 88.22
23900 88.4038
24000 88.7646
24100 88.7564
24200 89.314
24300 89.8971
24400 90.2581
24500 90.4715
24600 91.2465
24700 91.6286
24800 91.979
24900 92.3366
25000 92.8716
25100 93.0577
25200 93.4833
25300 94.1637
25400 94.5663
25500 94.7959
25600 95.2726
25700 95.8318
25800 96.7428
25900 97.0833
26000 96.8486
26100 97.3081
26200 97.4158
26300 97.6635
26400 98.4118
26500 98.6692
26600 98.9805
26700 98.8951
26800 99.8823
26900 100.196
27000 100.408
27100 100.709
27200 101.239
27300 102.272
27400 102.352
27500 103.411
27600 103.41
27700 103.4
27800 102.939
27900 103.926
28000 104.303
28100 104.511
28200 104.948
28300 105.407
28400 105.772
28500 105.852
28600 106.789
28700 107.42
28800 107.581
28900 108.048
29000 108.138
29100 108.543
29200 108.782
29300 109.373
29400 109.975
29500 110.456
29600 110.691
29700 110.583
29800 110.822
29900 111.305
30000 112.051
30100 112.801
30200 113.337
30300 113.407
30400 114.158
30500 114.223
30600 114.174
30700 114.667
30800 115.518
30900 116.033
31000 116.371
31100 116.659
31200 116.549
31300 117.09
31400 116.801
31500 116.558
31600 116.733
31700 116.73
31800 116.775
31900 117.733
32000 118.658
32100 118.611
32200 118.79
32300 119.752
32400 119.974
32500 120.095
32600 120.541
32700 121.161
32800 122.089
32900 122.271
33000 122.354
33100 122.745
33200 123.757
33300 123.774
33400 124.336
33500 124.498
33600 124.845
33700 125.468
33800 125.977
33900 126.559
34000 126.209
34100 126.923
34200 127.391
34300 128.362
34400 128.05
34500 128.46
34600 128.806
34700 129.488
34800 129.874
34900 130.323
35000 130.354
35100 130.445
35200 130.883
35300 131.33
35400 131.731
35500 131.837
35600 131.851
35700 132.823
35800 132.536
35900 132.538
36000 132.952
36100 133.573
36200 133.801
36300 134.592
36400 135.341
36500 135.448
36600 136.126
36700 135.917
36800 135.947
36900 135.853
37000 136.428
37100 136.71
37200 137.073
37300 137.508
37400 137.948
37500 138.759
37600 138.82
37700 139.463
37800 140.227
37900 140.244
38000 140.411
38100 140.744
38200 141.464
38300 142.364
38400 143.028
38500 144.063
38600 144.629
38700 144.676
38800 145.104
38900 145.02
39000 145.43
39100 145.788
39200 146.499
39300 146.687
39400 146.919
39500 147.363
39600 147.562
39700 147.146
39800 148.322
39900 147.897
40000 148.136
40100 148.332
40200 149.091
40300 149.217
40400 149.926
40500 149.627
40600 149.865
40700 150.663
40800 151.124
40900 151.421
41000 151.145
41100 151.38
41200 151.411
41300 151.51
41400 152.145
41500 152.49
41600 153.038
41700 153.348
41800 153.616
41900 153.502
42000 153.615
42100 153.84
42200 154.133
42300 155.095
42400 155.25
42500 155.981
42600 156.396
42700 156.567
42800 156.993
42900 156.962
43000 157.43
43100 157.976
43200 158.355
43300 158.378
43400 159.314
43500 160.223
43600 160.174
43700 160.784
43800 161.735
43900 161.632
44000 162.429
44100 162.15
44200 162.695
44300 163.117
44400 163.295
44500 163.071
44600 164.174
44700 164.06
44800 165.067
44900 165.012
45000 165.435
45100 165.969
45200 165.821
45300 166.074
45400 165.882
45500 166.622
45600 166.957
45700 167.801
45800 168.213
45900 168.941
46000 168.764
46100 170.037
46200 170.434
46300 170.508
46400 170.862
46500 170.83
46600 171.213
46700 170.982
46800 172.429
46900 172.986
47000 172.959
47100 173.464
47200 174.474
47300 174.97
47400 175.013
47500 175.804
47600 176.292
47700 176.346
47800 177.004
47900 177.666
48000 178.025
48100 178.862
48200 178.972
48300 178.937
48400 179.183
48500 178.951
48600 179.47
48700 179.304
48800 179.977
48900 180.339
49000 180.144
49100 180.895
49200 181.223
49300 182.185
49400 182.818
49500 183.295
49600 183.95
49700 183.913
49800 184.654
49900 185.047
50000 185.505
50100 186.188
50200 186.59
50300 186.687
50400 187.485
50500 187.713
50600 187.521
50700 188.093
50800 188.405
50900 187.811
51000 188.449
51100 189.262
51200 190.189
51300 189.943
51400 190.855
51500 191.074
51600 191.069
51700 191.529
51800 192.109
51900 193.329
52000 193.423
52100 193.471
52200 194.014
52300 194.516
52400 194.96
52500 194.922
52600 194.792
52700 195.394
52800 195.956
52900 196.356
53000 196.441
53100 196.049
53200 197.158
53300 197.242
53400 197.467
53500 197.671
53600 198.163
53700 198.259
53800 198.646
53900 198.647
54000 198.6
54100 199.699
54200 199.432
54300 200.293
54400 200.905
54500 200.886
54600 201.35
54700 201.885
54800 202.607
54900 202.64
55000 204.013
55100 204.519
55200 204.925
55300 204.807
55400 205.013
55500 206.789
55600 207.054
55700 207.082
55800 207.758
55900 207.897
56000 208.829
56100 208.91
56200 210.049
56300 210.578
56400 211.553
56500 211.382
56600 212.588
56700 212.911
56800 213.109
56900 212.938
57000 214.169
57100 214.166
57200 214.715
57300 215.159
57400 214.926
57500 215.433
57600 215.807
57700 216.062
57800 215.708
57900 216.11
58000 216.301
58100 217.284
58200 216.872
58300 217.273
58400 217.893
58500 218.601
58600 219.559
58700 219.314
58800 219.189
58900 220.179
59000 220.55
59100 221.083
59200 221.29
59300 220.541
59400 221.333
59500 221.064
59600 221.088
59700 221.486
59800 221.71
59900 222.3
60000 222.136
60100 222.947
60200 223.482
60300 224.02
60400 223.927
60500 224.545
60600 224.477
60700 224.488
60800 224.666
60900 224.746
61000 225.796
61100 226.318
61200 226.794
61300 227.967
61400 227.356
61500 228.147
61600 228.973
61700 228.6
61800 229.316
61900 230.107
62000 229.919
62100 230.112
62200 230.997
62300 231.157
62400 230.805
62500 231.944
62600 232.592
62700 232.661
62800 232.227
62900 232.942
63000 233.195
63100 233.875
63200 234.819
63300 234.665
63400 234.721
63500 235.104
63600 235.992
63700 236.299
63800 236.281
63900 237.045
64000 237.002
64100 237.726
64200 237.941
64300 238.011
64400 239.496
64500 240.037
64600 240.104
64700 240.223
64800 240.965
64900 241.293
65000 241.459
65100 241.491
65200 241.962
65300 242.482
65400 242.826
65500 243.724
65600 244.081
65700 244.175
65800 245.049
65900 244.578
66000 244.797
66100 245.416
66200 246.088
66300 246.241
66400 246.882
66500 247.024
66600 247.088
66700 247.714
66800 247.819
66900 248.039
67000 248.069
67100 248.405
67200 248.859
67300 249.382
67400 250.246
67500 250.125
67600 250.489
67700 250.488
67800 250.73
67900 250.527
68000 250.578
68100 250.518
68200 250.271
68300 250.596
68400 251.648
68500 252.298
68600 252.795
68700 253.519
68800 253.462
68900 253.308
69000 253.396
69100 254.566
69200 254.442
69300 255.903
69400 256.063
69500 256.33
69600 256.368
69700 256.68
69800 257.273
69900 258.415
70000 258.986
70100 259.326
70200 259.126
70300 259.815
70400 259.004
70500 259.618
70600 260.181
70700 259.952
70800 260.614
70900 260.553
71000 262.037
71100 262.492
71200 262.979
71300 263.398
71400 264.502
71500 265.63
71600 265.643
71700 265.53
71800 265.472
71900 265.813
72000 266.093
72100 267.313
72200 268.008
72300 267.565
72400 268.237
72500 268.788
72600 269.264
72700 269.778
72800 271.341
72900 272.234
73000 272.23
73100 272.386
73200 273.197
73300 273.583
73400 273.924
73500 273.766
73600 274.526
73700 275.05
73800 275.804
73900 276.751
74000 277.776
74100 277.733
74200 277.75
74300 277.975
74400 278.986
74500 279.209
74600 279.682
74700 279.598
74800 279.618
74900 279.873
75000 280.921
75100 279.743
75200 280.006
75300 280.209
75400 279.707
75500 280.312
75600 280.688
75700 280.893
75800 281.769
75900 281.729
76000 282.292
76100 282.485
76200 283.341
76300 284.616
76400 283.883
76500 286.09
76600 285.807
76700 286.383
76800 285.96
76900 287.265
77000 288.107
77100 288.267
77200 288.76
77300 289.145
77400 288.795
77500 288.867
77600 289.354
77700 288.947
77800 289.656
77900 289.678
78000 290.054
78100 290.408
78200 290.061
78300 290.011
78400 290.91
78500 291.449
78600 291.987
78700 292.134
78800 293.793
78900 294.351
79000 294.272
79100 294.24
79200 294.364
79300 294.423
79400 295.471
79500 294.421
79600 295.283
79700 295.236
79800 294.848
79900 296.263
80000 297.391
80100 297.409
80200 296.97
80300 297.948
80400 298.701
80500 299.111
80600 299.74
80700 300.097
80800 300.531
80900 300.441
81000 300.633
81100 301.365
81200 301.083
81300 301.882
81400 302.07
81500 302.082
81600 302.159
81700 301.839
81800 302.043
81900 301.764
82000 302.123
82100 303.332
82200 303.472
82300 303.55
82400 304.147
82500 305.375
82600 306.218
82700 306.337
82800 307.301
82900 307.507
83000 307.187
83100 307.805
83200 308.429
83300 309.045
83400 309.299
83500 309.917
83600 310.139
83700 309.669
83800 311.226
83900 311.412
84000 312.157
84100 312.586
84200 312.525
84300 313.983
84400 314.137
84500 314.694
84600 315.408
84700 315.127
84800 316.632
84900 316.302
85000 316.165
85100 316.794
85200 317.21
85300 317.864
85400 319.101
85500 319.211
85600 319.607
85700 319.842
85800 320.551
85900 320.641
86000 321.333
86100 320.807
86200 320.104
86300 320.242
86400 320.148
86500 321.21
86600 321.44
86700 321.161
86800 320.838
86900 323.088
87000 323.5
87100 323.113
87200 323.53
87300 324.295
87400 325.621
87500 325.098
87600 325.402
87700 325.269
87800 324.922
87900 325.272
88000 327.596
88100 326.825
88200 327.415
88300 327.22
88400 327.745
88500 327.778
88600 329.024
88700 328.232
88800 328.951
88900 329.22
89000 329.21
89100 330.155
89200 330.844
89300 331.32
89400 330.541
89500 330.685
89600 331.651
89700 331.659
89800 330.752
89900 331.643
90000 331.841
90100 331.588
90200 331.298
90300 332.491
90400 333.802
90500 332.505
90600 332.631
90700 333.716
90800 334.508
90900 334.649
91000 334.335
91100 335.076
91200 335.403
91300 336.503
91400 337.742
91500 338.414
91600 338.196
91700 338.098
91800 338.758
91900 339.018
92000 338.878
92100 338.25
92200 338.113
92300 338.416
92400 338.869
92500 338.661
92600 339.298
92700 340.081
92800 341.46
92900 341.079
93000 341.577
93100 341.543
93200 341.805
93300 342.66
93400 342.929
93500 343.092
93600 343.247
93700 342.911
93800 342.864
93900 344.214
94000 344.574
94100 344.915
94200 345.394
94300 346.241
94400 346.434
94500 346.868
94600 346.788
94700 347.329
94800 346.681
94900 346.919
95000 346.618
95100 346.694
95200 346.997
95300 347.587
95400 347.926
95500 349.264
95600 350.061
95700 350.494
95800 350.452
95900 350.704
96000 350.341
96100 350.614
96200 350.865
96300 350.939
96400 352.768
96500 352.905
96600 353.381
96700 352.938
96800 353.708
96900 353.818
97000 353.866
97100 355.432
97200 355.469
97300 356.501
97400 357.198
97500 356.668
97600 357.043
97700 357.246
97800 357.813
97900 357.965
98000 358.839
98100 358.973
98200 359.581
98300 358.68
98400 359.499
98500 359.333
98600 359.42
98700 359.669
98800 359.857
98900 360.352
99000 360.493
99100 360.738
99200 361.189
99300 362.617
99400 362.774
99500 363.15
99600 363.673
99700 363.548
99800 364.187
99900 364.234
100000 364.559
100100 364.448
100200 365.085
100300 364.675
100400 364.771
100500 365.458
100600 366.38
100700 366.762
100800 367.623
100900 368.117
101000 367.909
101100 368.105
101200 368.601
101300 368.843
101400 369.658
101500 369.764
101600 368.864
101700 369.423
101800 369.643
101900 370.344
102000 370.419
102100 371.333
102200 371.863
102300 372.078
102400 372.459
102500 372.571
102600 373.915
102700 374.541
102800 374.229
102900 375.515
103000 376.053
103100 376.329
103200 376.184
103300 376.572
103400 376.884
103500 378.133
103600 378.29
103700 379.522
103800 379.588
103900 379.864
104000 381.099
104100 381.806
104200 381.331
104300 382.438
104400 381.693
104500 382.37
104600 383.419
104700 383.76
104800 384.69
104900 385.653
105000 385.964
105100 385.962
105200 386.57
105300 387.056
105400 386.514
105500 387.469
105600 387.44
105700 387.645
105800 387.829
105900 388.577
106000 388.519
106100 388.322
106200 388.151
106300 387.921
106400 387.984
106500 389.003
106600 390.169
106700 391.163
106800 391.523
106900 390.38
107000 390.698
107100 391.793
107200 393.275
107300 392.697
107400 392.185
107500 393.16
107600 393.251
107700 393.864
107800 394.416
107900 394.485
108000 394.402
108100 395.39
108200 394.244
108300 395.35
108400 396.203
108500 395.98
108600 395.15
108700 396.212
108800 397.43
108900 398.054
109000 397.941
109100 399.24
109200 399.15
109300 399.689
109400 399.565
109500 399.971
109600 399.177
109700 399.51
109800 400.316
109900 400.288
110000 400.987
110100 401.448
110200 402.833
110300 402.261
110400 402.535
110500 402.756
110600 402.965
110700 404.896
110800 404.514
110900 404.196
111000 404.29
111100 404.849
111200 405.377
111300 405.561
111400 406.537
111500 408.393
111600 408.808
111700 408.735
111800 410.077
111900 409.757
112000 411.088
112100 411.891
112200 412.308
112300 411.255
112400 412.058
112500 412.429
112600 412.949
112700 413.616
112800 413.534
112900 415.2
113000 414.785
113100 416.451
113200 415.857
113300 417.497
113400 417.68
113500 417.099
113600 417.491
113700 419.167
113800 418.486
113900 418.886
114000 418.266
114100 418.499
114200 419.089
114300 419.103
114400 419.254
114500 419.634
114600 420.161
114700 422.018
114800 422.157
114900 422.558
115000 422.448
115100 422.63
115200 423.594
115300 424.255
115400 424.529
115500 423.608
115600 424.411
115700 424.878
115800 424.147
115900 424.332
116000 425.487
116100 425.443
116200 425.398
116300 426.855
116400 428.076
116500 429.387
116600 429.378
116700 429.294
116800 429.403
116900 429.828
117000 430.498
117100 431.384
117200 431.225
117300 432.994
117400 432.939
117500 433.572
117600 433.932
117700 433.961
117800 434.235
117900 434.727
118000 434.502
118100 435.896
118200 435.39
118300 435.637
118400 437.877
118500 437.891
118600 438.783
118700 440.393
118800 439.743
118900 441.713
119000 441.114
119100 441.459
119200 440.49
119300 441.263
119400 442.107
119500 442.523
119600 441.951
119700 442.939
119800 443.656
119900 444.83
120000 444.995
120100 445.783
120200 447.254
120300 447.337
120400 448.132
120500 447.656
120600 448.375
120700 448.975
120800 450.317
120900 449.031
121000 450.797
121100 452.194
121200 452.163
121300 452.808
121400 452.439
121500 453.224
121600 454.232
121700 454.057
121800 454.722
121900 455.02
122000 455.417
122100 455.146
122200 456.288
122300 456.765
122400 456.153
122500 457.318
122600 457.264
122700 456.324
122800 455.475
122900 455.169
123000 457.075
123100 457.001
123200 457.265
123300 457.39
123400 458.547
123500 458.843
123600 459.187
123700 459.549
123800 459.676
123900 460.899
124000 460.03
124100 460.796
124200 461.721
124300 461.188
124400 461.738
124500 462.062
124600 461.783
124700 461.722
124800 462.267
124900 461.813
125000 463.123
125100 462.849
125200 464.681
125300 465.229
125400 463.622
125500 464.957
125600 464.801
125700 465.75
125800 465.275
125900 464.962
126000 465.727
126100 466.446
126200 466.826
126300 465.886
126400 466.476
126500 466.627
126600 466.273
126700 467.621
126800 466.858
126900 468.032
127000 469.437
127100 469.626
127200 469.677
127300 469.884
127400 470.792
127500 470.758
127600 470.771
127700 472.226
127800 472.408
127900 473.778
128000 474.079
128100 474.036
128200 473.19
128300 472.821
128400 473.354
128500 473.588
128600 473.631
128700 474.643
128800 474.803
128900 475.662
129000 476.284
129100 476.494
129200 477.142
129300 478.684
129400 478.438
129500 479.515
129600 480.099
129700 480.621
129800 482.435
129900 483.168
130000 483.91
130100 485.669
130200 484.025
130300 483.375
130400 483.667
130500 483.713
130600 483.804
130700 484.131
130800 485.348
130900 484.904
131000 486.712
131100 486.613
131200 488.48
131300 488.528
131400 487.999
131500 488.421
131600 488.248
131700 488.54
131800 488.3
131900 489.027
132000 489.24
132100 490.375
132200 491.583
132300 492.031
132400 492.585
132500 493.141
132600 492.746
132700 493.245
132800 492.553
132900 492.467
133000 493.246
133100 493.492
133200 495.714
133300 495.143
133400 496.821
133500 496.219
133600 497.69
133700 497.805
133800 497.005
133900 497.608
134000 498.419
134100 498.846
134200 499.318
134300 499.791
134400 499.581
134500 499.414
134600 499.443
134700 500.005
134800 499.563
134900 499.714
135000 499.432
135100 500.606
135200 499.701
135300 499.866
135400 499.809
135500 499.936
135600 500.871
135700 500.896
135800 502.626
135900 502.15
136000 502.879
136100 503.195
136200 502.612
136300 503.712
136400 504.172
136500 504.693
136600 504.801
136700 505.083
136800 505.559
136900 506.464
137000 505.701
137100 506.63
137200 507.36
137300 506.852
137400 507
137500 507.242
137600 507.797
137700 507.905
137800 507.075
137900 508.146
138000 507.655
138100 507.259
138200 507.473
138300 508.358
138400 509.024
138500 507.596
138600 507.381
138700 508.31
138800 507.533
138900 507.124
139000 507.975
139100 509.001
139200 509.112
139300 509.355
139400 510.533
139500 510.733
139600 510.271
139700 512.279
139800 513.207
139900 512.344
140000 513.265
140100 513.882
140200 514.281
140300 513.964
140400 515.574
140500 515.041
140600 515.51
140700 516.397
140800 515.902
140900 516.615
141000 517.298
141100 516.532
141200 518.694
141300 520.254
141400 520.062
141500 520.289
141600 520.479
141700 521.676
141800 522.845
141900 522.389
142000 522.939
142100 523.134
142200 524.011
142300 525.403
142400 525.389
142500 526.409
142600 525.341
142700 525.367
142800 525.671
142900 526.661
143000 527.46
143100 527.178
143200 527.553
143300 528.032
143400 529.14
143500 529.312
143600 530.637
143700 530.371
143800 531.79
143900 531.633
144000 532.42
144100 532.852
144200 533.718
144300 534.397
144400 534.812
144500 536.349
144600 535.827
144700 535.185
144800 536.248
144900 536.027
145000 536.497
145100 537.695
145200 539.814
145300 539.371
145400 539.976
145500 540.798
145600 540.461
145700 540.008
145800 541.471
145900 541.36
146000 541.221
146100 542.088
146200 541.907
146300 543.092
146400 544.468
146500 545.514
146600 545.058
146700 546.85
146800 547.026
146900 547.838
147000 548.371
147100 548.933
147200 549.033
147300 550.308
147400 550.612
147500 552.069
147600 552.546
147700 552.936
147800 553.808
147900 554.47
148000 554.709
148100 555.477
148200 556.443
148300 556.357
148400 556.899
148500 559.719
148600 558.639
148700 559.918
148800 560.904
148900 560.767
149000 561.508
149100 559.787
149200 560.347
149300 561.544
149400 562.087
149500 561.362
149600 562.158
149700 562.677
149800 563.296
149900 563.828
150000 563.913
150100 563.871
150200 563.877
150300 563.697
150400 564.461
150500 564.287
150600 565.315
150700 566.065
150800 565.681
150900 565.784
151000 566.423
151100 565.98
151200 566.479
151300 566.743
151400 567.615
151500 568.729
151600 569.508
151700 569.232
151800 569.403
151900 571.028
152000 572.38
152100 572.427
152200 573.739
152300 573.805
152400 573.582
152500 574.101
152600 573.524
152700 573.836
152800 574.656
152900 574.453
153000 573.845
153100 575.148
153200 574.885
153300 575.046
153400 577.421
153500 577.757
153600 576.569
153700 576.65
153800 576.831
153900 576.281
154000 576.586
154100 577.33
154200 578.607
154300 579.125
154400 578.572
154500 579.564
154600 578.927
154700 579.532
154800 579.932
154900 580.357
155000 580.658
155100 581.19
155200 580.879
155300 581.469
155400 583.012
155500 583.382
155600 582.463
155700 582.126
155800 582.271
155900 582.325
156000 582.639
156100 583.674
156200 583.079
156300 582.742
156400 583.75
156500 583.749
156600 583.981
156700 584.746
156800 585.097
156900 586.316
157000 586.624
157100 585.135
157200 586.173
157300 586.278
157400 587.241
157500 587.933
157600 590.057
157700 588.851
157800 589.374
157900 590.137
158000 590.339
158100 591.008
158200 590.946
158300 591.383
158400 591.886
158500 591.52
158600 592.633
158700 591.815
158800 591.28
158900 593.194
159000 593.194
159100 594.986
159200 595.369
159300 594.757
159400 593.709
159500 595.194
159600 596.091
159700 596.154
159800 595.471
159900 595.17
160000 596.845
160100 596.227
160200 597.353
160300 598.649
160400 599.225
160500 599.228
160600 599.706
160700 599.579
160800 600.255
160900 599.657
161000 600.558
161100 600.817
161200 599.45
161300 600.614
161400 600.973
161500 601.127
161600 602.033
161700 603.621
161800 603.737
161900 604.123
162000 604.901
162100 603.578
162200 604.693
162300 604.942
162400 605.886
162500 606.062
162600 606.361
162700 605.55
162800 605.787
162900 606.741
163000 607.915
163100 607.188
163200 607.577
163300 607.652
163400 608.347
163500 608.621
163600 608.463
163700 609.412
163800 609.394
163900 610.07
164000 611.11
164100 611.332
164200 610.988
164300 611.332
164400 611.471
164500 612.252
164600 612.215
164700 613.793
164800 614.101
164900 613.669
165000 614.485
165100 614.624
165200 614.143
165300 614.301
165400 614.09
165500 614.893
165600 615.255
165700 615.805
165800 615.812
165900 616.227
166000 616.061
166100 616.876
166200 618.391
166300 617.202
166400 617.82
166500 619.802
166600 619.957
166700 620.441
166800 622.571
166900 622.695
167000 622.926
167100 623.646
167200 623.039
167300 622.708
167400 623.01
167500 621.484
167600 622.482
167700 623.104
167800 624.109
167900 624.449
168000 625.206
168100 625.851
168200 626.144
168300 626.445
168400 626.188
168500 626.708
168600 628.377
168700 628.481
168800 628.635
168900 628.525
169000 629.118
169100 630.225
169200 629.155
169300 629.895
169400 630.243
169500 631.114
169600 630.492
169700 630.258
169800 631.044
169900 632.163
170000 631.849
170100 633.815
170200 633.241
170300 633.1
170400 633.172
170500 634.653
170600 633.463
170700 632.387
170800 631.746
170900 632.494
171000 633.783
171100 633.598
171200 634.216
171300 633.927
171400 634.985
171500 635.175
171600 635.83
171700 634.858
171800 635.859
171900 637.714
172000 636.541
172100 637.778
172200 638.434
172300 638.987
172400 638.254
172500 639.206
172600 639.993
172700 641.233
172800 641.197
172900 641.901
173000 642.338
173100 643.13
173200 643.113
173300 643.181
173400 645.052
173500 644.578
173600 645.69
173700 645.757
173800 646.393
173900 646.123
174000 648.354
174100 648.036
174200 647.29
174300 648.258
174400 648.683
174500 647.05
174600 647.856
174700 649.057
174800 650.335
174900 650.533
175000 650.722
175100 650.805
175200 651.426
175300 651.591
175400 652.058
175500 651.481
175600 651.83
175700 653.12
175800 653.702
175900 653.131
176000 653.311
176100 652.635
176200 652.345
176300 652.601
176400 653.419
176500 654.895
176600 654.907
176700 654.996
176800 655.341
176900 655.755
177000 654.963
177100 656.661
177200 657.297
177300 656.212
177400 656.519
177500 657.017
177600 658.427
177700 658.427
177800 659.546
177900 658.606
178000 659.984
178100 660.617
178200 661.851
178300 662.894
178400 663.16
178500 663.627
178600 663.421
178700 664.296
178800 663.283
178900 663.448
179000 664.814
179100 664.824
179200 664.635
179300 662.47
179400 664.217
179500 663.6
179600 663.805
179700 664.605
179800 665.513
179900 664.887
180000 664.893
180100 664.938
180200 666.828
180300 668.035
180400 667.537
180500 667.904
180600 669.48
180700 669.447
180800 669.129
180900 669.902
181000 670.47
181100 670.311
181200 670.937
181300 672.086
181400 672.764
181500 672.957
181600 673.428
181700 674.144
181800 674.478
181900 674.09
182000 673.944
182100 674.867
182200 675.236
182300 675.504
182400 675.51
182500 674.11
182600 675.952
182700 675.505
182800 676.421
182900 677.698
183000 675.794
183100 676.855
183200 677.414
183300 677.427
183400 677.982
183500 678.71
183600 679.086
183700 680.449
183800 679.814
183900 680.107
184000 680.022
184100 680.578
184200 681.173
184300 682.023
184400 681.996
184500 681.98
184600 679.773
184700 681.491
184800 683.013
184900 683.28
185000 685.052
185100 684.955
185200 686.483
185300 686.273
185400 686.906
185500 686.768
185600 687.847
185700 687.01
185800 687.568
185900 688.161
186000 687.405
186100 689.728
186200 689.744
186300 689.1
186400 690.144
186500 688.845
186600 690.104
186700 690.026
186800 689.238
186900 690.352
187000 691.683
187100 692.753
187200 691.637
187300 691.879
187400 691.572
187500 693.048
187600 693.342
187700 692.824
187800 693.907
187900 694.048
188000 693.865
188100 694.07
188200 694.927
188300 694.698
188400 695.423
188500 694.889
188600 692.872
188700 694.643
188800 695.242
188900 695.245
189000 696.026
189100 696.009
189200 697.28
189300 697.13
189400 697.887
189500 700.12
189600 699.606
189700 700.466
189800 701.167
189900 702.394
190000 704.185
190100 704.034
190200 704.468
190300 704.882
190400 705.412
190500 705.629
190600 706.351
190700 705.645
190800 706.935
190900 706.062
191000 705.944
191100 706.827
191200 707.519
191300 708.331
191400 709.782
191500 710.462
191600 710.669
191700 712.173
191800 712.153
191900 712.687
192000 712.883
192100 713.749
192200 714.843
192300 713.581
192400 716.037
192500 715.482
192600 716.604
192700 716.219
192800 715.638
192900 715.741
193000 716.305
193100 716.627
193200 717.731
193300 717.985
193400 717.875
193500 717.202
193600 716.7
193700 718.065
193800 719.283
193900 719.404
194000 720.315
194100 720.243
194200 720.071
194300 721.192
194400 720.916
194500 721.293
194600 722.122
194700 721.296
194800 721.637
194900 723.734
195000 723.387
195100 725.157
195200 724.759
195300 725.85
195400 725.344
195500 725.602
195600 725.413
195700 726.094
195800 725.99
195900 725.965
196000 725.728
196100 727.3
196200 726.546
196300 726.612
196400 727.139
196500 727.587
196600 728.417
196700 728.042
196800 727.743
196900 728.777
197000 730.369
197100 729.174
197200 729.345
197300 730.086
197400 729.149
197500 729.429
197600 729.269
197700 730.809
197800 730.723
197900 731.227
198000 731.978
198100 734.098
198200 734.686
198300 735.319
198400 735.292
198500 736.496
198600 735.908
198700 736.759
198800 737.871
198900 738.412
199000 738.524
199100 738.628
199200 738.504
199300 739.656
199400 740.762
199500 740.076
199600 739.993
199700 739.581
199800 738.956
199900 740.059
200000 739.48
200100 741.446
200200 740.622
200300 741.385
200400 742.946
200500 742.572
200600 742.8
200700 743.631
200800 744.87
200900 743.44
201000 744.597
201100 747.466
201200 746.185
201300 748.244
201400 747.042
201500 747.729
201600 748.021
201700 747.978
201800 747.669
201900 749.586
202000 748.712
202100 747.999
202200 748.699
202300 750.417
202400 748.744
202500 750.073
202600 750.292
202700 750.35
202800 752.807
202900 753.511
203000 753.612
203100 752.649
203200 753.598
203300 754.975
203400 755.941
203500 755.413
203600 755.408
203700 755.161
203800 757.367
203900 757.553
204000 758.622
204100 759.446
204200 759.531
204300 760.14
204400 761.725
204500 761.061
204600 761.675
204700 763.242
204800 762.334
204900 761.19
205000 764.188
205100 764.191
205200 764.674
205300 765.769
205400 766.11
205500 766.77
205600 767.676
205700 767.371
205800 769.032
205900 768.283
206000 769.35
206100 767.865
206200 768.524
206300 768.244
206400 769.711
206500 770.927
206600 771.898
206700 771.766
206800 772.345
206900 772.515
207000 773.593
207100 773.843
207200 776.155
207300 776.219
207400 776.209
207500 775.078
207600 777.245
207700 777.453
207800 778.487
207900 780.461
208000 778.541
208100 779.712
208200 780.107
208300 780.621
208400 781.03
208500 779.677
208600 780.012
208700 781.633
208800 782.775
208900 781.876
209000 782.405
209100 783.901
209200 783.394
209300 784.864
209400 785.638
209500 784.302
209600 784.916
209700 785.626
209800 785.932
209900 784.97
210000 785.829
210100 786.539
210200 787.69
210300 787.376
210400 789.032
210500 788.54
210600 790.465
210700 791.089
210800 792.632
210900 793.123
211000 794.106
211100 794.722
211200 794.327
211300 794.421
211400 795.228
211500 794.6
211600 795.067
211700 795.074
211800 794.65
211900 795.14
212000 795.949
212100 794.726
212200 795.167
212300 796.26
212400 796.736
212500 796.596
212600 796.803
212700 798.277
212800 798.256
212900 798.019
213000 799.176
213100 799.284
213200 799.53
213300 799.094
213400 799.851
213500 800.189
213600 801.036
213700 802.125
213800 802.773
213900 803.517
214000 803.276
214100 801.785
214200 801.657
214300 802.265
214400 802.417
214500 803.634
214600 805.46
214700 805.768
214800 806.495
214900 806.357
215000 806.391
215100 806.094
215200 805.186
215300 806.326
215400 806.425
215500 806.22
215600 808.082
215700 807.994
215800 807.696
215900 807.046
216000 808.252
216100 809.72
216200 810.778
216300 810.465
216400 811.092
216500 810.441
216600 811.362
216700 811.357
216800 811.732
216900 812.961
217000 812.967
217100 814.424
217200 814.098
217300 815.446
217400 815.104
217500 815.852
217600 816.411
217700 816.505
217800 817.808
217900 816.828
218000 817.739
218100 818.005
218200 818.108
218300 818.53
218400 818.111
218500 818.883
218600 819.319
218700 820.303
218800 819.94
218900 819.169
219000 817.542
219100 819.796
219200 819.098
219300 820.167
219400 820.517
219500 820.646
219600 820.616
219700 820.427
219800 820.066
219900 818.685
220000 819.514
220100 820.57
220200 821.124
220300 821.893
220400 822.102
220500 821.275
220600 822.512
220700 821.904
220800 823.933
220900 823.691
221000 823.351
221100 822.608
221200 824.256
221300 825.177
221400 824.85
221500 824.002
221600 826.512
221700 825.204
221800 826.286
221900 827.665
222000 827.389
222100 829.7
222200 830.128
222300 830.868
222400 830.952
222500 831.782
222600 830.972
222700 830.917
222800 831.672
222900 832.401
223000 832.687
223100 831.744
223200 832.146
223300 831.756
223400 831.876
223500 833.458
223600 833.384
223700 833.984
223800 833.366
223900 834.63
224000 833.691
224100 833.011
224200 833.631
224300 833.375
224400 834.632
224500 834.654
224600 835.142
224700 835.809
224800 835.843
224900 835.702
225000 837.411
225100 836.332
225200 835.72
225300 836.582
225400 835.825
225500 837.674
225600 838.932
225700 839.931
225800 840.424
225900 839.246
226000 840.602
226100 840.651
226200 840.957
226300 841.342
226400 840.621
226500 841.307
226600 842.232
226700 842.703
226800 843.582
226900 843.011
227000 843.193
227100 843.515
227200 843.141
227300 845.247
227400 846.08
227500 845.346
227600 844.222
227700 844.386
227800 845.181
227900 844.081
228000 844.804
228100 846.676
228200 846.61
228300 847.32
228400 847.542
228500 848.197
228600 847.053
228700 848.129
228800 848.182
228900 849.035
229000 849.752
229100 848.818
229200 849.959
229300 847.486
229400 848.433
229500 849.146
229600 848.658
229700 851.37
229800 851.533
229900 853.98
230000 853.301
230100 854.593
230200 855.641
230300 857.218
230400 857.28
230500 856.816
230600 856.399
230700 856.205
230800 856.201
230900 857.805
231000 856.132
231100 857.57
231200 860.371
231300 861.385
231400 859.506
231500 860.094
231600 862.376
231700 861.919
231800 864.176
231900 864.134
232000 864.365
232100 863.911
232200 865.307
232300 864.993
232400 865.418
232500 865.935
232600 865.679
232700 864.625
232800 866.164
232900 867.871
233000 868.508
233100 869.209
233200 869.476
233300 870.098
233400 870.09
233500 870.507
233600 870.503
233700 870
233800 868.461
233900 868.973
234000 868.361
234100 869.238
234200 869.992
234300 869.809
234400 870.104
234500 870.66
234600 870.918
234700 871.162
234800 873.758
234900 873.033
235000 872.521
235100 873.342
235200 871.729
235300 872.559
235400 872.362
235500 873.823
235600 875.529
235700 874.438
235800 875.339
235900 874.783
236000 873.838
236100 875.647
236200 875.452
236300 874.21
236400 875.965
236500 874.579
236600 875.621
236700 875.528
236800 877.016
236900 877.118
237000 878.477
237100 878.18
237200 878.64
237300 880.135
237400 879.259
237500 880.467
237600 881.318
237700 882.2
237800 880.862
237900 882.01
238000 879.822
238100 879.651
238200 879.574
238300 881.353
238400 879.947
238500 880.1
238600 879.202
238700 878.053
238800 878.456
238900 879.687
239000 879.469
239100 880.726
239200 882.156
239300 882.427
239400 882.766
239500 882.372
239600 884.65
239700 883.669
239800 884.411
239900 883.811
240000 884.463
240100 884.294
240200 883.723
240300 883.786
240400 884.567
240500 883.54
240600 885.792
240700 886.847
240800 885.068
240900 885.879
241000 884.32
241100 884.995
241200 884.965
241300 886.321
241400 887.78
241500 887.825
241600 887.458
241700 888.989
241800 888.97
241900 888.444
242000 887.978
242100 888.11
242200 888.456
242300 888.689
242400 889.406
242500 889.139
242600 890.521
242700 890.13
242800 888.967
242900 891.089
243000 889.765
243100 890.105
243200 891.313
243300 890.674
243400 892.069
243500 891.76
243600 891.837
243700 891.964
243800 891.043
243900 891.791
244000 891.922
244100 892.563
244200 892.852
244300 892.369
244400 893.37
244500 891.449
244600 892.213
244700 891.816
244800 891.835
244900 892.732
245000 894.178
245100 894.675
245200 894.854
245300 893.645
245400 894.947
245500 895.729
245600 895.149
245700 896.041
245800 894.89
245900 894.462
246000 894.237
246100 895.494
246200 895.433
246300 893.506
246400 896.391
246500 896.61
246600 897.027
246700 897.094
246800 895.92
246900 895.429
247000 897.321
247100 898.727
247200 898.455
247300 898.795
247400 897.906
247500 898.899
247600 898.608
247700 898.307
247800 899.756
247900 899.726
248000 900.733
248100 900.111
248200 899.584
248300 899.64
248400 898.955
248500 898.899
248600 898.653
248700 899.562
248800 899.709
248900 900.73
249000 902.743
249100 902.973
249200 902.685
249300 904.051
249400 904.429
249500 904.385
249600 904.997
249700 906.342
249800 905.754
249900 908.105
250000 908.608
250100 908.617
250200 907.698
250300 908.811
250400 908.42
250500 909.324
250600 909.645
250700 909.995
250800 910.587
250900 913.722
251000 913.608
251100 914.991
251200 915.47
251300 914.847
251400 915.593
251500 914.476
251600 914.968
251700 914.967
251800 915.571
251900 916.6
252000 916.442
252100 918.016
252200 918.068
252300 918.128
252400 918.9
252500 918.587
252600 919.486
252700 921.046
252800 921.08
252900 922.443
253000 922.575
253100 922.089
253200 923.518
253300 923.618
253400 923.604
253500 925.236
253600 925.683
253700 926.468
253800 927.219
253900 928.136
254000 929.184
254100 929.201
254200 928.96
254300 930.254
254400 929.941
254500 930.868
254600 932.288
254700 932.256
254800 932.594
254900 932.148
255000 933.03
255100 933.879
255200 934.092
255300 934.455
255400 935.656
255500 935.747
255600 937.998
255700 936.583
255800 937.107
255900 938.171
256000 936.232
256100 938.336
256200 938.116
256300 937.817
256400 938.942
256500 938.804
256600 940.442
256700 940.9
256800 939.893
256900 940.636
257000 940.405
257100 941.35
257200 941.414
257300 942.498
257400 941.865
257500 942.265
257600 941.887
257700 941.69
257800 941.826
257900 942.658
258000 942.302
258100 942.504
258200 944.44
258300 944.459
258400 945.167
258500 945.506
258600 944.902
258700 946.234
258800 947.596
258900 948.445
259000 947.554
259100 947.411
259200 949.113
259300 949.563
259400 949.241
259500 951.882
259600 951.161
259700 952.135
259800 951.298
259900 952.693
260000 952.409
260100 951.698
260200 951.538
260300 951.052
260400 950.883
260500 951.567
260600 953.269
260700 953.042
260800 954.317
260900 954.833
261000 954.847
261100 954.126
261200 954.719
261300 954.677
261400 955.716
261500 956.11
261600 955.721
261700 955.455
261800 956.45
261900 953.5
262000 953.477
262100 953.09
262200 953.481
262300 953.111
262400 953.751
262500 952.774
262600 954.027
262700 955.347
262800 954.351
262900 953.69
263000 956.238
263100 956.254
263200 957.961
263300 958.957
263400 959.057
263500 958.784
263600 959.285
263700 959.785
263800 960.612
263900 959.496
264000 960.66
264100 960.183
264200 959.771
264300 959.299
264400 960.164
264500 962.192
264600 963.005
264700 962.789
264800 962.19
264900 962.372
265000 963.884
265100 965.984
265200 964.967
265300 965.37
265400 966.002
265500 965.734
265600 965.416
265700 965.569
265800 964.198
265900 964.947
266000 965.671
266100 965.826
266200 967.114
266300 967.851
266400 967.444
266500 968.514
266600 968.289
266700 968.987
266800 969.638
266900 969.903
267000 969.001
267100 970.401
267200 971.122
267300 971.062
267400 970.467
267500 973.65
267600 971.9
267700 970.965
267800 971.503
267900 972.144
268000 971.443
268100 972.107
268200 971.898
268300 973.923
268400 973.735
268500 973.881
268600 974.999
268700 973.717
268800 975.758
268900 974.889
269000 977.299
269100 976.584
269200 978.434
269300 978.113
269400 977.594
269500 978.504
269600 979.912
269700 979.023
269800 979.258
269900 979.625
270000 982.08
270100 979.79
270200 980.991
270300 980.39
270400 982.435
270500 981.897
270600 982.217
270700 981.21
270800 981.258
270900 981.901
271000 983.439
271100 983.82
271200 984.203
271300 984.072
271400 984.497
271500 984.288
271600 985.208
271700 984.563
271800 984.241
271900 984.464
272000 986.438
272100 984.988
272200 985.463
272300 986.407
272400 987.789
272500 988.017
272600 988.927
272700 990.201
272800 989.498
272900 990.595
273000 989.411
273100 990.835
273200 992.428
273300 993.897
273400 994.156
273500 993.733
273600 995.377
273700 995.312
273800 996.867
273900 996.176
274000 996.503
274100 998.093
274200 999.005
274300 999.783
274400 999.112
274500 999.937
274600 998.934
274700 998.382
274800 998.451
274900 997.608
275000 998.284
275100 998.429
275200 998.739
275300 998.782
275400 1000.64
275500 1000
275600 1000.28
275700 1001.2
275800 1001.41
275900 1000.85
276000 1003.56
276100 1002.69
276200 1004.49
276300 1005.5
276400 1004.7
276500 1006.56
276600 1008.15
276700 1007.82
276800 1006.55
276900 1009.33
277000 1009.06
277100 1009.05
277200 1008.61
277300 1009.73
277400 1010.77
277500 1012.08
277600 1011.55
277700 1011.93
277800 1010.89
277900 1013.2
278000 1012.31
278100 1011.27
278200 1011.62
278300 1013.77
278400 1014.87
278500 1014.6
278600 1015.23
278700 1014.05
278800 1015.84
278900 1016.1
279000 1016.94
279100 1017.36
279200 1015.73
279300 1015.79
279400 1016.05
279500 1016.1
279600 1017.96
279700 1018.39
279800 1018.66
279900 1018.97
280000 1019.57
280100 1021.56
280200 1020.66
280300 1020.64
280400 1020.81
280500 1020.31
280600 1021.81
280700 1022.02
280800 1022.42
280900 1024.28
281000 1025.13
281100 1026.22
281200 1026.46
281300 1026.17
281400 1027.4
281500 1027.58
281600 1027.81
281700 1027.46
281800 1028.47
281900 1029.61
282000 1029.44
282100 1029.01
282200 1031.78
282300 1032.32
282400 1031.46
282500 1032.17
282600 1032.5
282700 1032.59
282800 1034.27
282900 1034.43
283000 1033.83
283100 1032.98
283200 1034.97
283300 1035.44
283400 1036.04
283500 1037.05
283600 1037.55
283700 1039.49
283800 1038.11
283900 1038.52
284000 1039.62
284100 1040.25
284200 1041.19
284300 1041.49
284400 1041.25
284500 1042.27
284600 1042.18
284700 1043.96
284800 1044.01
284900 1044.58
285000 1045.07
285100 1047.43
285200 1047.33
285300 1046.22
285400 1046.46
285500 1049.49
285600 1049.27
285700 1050.17
285800 1050.18
285900 1052.77
286000 1052.04
286100 1051.54
286200 1051.1
286300 1051.88
286400 1052.17
286500 1052.31
286600 1053.33
286700 1053.4
286800 1052.8
286900 1052.03
287000 1052.3
287100 1051.9
287200 1053.74
287300 1053.92
287400 1056.1
287500 1054.34
287600 1054.4
287700 1054.8
287800 1054.8
287900 1056.01
288000 1055.31
288100 1056.36
288200 1057.86
288300 1056.37
288400 1056.81
288500 1056.77
288600 1059.53
288700 1058.32
288800 1058.5
288900 1058.23
289000 1060.91
289100 1061.35
289200 1060.88
289300 1061.66
289400 1062.35
289500 1061.23
289600 1061.83
289700 1062.94
289800 1063.72
289900 1063.75
290000 1064.42
290100 1064.95
290200 1065.01
290300 1066.56
290400 1065.42
290500 1067.17
290600 1067.35
290700 1066.47
290800 1066.61
290900 1066.81
291000 1066.22
291100 1065.97
291200 1066.97
291300 1068.37
291400 1066.29
291500 1066.4
291600 1068.8
291700 1068.69
291800 1070.45
291900 1069.94
292000 1069.87
292100 1071.53
292200 1070.54
292300 1070.88
292400 1071.04
292500 1072.98
292600 1074.33
292700 1074.14
292800 1072.83
292900 1074.31
293000 1073.55
293100 1076.41
293200 1075.66
293300 1074.6
293400 1074.74
293500 1076.3
293600 1075.72
293700 1075.52
293800 1075.94
293900 1075.49
294000 1076.32
294100 1077.53
294200 1077.6
294300 1079.61
294400 1080.74
294500 1080.99
294600 1081.57
294700 1082.3
294800 1081.52
294900 1082.73
295000 1083.51
295100 1084.82
295200 1085.48
295300 1084.58
295400 1085.43
295500 1085.62
295600 1086.36
295700 1084.84
295800 1085.83
295900 1085.94
296000 1086.58
296100 1087.42
296200 1087.76
296300 1087.94
296400 1087.33
296500 1087.42
296600 1087.65
296700 1088.84
296800 1087.83
296900 1088.38
297000 1089.85
297100 1091.18
297200 1092.17
297300 1091.74
297400 1093.97
297500 1093.37
297600 1093.51
297700 1094.24
297800 1093.45
297900 1092.91
298000 1092.58
298100 1091.59
298200 1094.18
298300 1094.64
298400 1093.55
298500 1095.43
298600 1094.45
298700 1094.3
298800 1093.44
298900 1094.68
299000 1096.44
299100 1096.65
299200 1098.29
299300 1097.71
299400 1098.85
299500 1100.46
299600 1100.28
299700 1103.83
299800 1102.63
299900 1101.43
300000 1102.04
300100 1102.1
300200 1105.14
300300 1104.27
300400 1104.79
300500 1104.73
300600 1106.59
300700 1105.6
300800 1105.94
300900 1106.83
301000 1106.38
301100 1107.3
301200 1108.69
301300 1109.57
301400 1110.76
301500 1110.52
301600 1110.29
301700 1111.26
301800 1110.82
301900 1111.88
302000 1111.56
302100 1111.92
302200 1111.37
302300 1113.73
302400 1114.49
302500 1113.14
302600 1115.89
302700 1114.96
302800 1115.12
302900 1116.34
303000 1116.57
303100 1115.62
303200 1118.13
303300 1119.57
303400 1117.12
303500 1118.96
303600 1117.63
303700 1118.49
303800 1118.66
303900 1118.26
304000 1119.08
304100 1121
304200 1120.42
304300 1119.44
304400 1119.84
304500 1119.91
304600 1119.13
304700 1119.27
304800 1119.42
304900 1119.18
305000 1119.62
305100 1121.37
305200 1122.65
305300 1121.87
305400 1123.17
305500 1122.75
305600 1124.08
305700 1123.73
305800 1125.44
305900 1125.74
306000 1125.88
306100 1127.44
306200 1127.54
306300 1126.22
306400 1127.59
306500 1127.8
306600 1126.31
306700 1127.7
306800 1128.85
306900 1130.3
307000 1130.64
307100 1131.07
307200 1130.67
307300 1132.18
307400 1132.32
307500 1133.22
307600 1132.56
307700 1133.48
307800 1132.46
307900 1132.87
308000 1132.84
308100 1134.29
308200 1135.42
308300 1135.88
308400 1136.37
308500 1137.04
308600 1136.81
308700 1136.75
308800 1139.44
308900 1137.31
309000 1137.85
309100 1137.27
309200 1138.76
309300 1139.35
309400 1139.09
309500 1139.81
309600 1139.22
309700 1141.24
309800 1141.52
309900 1142.63
310000 1142.52
310100 1143.88
310200 1143.59
310300 1144.04
310400 1144.75
310500 1143.52
310600 1145.65
310700 1145.62
310800 1146.42
310900 1146.12
311000 1148.8
311100 1148.15
311200 1148.39
311300 1149.23
311400 1149.71
311500 1150.54
311600 1150.85
311700 1152.05
311800 1151.8
311900 1151.11
312000 1151.81
312100 1152.43
312200 1151.73
312300 1153.33
312400 1151.67
312500 1151.93
312600 1152.99
312700 1151.71
312800 1151.41
312900 1153.33
313000 1152.34
313100 1152.24
313200 1152.55
313300 1151.32
313400 1151.16
313500 1151.76
313600 1152.57
313700 1151.56
313800 1152.43
313900 1153.05
314000 1153.44
314100 1153.25
314200 1152.88
314300 1154.26
314400 1154.13
314500 1154.23
314600 1154.05
314700 1154.42
314800 1155.99
314900 1155.15
315000 1156.6
315100 1156.03
315200 1155.59
315300 1156.15
315400 1157.63
315500 1156.36
315600 1158.09
315700 1158.12
315800 1159.34
315900 1159.11
316000 1158.07
316100 1157.92
316200 1158.48
316300 1159.68
316400 1160.92
316500 1158.83
316600 1158.8
316700 1159.13
316800 1158.41
316900 1158.51
317000 1160.25
317100 1160.75
317200 1161.97
317300 1159.72
317400 1161.02
317500 1159.39
317600 1161.86
317700 1160.64
317800 1160.56
317900 1160.62
318000 1161.78
318100 1163.27
318200 1164.2
318300 1163.75
318400 1165.91
318500 1166.37
318600 1166.2
318700 1165.81
318800 1166.68
318900 1167.18
319000 1165.94
319100 1169.54
319200 1167.97
319300 1168.15
319400 1167.89
319500 1170.37
319600 1170.17
319700 1170.03
319800 1171.65
319900 1171.48
320000 1172.67
320100 1170.41
320200 1171.51
320300 1171.93
320400 1172.2
320500 1174.46
320600 1175.26
320700 1176.28
320800 1175.56
320900 1176.08
321000 1177.13
321100 1176.15
321200 1176.13
321300 1176.66
321400 1177.5
321500 1177.45
321600 1177.76
321700 1178.89
321800 1178.51
321900 1178.67
322000 1179.03
322100 1181.37
322200 1181.42
322300 1181.67
322400 1182.12
322500 1182.14
322600 1182.27
322700 1184.25
322800 1182.05
322900 1182.91
323000 1181.67
323100 1183.82
323200 1185.45
323300 1186.42
323400 1188.24
323500 1187.56
323600 1189.74
323700 1189.81
323800 1191.08
323900 1190.22
324000 1191.18
324100 1192.66
324200 1193.29
324300 1191.23
324400 1192.31
324500 1194.13
324600 1193.35
324700 1193.85
324800 1195.94
324900 1197.14
325000 1195.88
325100 1196.28
325200 1196.13
325300 1195.83
325400 1196.84
325500 1197.46
325600 1199.06
325700 1199.36
325800 1201.46
325900 1200.85
326000 1200.19
326100 1201.7
326200 1201.06
326300 1201.72
326400 1201.32
326500 1203.38
326600 1202.02
326700 1202.33
326800 1201.94
326900 1203.75
327000 1201.38
327100 1201.45
327200 1202.66
327300 1203.4
327400 1204.37
327500 1204.93
327600 1204.8
327700 1205.2
327800 1205.67
327900 1206.05
328000 1206.24
328100 1208.85
328200 1206.55
328300 1208.48
328400 1208.33
328500 1207.58
328600 1211.23
328700 1209
328800 1209.4
328900 1210.83
329000 1210.76
329100 1208.35
329200 1209.35
329300 1209.82
329400 1211.47
329500 1213.02
329600 1211.91
329700 1212.01
329800 1211.48
329900 1211.14
330000 1210.87
330100 1211.97
330200 1213.06
330300 1214.12
330400 1215.18
330500 1216.2
330600 1216.3
330700 1215.19
330800 1216.52
330900 1217.31
331000 1218.82
331100 1217.9
331200 1218.38
331300 1218.5
331400 1219.88
331500 1220.04
331600 1219.06
331700 1220.68
331800 1220
331900 1218.04
332000 1217.52
332100 1218.47
332200 1219.11
332300 1218.9
332400 1219.97
332500 1218.98
332600 1220.09
332700 1219.85
332800 1221.8
332900 1218.13
333000 1219.22
333100 1218.19
333200 1219.72
333300 1220.56
333400 1221.16
333500 1222.49
333600 1223.02
333700 1224.24
333800 1224.53
333900 1225.56
334000 1224.56
334100 1225.69
334200 1225.51
334300 1226.08
334400 1226.35
334500 1226.79
334600 1226.61
334700 1226.65
334800 1229.64
334900 1229.3
335000 1228.5
335100 1229.88
335200 1229.7
335300 1230.05
335400 1232.42
335500 1231.31
335600 1231.82
335700 1231.64
335800 1231.56
335900 1231.96
336000 1232.9
336100 1233.39
336200 1234.18
336300 1235.48
336400 1234.71
336500 1234.64
336600 1233.74
336700 1232.88
336800 1233.91
336900 1234.98
337000 1235.16
337100 1237.71
337200 1235.32
337300 1234.72
337400 1234.85
337500 1234.67
337600 1236.3
337700 1234.48
337800 1235.95
337900 1237.43
338000 1237.5
338100 1237.88
338200 1237.02
338300 1237.4
338400 1239.04
338500 1237.38
338600 1237.97
338700 1238.79
338800 1235.98
338900 1237
339000 1236.3
339100 1239.3
339200 1239.89
339300 1240.86
339400 1240.95
339500 1239.53
339600 1239.5
339700 1240.89
339800 1240.26
339900 1239.85
340000 1240.37
340100 1240.7
340200 1240.35
340300 1240.46
340400 1241.83
340500 1241.99
340600 1241.64
340700 1242.88
340800 1242.52
340900 1243.6
341000 1244.01
341100 1243.73
341200 1245.25
341300 1243.9
341400 1243.92
341500 1244.39
341600 1244.5
341700 1244.8
341800 1245.92
341900 1244.99
342000 1243.99
342100 1246.13
342200 1246.31
342300 1246.29
342400 1246.33
342500 1247.83
342600 1247.7
342700 1247.7
342800 1248.6
342900 1247.31
343000 1248.8
343100 1249.82
343200 1249.11
343300 1252.15
343400 1252.86
343500 1254.02
343600 1254.72
343700 1253.93
343800 1254.71
343900 1255.06
344000 1256.36
344100 1255.02
344200 1255.14
344300 1258.02
344400 1259.81
344500 1259.9
344600 1259.62
344700 1258.1
344800 1260.62
344900 1260.42
345000 1258.85
345100 1259.81
345200 1259.97
345300 1259.75
345400 1260.11
345500 1260.88
345600 1260.76
345700 1261.38
345800 1260.58
345900 1262.03
346000 1261.22
346100 1264.44
346200 1263.33
346300 1262.15
346400 1263.91
346500 1264.49
346600 1265.43
346700 1265.5
346800 1264.99
346900 1266.48
347000 1265.47
347100 1265.17
347200 1267.72
347300 1266.39
347400 1269.09
347500 1268.58
347600 1270.17
347700 1272.35
347800 1272.88
347900 1272.14
348000 1271.56
348100 1274.71
348200 1273.8
348300 1276.26
348400 1276.83
348500 1277.89
348600 1279.02
348700 1278.42
348800 1279.42
348900 1279.24
349000 1280.17
349100 1279.03
349200 1280.4
349300 1280
349400 1279.47
349500 1279.62
349600 1279.78
349700 1279.84
349800 1280.33
349900 1280.66
350000 1282.53
