# Time-averaged data for fix all_msd
# TimeStep c_msd1[4]
0 2.04939e-29
100 0.10251
200 0.156027
300 0.200736
400 0.276791
500 0.326761
600 0.423747
700 0.497654
800 0.637081
900 0.751444
1000 0.81079
1100 0.871064
1200 0.932024
1300 0.956871
1400 1.03993
1500 1.07319
1600 1.12656
1700 1.14172
1800 1.18631
1900 1.26154
2000 1.3263
2100 1.33267
2200 1.33571
2300 1.39422
2400 1.44403
2500 1.44025
2600 1.4556
2700 1.52036
2800 1.53727
2900 1.55505
3000 1.59194
3100 1.63717
3200 1.65449
3300 1.65172
3400 1.72163
3500 1.72422
3600 1.77316
3700 1.80147
3800 1.83473
3900 1.8231
4000 1.86687
4100 1.86038
4200 1.89485
4300 1.86422
4400 1.90705
4500 1.95056
4600 1.97187
4700 1.98668
4800 2.05435
4900 2.08458
5000 2.08243
5100 2.0921
5200 2.04512
5300 2.0736
5400 2.11374
5500 2.08685
5600 2.0961
5700 2.10951
5800 2.1057
5900 2.14936
6000 2.14545
6100 2.09239
6200 2.12107
6300 2.0969
6400 2.12586
6500 2.07809
6600 2.16076
6700 2.13762
6800 2.11087
6900 2.11301
7000 2.19502
7100 2.20166
7200 2.20325
7300 2.23859
7400 2.24836
7500 2.22044
7600 2.26273
7700 2.23433
7800 2.24638
7900 2.23935
8000 2.26706
8100 2.32019
8200 2.28674
8300 2.31787
8400 2.30657
8500 2.30308
8600 2.34899
8700 2.3105
8800 2.34645
8900 2.34928
9000 2.37594
9100 2.36801
9200 2.35572
9300 2.37646
9400 2.38308
9500 2.40103
9600 2.41827
9700 2.39678
9800 2.41937
9900 2.46598
10000 2.47036
10100 2.45962
10200 2.49528
10300 2.50113
10400 2.51903
10500 2.54924
10600 2.5824
10700 2.56808
10800 2.51927
10900 2.62626
11000 2.64744
11100 2.63824
11200 2.65433
11300 2.59641
11400 2.61635
11500 2.58924
11600 2.60959
11700 2.66982
11800 2.67315
11900 2.70687
12000 2.75407
12100 2.77264
12200 2.76315
12300 2.7798
12400 2.77896
12500 2.76514
12600 2.80553
12700 2.79826
12800 2.81281
12900 2.82948
13000 2.82016
13100 2.77633
13200 2.78059
13300 2.80308
13400 2.82561
13500 2.83998
13600 2.8616
13700 2.83882
13800 2.84687
13900 2.85154
14000 2.89847
14100 2.93725
14200 2.90432
14300 2.89464
14400 2.88377
14500 2.88316
14600 2.87701
14700 2.96187
14800 2.93858
14900 2.93543
15000 2.91681
15100 2.94306
15200 2.91762
15300 2.90184
15400 2.92429
15500 2.88426
15600 2.90015
15700 2.94027
15800 2.96946
15900 2.92337
16000 2.98685
16100 2.99112
16200 2.98273
16300 3.07212
16400 3.06248
16500 3.04978
16600 3.0625
16700 3.03551
16800 3.04782
16900 3.05136
17000 3.09979
17100 3.07102
17200 3.12276
17300 3.16542
17400 3.1998
17500 3.21755
17600 3.23535
17700 3.17564
17800 3.22439
17900 3.24342
18000 3.2237
18100 3.20273
18200 3.11977
18300 3.21533
18400 3.24301
18500 3.2273
18600 3.21814
18700 3.23355
18800 3.19355
18900 3.24624
19000 3.23527
19100 3.22713
19200 3.25112
19300 3.27129
19400 3.30456
19500 3.33477
19600 3.36894
19700 3.34378
19800 3.38211
19900 3.3809
20000 3.36226
20100 3.38718
20200 3.37504
20300 3.37793
20400 3.40581
20500 3.37064
20600 3.42009
20700 3.43372
20800 3.46036
20900 3.46106
21000 3.37966
21100 3.44598
21200 3.50574
21300 3.49804
21400 3.39901
21500 3.48137
21600 3.46786
21700 3.45574
21800 3.48834
21900 3.4851
22000 3.54389
22100 3.53923
22200 3.47404
22300 3.53351
22400 3.52784
22500 3.49096
22600 3.53719
22700 3.53651
22800 3.56041
22900 3.60251
23000 3.63285
23100 3.63027
23200 3.71126
23300 3.70628
23400 3.69982
23500 3.70691
23600 3.75511
23700 3.81792
23800 3.81798
23900 3.82251
24000 3.8612
24100 3.83959
24200 3.84381
24300 3.8915
24400 3.93022
24500 3.92604
24600 4.00082
24700 3.86363
24800 3.88547
24900 3.96307
25000 3.91018
25100 3.89219
25200 3.92112
25300 3.92576
25400 3.86165
25500 3.90439
25600 3.91911
25700 3.89799
25800 3.97895
25900 3.96219
26000 3.99224
26100 3.99676
26200 3.96607
26300 4.01665
26400 4.05915
26500 4.05546
26600 4.0426
26700 4.0617
26800 4.06589
26900 4.1323
27000 4.09466
27100 4.04648
27200 4.10306
27300 4.06592
27400 4.05496
27500 4.0358
27600 4.07829
27700 4.13292
27800 4.12386
27900 4.10091
28000 4.03427
28100 4.10211
28200 4.10738
28300 4.01722
28400 4.07494
28500 4.12517
28600 4.09507
28700 4.1141
28800 4.08978
28900 4.11967
29000 4.14345
29100 4.12119
29200 4.05836
29300 4.1272
29400 4.19522
29500 4.18167
29600 4.17115
29700 4.19205
29800 4.21634
29900 4.15158
30000 4.24363
30100 4.16387
30200 4.12533
30300 4.18388
30400 4.19596
30500 4.19201
30600 4.17103
30700 4.28367
30800 4.26305
30900 4.28738
31000 4.29249
31100 4.29496
31200 4.28685
31300 4.33805
31400 4.28428
31500 4.33629
31600 4.26852
31700 4.28811
31800 4.28996
31900 4.28445
32000 4.3274
32100 4.31675
32200 4.2582
32300 4.318
32400 4.30645
32500 4.33744
32600 4.36805
32700 4.32367
32800 4.31179
32900 4.35618
33000 4.3129
33100 4.30245
33200 4.27276
33300 4.32309
33400 4.27211
33500 4.29233
33600 4.41613
33700 4.35868
33800 4.37986
33900 4.40364
34000 4.36812
34100 4.35573
34200 4.39823
34300 4.32445
34400 4.37463
34500 4.46343
34600 4.4182
34700 4.44788
34800 4.43541
34900 4.4383
35000 4.43567
35100 4.41117
35200 4.43165
35300 4.50818
35400 4.52374
35500 4.49035
35600 4.50987
35700 4.51988
35800 4.44083
35900 4.51923
36000 4.48059
36100 4.47554
36200 4.43532
36300 4.49037
36400 4.47334
36500 4.50087
36600 4.50351
36700 4.53614
36800 4.50599
36900 4.51226
37000 4.5425
37100 4.6027
37200 4.65459
37300 4.58886
37400 4.58208
37500 4.57342
37600 4.55653
37700 4.53808
37800 4.65566
37900 4.59908
38000 4.52151
38100 4.60087
38200 4.59789
38300 4.59175
38400 4.59737
38500 4.60884
38600 4.55862
38700 4.60048
38800 4.55809
38900 4.55722
39000 4.55284
39100 4.55287
39200 4.51718
39300 4.58981
39400 4.58932
39500 4.57768
39600 4.59678
39700 4.5923
39800 4.66489
39900 4.70825
40000 4.63511
40100 4.62404
40200 4.67529
40300 4.68927
40400 4.68228
40500 4.61674
40600 4.62981
40700 4.66152
40800 4.60459
40900 4.69297
41000 4.65549
41100 4.66997
41200 4.64619
41300 4.67135
41400 4.66887
41500 4.65126
41600 4.66851
41700 4.70366
41800 4.68221
41900 4.7195
42000 4.69754
42100 4.69905
42200 4.72138
42300 4.76928
42400 4.71761
42500 4.73171
42600 4.76564
42700 4.76298
42800 4.79032
42900 4.81947
43000 4.83031
43100 4.82291
43200 4.75057
43300 4.88171
43400 4.84679
43500 4.89393
43600 4.88451
43700 4.81558
43800 4.85949
43900 4.79783
44000 4.82558
44100 4.83375
44200 4.82242
44300 4.82612
44400 4.85426
44500 4.85158
44600 4.86895
44700 4.8613
44800 4.88298
44900 4.90473
45000 4.93923
45100 4.93941
45200 4.99762
45300 4.96964
45400 4.9398
45500 4.90261
45600 4.91571
45700 4.934
45800 4.97238
45900 4.99328
46000 5.03736
46100 5.0055
46200 4.97422
46300 4.99859
46400 4.96158
46500 4.94828
46600 4.98718
46700 5.00273
46800 4.97751
46900 4.90388
47000 4.94665
47100 5.01415
47200 4.94213
47300 4.97046
47400 4.99459
47500 5.02969
47600 5.01358
47700 4.97855
47800 5.12608
47900 4.99116
48000 5.01448
48100 5.00318
48200 5.03487
48300 5.12578
48400 5.11212
48500 5.0527
48600 5.04579
48700 5.0316
48800 5.08588
48900 5.13071
49000 5.05683
49100 5.10879
49200 5.11756
49300 5.08555
49400 5.02565
49500 5.04227
49600 5.04312
49700 5.15057
49800 5.07194
49900 5.08576
50000 5.08512
50100 5.11545
50200 5.12818
50300 5.14232
50400 5.15688
50500 5.09102
50600 5.15457
50700 5.16079
50800 5.14564
50900 5.16008
51000 5.09574
51100 5.18669
51200 5.1405
51300 5.11253
51400 5.12631
51500 5.15657
51600 5.16234
51700 5.22099
51800 5.24563
51900 5.29684
52000 5.22151
52100 5.18232
52200 5.17575
52300 5.20486
52400 5.19894
52500 5.20114
52600 5.25402
52700 5.23233
52800 5.25965
52900 5.19164
53000 5.26699
53100 5.2714
53200 5.18112
53300 5.21577
53400 5.20079
53500 5.18532
53600 5.25724
53700 5.25515
53800 5.27826
53900 5.3016
54000 5.25349
54100 5.29617
54200 5.27389
54300 5.26096
54400 5.31523
54500 5.3074
54600 5.22323
54700 5.24246
54800 5.27482
54900 5.28482
55000 5.32359
55100 5.3246
55200 5.37777
55300 5.41032
55400 5.34456
55500 5.28102
55600 5.39775
55700 5.33638
55800 5.44721
55900 5.52709
56000 5.4264
56100 5.46961
56200 5.49093
56300 5.49864
56400 5.50025
56500 5.46939
56600 5.48314
56700 5.54548
56800 5.49684
56900 5.4951
57000 5.44314
57100 5.48313
57200 5.46553
57300 5.49016
57400 5.55983
57500 5.55141
57600 5.54355
57700 5.49353
57800 5.4711
57900 5.55105
58000 5.49785
58100 5.48839
58200 5.45263
58300 5.51192
58400 5.48223
58500 5.49922
58600 5.57634
58700 5.56442
58800 5.58272
58900 5.50774
59000 5.4543
59100 5.55396
59200 5.51008
59300 5.52356
59400 5.55185
59500 5.53539
59600 5.50044
59700 5.51802
59800 5.50647
59900 5.48293
60000 5.58234
60100 5.4684
60200 5.4942
60300 5.4978
60400 5.49462
60500 5.50044
60600 5.51137
60700 5.51452
60800 5.51116
60900 5.55184
61000 5.54284
61100 5.51508
61200 5.52803
61300 5.50493
61400 5.54693
61500 5.58775
61600 5.56057
61700 5.61788
61800 5.65335
61900 5.6134
62000 5.56909
62100 5.66169
62200 5.70569
62300 5.65558
62400 5.56794
62500 5.64311
62600 5.64056
62700 5.58974
62800 5.65401
62900 5.68977
63000 5.72593
63100 5.68268
63200 5.64332
63300 5.71263
63400 5.69636
63500 5.77057
63600 5.73681
63700 5.75476
63800 5.68747
63900 5.65514
64000 5.69497
64100 5.66201
64200 5.60863
64300 5.67199
64400 5.53879
64500 5.64945
64600 5.65931
64700 5.63698
64800 5.6456
64900 5.62664
65000 5.59868
65100 5.56112
65200 5.55422
65300 5.58413
65400 5.62824
65500 5.60537
65600 5.63972
65700 5.62738
65800 5.6218
65900 5.60859
66000 5.65263
66100 5.60913
66200 5.64447
66300 5.71845
66400 5.60249
66500 5.55105
66600 5.53618
66700 5.60505
66800 5.62867
66900 5.61922
67000 5.60668
67100 5.61942
67200 5.64285
67300 5.66446
67400 5.65731
67500 5.61127
67600 5.62685
67700 5.64977
67800 5.6004
67900 5.61724
68000 5.5713
68100 5.63432
68200 5.58106
68300 5.6444
68400 5.63821
68500 5.66072
68600 5.63619
68700 5.67075
68800 5.57906
68900 5.71377
69000 5.70387
69100 5.68343
69200 5.69047
69300 5.70083
69400 5.7239
69500 5.64537
69600 5.69323
69700 5.7148
69800 5.71437
69900 5.70903
70000 5.70611
70100 5.60838
70200 5.65039
70300 5.71069
70400 5.73133
70500 5.7533
70600 5.68047
70700 5.68575
70800 5.71112
70900 5.71478
71000 5.76045
71100 5.76949
71200 5.74633
71300 5.82016
71400 5.75381
71500 5.78997
71600 5.74878
71700 5.79303
71800 5.73442
71900 5.72106
72000 5.79057
72100 5.81633
72200 5.80727
72300 5.77257
72400 5.79583
72500 5.82736
72600 5.80533
72700 5.78156
72800 5.90765
72900 5.86657
73000 5.73254
73100 5.81897
73200 5.86427
73300 5.82208
73400 5.79459
73500 5.87388
73600 5.84608
73700 5.85922
73800 5.86129
73900 5.89884
74000 5.7568
74100 5.88423
74200 5.93312
74300 5.85948
74400 5.84352
74500 5.8355
74600 5.82986
74700 5.89966
74800 5.85768
74900 5.85823
75000 5.92099
75100 5.8873
75200 5.89284
75300 5.97605
75400 5.80593
75500 5.92872
75600 5.91681
75700 5.88963
75800 5.93216
75900 5.94868
76000 5.94434
76100 6.00096
76200 5.93087
76300 5.92855
76400 5.89465
76500 5.86378
76600 5.97289
76700 5.87996
76800 5.92599
76900 5.93389
77000 5.94263
77100 5.96204
77200 5.94026
77300 5.92984
77400 5.91982
77500 5.95874
77600 5.9863
77700 5.95575
77800 5.93673
77900 5.96395
78000 5.98808
78100 5.98487
78200 5.94774
78300 5.98981
78400 5.9866
78500 5.95105
78600 5.99271
78700 5.97261
78800 6.01278
78900 5.99764
79000 6
79100 5.92561
79200 5.94526
79300 5.99451
79400 5.98025
79500 5.94033
79600 5.93356
79700 5.98248
79800 5.97964
79900 5.91524
80000 5.94849
80100 6.00184
80200 5.89899
80300 5.85346
80400 5.94035
80500 5.90652
80600 5.93596
80700 5.9175
80800 5.92216
80900 5.94331
81000 5.87708
81100 5.83816
81200 5.89677
81300 5.86959
81400 5.90879
81500 5.86365
81600 5.9025
81700 5.89792
81800 5.89839
81900 5.91582
82000 5.91892
82100 5.92922
82200 5.97317
82300 6.00089
82400 5.94133
82500 5.986
82600 6.00177
82700 6.00037
82800 5.96468
82900 5.94608
83000 5.96632
83100 5.93757
83200 5.98503
83300 6.03339
83400 6.02063
83500 6.05395
83600 6.08348
83700 6.00176
83800 6.02019
83900 5.96693
84000 6.01973
84100 6.07363
84200 6.10103
84300 5.9855
84400 6.00809
84500 6.06533
84600 6.011
84700 6.05421
84800 6.07101
84900 6.07448
85000 6.11271
85100 6.06683
85200 6.03784
85300 6.12145
85400 6.14916
85500 6.1616
85600 6.14296
85700 6.10502
85800 6.06624
85900 6.07802
86000 6.09636
86100 6.08292
86200 6.06315
86300 5.99221
86400 6.11751
86500 6.07557
86600 6.07822
86700 6.05367
86800 6.06001
86900 5.98319
87000 6.15074
87100 6.08391
87200 6.12296
87300 6.09428
87400 6.13102
87500 6.10166
87600 6.10519
87700 6.14639
87800 6.11427
87900 6.1366
88000 6.18086
88100 6.21306
88200 6.21573
88300 6.2021
88400 6.21637
88500 6.21379
88600 6.17589
88700 6.16901
88800 6.10204
88900 6.20062
89000 6.17052
89100 6.11795
89200 6.19707
89300 6.24359
89400 6.25758
89500 6.24839
89600 6.18041
89700 6.17373
89800 6.21424
89900 6.20915
90000 6.2255
90100 6.24767
90200 6.23257
90300 6.23889
90400 6.27648
90500 6.23733
90600 6.23544
90700 6.18401
90800 6.20441
90900 6.2126
91000 6.2879
91100 6.25284
91200 6.23926
91300 6.23453
91400 6.17618
91500 6.22967
91600 6.20695
91700 6.18656
91800 6.23202
91900 6.25562
92000 6.15878
92100 6.19561
92200 6.29116
92300 6.22959
92400 6.28748
92500 6.26013
92600 6.26261
92700 6.25672
92800 6.23737
92900 6.20861
93000 6.21296
93100 6.18652
93200 6.1088
93300 6.19565
93400 6.16347
93500 6.17671
93600 6.2101
93700 6.17979
93800 6.17585
93900 6.23617
94000 6.24342
94100 6.16909
94200 6.17146
94300 6.18769
94400 6.19263
94500 6.20202
94600 6.29689
94700 6.30447
94800 6.24983
94900 6.26274
95000 6.33436
95100 6.32884
95200 6.34854
95300 6.26061
95400 6.28093
95500 6.25411
95600 6.25501
95700 6.29501
95800 6.24179
95900 6.22004
96000 6.27684
96100 6.3155
96200 6.35342
96300 6.28124
96400 6.28195
96500 6.1757
96600 6.25689
96700 6.19614
96800 6.2449
96900 6.22368
97000 6.28313
97100 6.29694
97200 6.3419
97300 6.29062
97400 6.2884
97500 6.29244
97600 6.28777
97700 6.32445
97800 6.27089
97900 6.24264
98000 6.32836
98100 6.28329
98200 6.25352
98300 6.27802
98400 6.25722
98500 6.25768
98600 6.31456
98700 6.29096
98800 6.20895
98900 6.27313
99000 6.2989
99100 6.27006
99200 6.27976
99300 6.26461
99400 6.36318
99500 6.27577
99600 6.27469
99700 6.29628
99800 6.31501
99900 6.27553
100000 6.36411
100100 6.35241
100200 6.36299
100300 6.36775
100400 6.3717
100500 6.35142
100600 6.28315
100700 6.35441
100800 6.32068
100900 6.35359
101000 6.27774
101100 6.30648
101200 6.30877
101300 6.27598
101400 6.28292
101500 6.28871
101600 6.30666
101700 6.33125
101800 6.34511
101900 6.31419
102000 6.26321
102100 6.32043
102200 6.3289
102300 6.29388
102400 6.25737
102500 6.34798
102600 6.31557
102700 6.30194
102800 6.39089
102900 6.34981
103000 6.26872
103100 6.32499
103200 6.32602
103300 6.28441
103400 6.31894
103500 6.2804
103600 6.33033
103700 6.3176
103800 6.21959
103900 6.27119
104000 6.26554
104100 6.32038
104200 6.23367
104300 6.26558
104400 6.321
104500 6.2297
104600 6.25596
104700 6.25642
104800 6.28199
104900 6.28833
105000 6.30154
105100 6.27986
105200 6.31223
105300 6.28297
105400 6.25475
105500 6.33563
105600 6.30895
105700 6.25181
105800 6.25306
105900 6.28844
106000 6.31175
106100 6.33275
106200 6.33352
106300 6.32839
106400 6.32285
106500 6.20565
106600 6.25287
106700 6.23947
106800 6.33392
106900 6.31172
107000 6.29448
107100 6.30083
107200 6.27933
107300 6.30747
107400 6.34012
107500 6.31369
107600 6.2985
107700 6.25432
107800 6.29397
107900 6.31346
108000 6.225
108100 6.31947
108200 6.31099
108300 6.34678
108400 6.32599
108500 6.25777
108600 6.30296
108700 6.31844
108800 6.2824
108900 6.27629
109000 6.21951
109100 6.26984
109200 6.30632
109300 6.29032
109400 6.30035
109500 6.2709
109600 6.25437
109700 6.34525
109800 6.23
109900 6.30756
110000 6.29979
110100 6.35724
110200 6.31609
110300 6.30494
110400 6.34303
110500 6.29017
110600 6.32746
110700 6.30594
110800 6.32319
110900 6.2734
111000 6.29838
111100 6.35814
111200 6.32735
111300 6.34428
111400 6.34724
111500 6.35881
111600 6.3476
111700 6.36116
111800 6.34775
111900 6.31074
112000 6.35218
112100 6.40908
112200 6.3573
112300 6.36455
112400 6.36721
112500 6.35369
112600 6.31507
112700 6.36702
112800 6.39727
112900 6.47565
113000 6.39304
113100 6.39695
113200 6.33116
113300 6.39087
113400 6.36902
113500 6.34755
113600 6.4132
113700 6.45351
113800 6.37219
113900 6.41991
114000 6.39915
114100 6.39545
114200 6.3181
114300 6.33476
114400 6.31939
114500 6.33663
114600 6.29985
114700 6.36094
114800 6.42042
114900 6.36186
115000 6.32798
115100 6.29856
115200 6.24447
115300 6.26717
115400 6.37082
115500 6.39434
115600 6.36306
115700 6.30235
115800 6.33293
115900 6.35171
116000 6.41902
116100 6.39584
116200 6.38584
116300 6.42957
116400 6.40864
116500 6.40827
116600 6.3788
116700 6.40345
116800 6.42639
116900 6.42729
117000 6.40093
117100 6.33502
117200 6.41867
117300 6.43233
117400 6.47343
117500 6.4511
117600 6.43265
117700 6.43942
117800 6.4436
117900 6.38633
118000 6.44908
118100 6.45314
118200 6.42639
118300 6.3899
118400 6.4281
118500 6.46932
118600 6.45242
118700 6.40818
118800 6.45792
118900 6.42312
119000 6.45222
119100 6.39205
119200 6.39861
119300 6.3903
119400 6.40652
119500 6.40114
119600 6.42604
119700 6.42735
119800 6.46289
119900 6.3998
120000 6.3841
120100 6.34787
120200 6.38105
120300 6.37509
120400 6.38773
120500 6.3066
120600 6.44272
120700 6.4569
120800 6.42034
120900 6.44911
121000 6.42275
121100 6.42499
121200 6.42207
121300 6.44964
121400 6.40807
121500 6.43377
121600 6.44588
121700 6.51591
121800 6.44174
121900 6.45414
122000 6.46448
122100 6.46275
122200 6.44075
122300 6.46797
122400 6.3691
122500 6.44515
122600 6.39626
122700 6.39687
122800 6.3575
122900 6.4207
123000 6.40963
123100 6.40743
123200 6.37736
123300 6.46156
123400 6.39928
123500 6.41771
123600 6.38202
123700 6.41793
123800 6.40774
123900 6.47068
124000 6.40813
124100 6.46299
124200 6.39837
124300 6.41142
124400 6.41957
124500 6.44833
124600 6.3916
124700 6.38728
124800 6.45788
124900 6.4735
125000 6.43501
125100 6.37549
125200 6.42058
125300 6.41175
125400 6.40278
125500 6.48653
125600 6.41084
125700 6.47179
125800 6.4577
125900 6.46117
126000 6.45973
126100 6.46957
126200 6.45646
126300 6.47932
126400 6.44877
126500 6.42558
126600 6.40777
126700 6.35643
126800 6.43932
126900 6.42851
127000 6.39004
127100 6.42473
127200 6.42622
127300 6.38887
127400 6.34605
127500 6.43806
127600 6.49902
127700 6.38968
127800 6.41829
127900 6.39191
128000 6.44103
128100 6.35045
128200 6.40934
128300 6.40443
128400 6.41314
128500 6.38314
128600 6.41832
128700 6.45359
128800 6.45294
128900 6.38548
129000 6.39428
129100 6.40026
129200 6.39121
129300 6.45491
129400 6.47506
129500 6.41954
129600 6.41679
129700 6.37794
129800 6.38495
129900 6.38133
130000 6.39762
130100 6.38804
130200 6.47103
130300 6.47639
130400 6.40626
130500 6.47855
130600 6.4739
130700 6.37693
130800 6.41545
130900 6.4417
131000 6.52552
131100 6.56143
131200 6.46514
131300 6.47353
131400 6.49792
131500 6.46624
131600 6.34881
131700 6.45186
131800 6.3898
131900 6.39983
132000 6.44475
132100 6.47514
132200 6.4695
132300 6.43344
132400 6.4218
132500 6.41406
132600 6.40872
132700 6.42927
132800 6.37971
132900 6.40189
133000 6.43527
133100 6.38567
133200 6.45219
133300 6.39324
133400 6.49186
133500 6.37913
133600 6.46276
133700 6.40976
133800 6.44332
133900 6.4279
134000 6.42481
134100 6.47335
134200 6.44727
134300 6.477
134400 6.45673
134500 6.42183
134600 6.3733
134700 6.37754
134800 6.46001
134900 6.43288
135000 6.4459
135100 6.41351
135200 6.45395
135300 6.42459
135400 6.40036
135500 6.46111
135600 6.47483
135700 6.41203
135800 6.43063
135900 6.43618
136000 6.45678
136100 6.42011
136200 6.49454
136300 6.51149
136400 6.46156
136500 6.42712
136600 6.40554
136700 6.42127
136800 6.41711
136900 6.44819
137000 6.44109
137100 6.5178
137200 6.46652
137300 6.41
137400 6.39105
137500 6.4668
137600 6.41927
137700 6.48625
137800 6.42472
137900 6.42884
138000 6.50528
138100 6.44901
138200 6.49209
138300 6.49495
138400 6.55426
138500 6.46811
138600 6.47819
138700 6.45346
138800 6.46337
138900 6.47603
139000 6.43971
139100 6.45663
139200 6.39114
139300 6.48948
139400 6.49467
139500 6.44014
139600 6.45464
139700 6.48125
139800 6.48061
139900 6.41446
140000 6.42024
140100 6.4395
140200 6.43902
140300 6.49155
140400 6.44939
140500 6.5261
140600 6.47428
140700 6.55524
140800 6.54054
140900 6.58785
141000 6.49009
141100 6.53504
141200 6.50114
141300 6.54759
141400 6.5164
141500 6.60226
141600 6.52805
141700 6.53138
141800 6.49921
141900 6.4844
142000 6.52038
142100 6.4857
142200 6.52813
142300 6.51877
142400 6.59662
142500 6.57166
142600 6.57656
142700 6.5627
142800 6.57497
142900 6.56455
143000 6.59844
143100 6.59346
143200 6.5287
143300 6.5961
143400 6.53178
143500 6.5607
143600 6.60994
143700 6.63003
143800 6.54347
143900 6.64225
144000 6.61674
144100 6.56373
144200 6.51135
144300 6.64759
144400 6.53002
144500 6.55136
144600 6.54295
144700 6.51902
144800 6.54318
144900 6.54521
145000 6.52114
145100 6.58722
145200 6.56072
145300 6.58675
145400 6.5348
145500 6.50501
145600 6.4821
145700 6.53752
145800 6.57445
145900 6.65421
146000 6.63976
146100 6.6119
146200 6.59767
146300 6.62507
146400 6.58199
146500 6.62401
146600 6.56097
146700 6.58103
146800 6.53812
146900 6.60155
147000 6.63396
147100 6.57506
147200 6.61629
147300 6.57143
147400 6.60334
147500 6.56048
147600 6.61158
147700 6.60506
147800 6.6438
147900 6.64325
148000 6.63757
148100 6.62782
148200 6.61925
148300 6.68082
148400 6.63786
148500 6.58352
148600 6.56158
148700 6.5595
148800 6.62841
148900 6.62421
149000 6.63587
149100 6.63503
149200 6.60517
149300 6.63287
149400 6.6299
149500 6.63847
149600 6.60709
149700 6.64009
149800 6.60107
149900 6.63057
150000 6.69522
150100 6.61057
150200 6.67224
150300 6.63827
150400 6.64369
150500 6.63375
150600 6.64884
150700 6.6693
150800 6.68153
150900 6.64428
151000 6.6194
151100 6.65457
151200 6.69201
151300 6.67131
151400 6.74208
151500 6.67292
151600 6.6699
151700 6.64027
151800 6.63955
151900 6.64233
152000 6.61346
152100 6.60123
152200 6.67557
152300 6.67002
152400 6.69142
152500 6.67042
152600 6.62058
152700 6.66031
152800 6.64403
152900 6.60362
153000 6.5952
153100 6.67804
153200 6.72578
153300 6.65481
153400 6.6406
153500 6.67081
153600 6.63981
153700 6.56543
153800 6.57359
153900 6.65681
154000 6.66801
154100 6.60876
154200 6.63623
154300 6.66294
154400 6.68844
154500 6.63095
154600 6.68903
154700 6.70494
154800 6.70257
154900 6.67801
155000 6.63373
155100 6.60199
155200 6.69693
155300 6.62652
155400 6.71013
155500 6.66879
155600 6.67456
155700 6.69976
155800 6.70089
155900 6.65077
156000 6.63909
156100 6.66969
156200 6.75021
156300 6.73995
156400 6.75632
156500 6.73589
156600 6.71713
156700 6.68724
156800 6.71993
156900 6.73088
157000 6.78194
157100 6.75112
157200 6.81495
157300 6.8124
157400 6.81106
157500 6.83301
157600 6.77389
157700 6.76977
157800 6.7401
157900 6.70543
158000 6.78267
158100 6.83001
158200 6.77027
158300 6.80041
158400 6.68217
158500 6.67563
158600 6.70973
158700 6.77663
158800 6.76018
158900 6.72298
159000 6.84041
159100 6.82137
159200 6.81274
159300 6.77843
159400 6.84103
159500 6.82503
159600 6.73821
159700 6.79311
159800 6.72855
159900 6.77957
160000 6.77748
160100 6.79172
160200 6.72855
160300 6.75772
160400 6.73426
160500 6.79862
160600 6.69155
160700 6.77981
160800 6.74992
160900 6.74139
161000 6.73307
161100 6.70699
161200 6.79134
161300 6.74938
161400 6.69827
161500 6.75873
161600 6.77709
161700 6.759
161800 6.69976
161900 6.70514
162000 6.77872
162100 6.82222
162200 6.83579
162300 6.81134
162400 6.82844
162500 6.79929
162600 6.80534
162700 6.7657
162800 6.73865
162900 6.74507
163000 6.76854
163100 6.80213
163200 6.81122
163300 6.844
163400 6.82389
163500 6.84456
163600 6.81168
163700 6.8665
163800 6.80238
163900 6.79227
164000 6.78686
164100 6.78235
164200 6.8082
164300 6.74771
164400 6.80768
164500 6.77927
164600 6.79091
164700 6.79526
164800 6.78011
164900 6.75794
165000 6.77555
165100 6.82475
165200 6.8031
165300 6.76851
165400 6.81629
165500 6.81853
165600 6.80044
165700 6.77812
165800 6.78034
165900 6.728
166000 6.68391
166100 6.80057
166200 6.78322
166300 6.79177
166400 6.76887
166500 6.81904
166600 6.77642
166700 6.77871
166800 6.74976
166900 6.78696
167000 6.75073
167100 6.70132
167200 6.78138
167300 6.72907
167400 6.72721
167500 6.8066
167600 6.7602
167700 6.7388
167800 6.66609
167900 6.69991
168000 6.69744
168100 6.79459
168200 6.78112
168300 6.74548
168400 6.75284
168500 6.73608
168600 6.7314
168700 6.76226
168800 6.71087
168900 6.72044
169000 6.72918
169100 6.77333
169200 6.73358
169300 6.79606
169400 6.7998
169500 6.7811
169600 6.78316
169700 6.73254
169800 6.76882
169900 6.7533
170000 6.70893
170100 6.62778
170200 6.64975
170300 6.76271
170400 6.75585
170500 6.75833
170600 6.77307
170700 6.79461
170800 6.7692
170900 6.7741
171000 6.83953
171100 6.80494
171200 6.83151
171300 6.81376
171400 6.88715
171500 6.91714
171600 6.83151
171700 6.83375
171800 6.85545
171900 6.81714
172000 6.80186
172100 6.83829
172200 6.83328
172300 6.81596
172400 6.88112
172500 6.81494
172600 6.79367
172700 6.80939
172800 6.84062
172900 6.84016
173000 6.83031
173100 6.85129
173200 6.81347
173300 6.80766
173400 6.7784
173500 6.85143
173600 6.86694
173700 6.82721
173800 6.74257
173900 6.74896
174000 6.81
174100 6.64903
174200 6.81208
174300 6.79974
174400 6.75666
174500 6.7689
174600 6.79195
174700 6.78531
174800 6.74569
174900 6.76561
175000 6.80419
175100 6.79421
175200 6.88742
175300 6.8694
175400 6.86224
175500 6.82617
175600 6.74336
175700 6.82884
175800 6.74444
175900 6.79828
176000 6.88355
176100 6.80288
176200 6.73602
176300 6.80557
176400 6.75299
176500 6.74055
176600 6.68084
176700 6.76347
176800 6.80446
176900 6.81003
177000 6.74414
177100 6.73848
177200 6.75561
177300 6.78723
177400 6.80945
177500 6.71643
177600 6.77271
177700 6.77559
177800 6.73277
177900 6.69114
178000 6.77386
178100 6.80931
178200 6.84646
178300 6.72451
178400 6.76678
178500 6.79095
178600 6.82448
178700 6.76083
178800 6.78911
178900 6.75477
179000 6.79175
179100 6.77276
179200 6.83352
179300 6.7483
179400 6.75215
179500 6.71602
179600 6.69836
179700 6.81687
179800 6.75222
179900 6.82231
180000 6.83593
180100 6.75988
180200 6.75652
180300 6.74953
180400 6.7492
180500 6.7966
180600 6.77245
180700 6.7401
180800 6.80296
180900 6.79812
181000 6.81634
181100 6.72695
181200 6.81461
181300 6.77394
181400 6.84416
181500 6.83945
181600 6.73834
181700 6.79444
181800 6.82074
181900 6.79752
182000 6.78752
182100 6.78036
182200 6.77692
182300 6.78907
182400 6.75183
182500 6.79753
182600 6.79397
182700 6.73959
182800 6.72978
182900 6.78517
183000 6.86005
183100 6.83048
183200 6.81498
183300 6.74347
183400 6.78306
183500 6.76192
183600 6.82826
183700 6.8289
183800 6.81514
183900 6.86102
184000 6.78947
184100 6.798
184200 6.79339
184300 6.80323
184400 6.83938
184500 6.86773
184600 6.87153
184700 6.90043
184800 6.82812
184900 6.83904
185000 6.89335
185100 6.79591
185200 6.88857
185300 6.83079
185400 6.80506
185500 6.82483
185600 6.77251
185700 6.78413
185800 6.84284
185900 6.87211
186000 6.86575
186100 6.87205
186200 6.76221
186300 6.87632
186400 6.86211
186500 6.91265
186600 6.969
186700 6.91578
186800 6.96771
186900 6.90178
187000 6.86718
187100 6.95241
187200 6.87367
187300 6.95389
187400 6.88558
187500 6.91537
187600 6.87985
187700 6.85809
187800 6.83965
187900 6.85939
188000 6.89381
188100 6.87609
188200 6.96395
188300 6.95801
188400 6.84177
188500 6.88431
188600 6.77933
188700 6.87429
188800 6.83009
188900 6.85065
189000 6.84835
189100 6.81339
189200 6.82409
189300 6.86167
189400 6.8866
189500 6.86472
189600 6.78871
189700 6.89599
189800 6.89509
189900 6.77988
190000 6.89877
190100 6.83653
190200 6.89702
190300 6.82326
190400 6.84803
190500 6.85046
190600 6.86777
190700 6.87251
190800 6.8433
190900 6.7838
191000 6.84976
191100 6.85266
191200 6.86244
191300 6.86654
191400 6.86529
191500 6.76144
191600 6.79118
191700 6.77815
191800 6.8955
191900 6.90641
192000 6.90759
192100 6.87234
192200 6.95457
192300 6.90425
192400 6.84002
192500 6.92208
192600 6.90905
192700 6.90992
192800 6.8762
192900 6.88442
193000 6.94173
193100 6.9634
193200 6.96468
193300 6.9264
193400 6.9624
193500 6.91613
193600 6.94538
193700 6.95854
193800 6.95963
193900 6.91256
194000 6.93019
194100 6.93201
194200 6.89483
194300 6.91079
194400 6.87028
194500 6.88062
194600 6.88035
194700 6.88278
194800 6.91708
194900 6.88459
195000 6.88172
195100 6.85646
195200 6.92509
195300 6.86281
195400 6.85024
195500 6.86849
195600 6.89489
195700 6.8757
195800 6.87209
195900 6.87634
196000 6.83522
196100 6.8435
196200 6.87692
196300 6.91471
196400 6.89452
196500 6.88742
196600 6.92891
196700 6.93504
196800 6.91397
196900 6.91543
197000 6.9127
197100 6.90409
197200 6.91035
197300 6.94057
197400 6.9683
197500 6.96348
197600 6.98401
197700 6.9675
197800 6.9236
197900 6.93075
198000 6.90954
198100 6.8168
198200 6.92857
198300 6.90209
198400 6.94856
198500 6.871
198600 6.90803
198700 6.96488
198800 6.92576
198900 6.94763
199000 6.958
199100 6.97092
199200 6.9417
199300 6.9261
199400 6.94703
199500 6.96133
199600 6.96738
199700 6.91471
199800 6.88055
199900 6.94872
200000 6.89684
200100 6.9132
200200 6.91996
200300 6.98467
200400 6.97907
200500 7.02922
200600 6.98159
200700 6.97095
200800 6.96188
200900 6.97952
201000 6.97306
201100 7.01795
201200 6.97726
201300 6.94923
201400 6.97424
201500 7.01355
201600 6.95826
201700 6.9963
201800 6.99144
201900 6.99846
202000 6.88395
202100 6.95203
202200 6.95139
202300 6.95992
202400 6.94838
202500 6.90092
202600 6.96767
202700 6.9593
202800 6.85531
202900 6.90928
203000 6.89556
203100 6.86976
203200 6.85123
203300 6.9373
203400 6.94055
203500 6.96776
203600 6.97063
203700 6.88139
203800 6.94387
203900 6.8785
204000 6.87505
204100 6.85363
204200 6.89935
204300 6.92445
204400 6.96485
204500 6.88579
204600 6.94131
204700 6.91294
204800 6.89134
204900 6.88166
205000 6.89784
205100 6.89836
205200 6.89665
205300 6.86726
205400 6.90023
205500 6.92087
205600 6.9024
205700 6.87166
205800 6.82996
205900 6.87212
206000 6.88968
206100 6.85132
206200 6.86785
206300 6.83301
206400 6.85287
206500 6.83572
206600 6.83988
206700 6.7878
206800 6.79363
206900 6.75823
207000 6.91865
207100 6.8136
207200 6.90913
207300 6.84144
207400 6.85259
207500 6.86376
207600 6.82818
207700 6.87164
207800 6.87254
207900 6.87617
208000 6.94207
208100 6.84706
208200 6.96425
208300 6.89029
208400 6.94831
208500 6.99642
208600 6.89055
208700 6.90436
208800 6.90247
208900 6.93121
209000 6.90314
209100 6.88073
209200 6.89659
209300 6.91076
209400 6.87766
209500 6.84004
209600 6.84063
209700 6.84216
209800 6.89718
209900 6.88485
210000 6.87209
210100 6.88749
210200 6.82886
210300 6.9067
210400 6.92909
210500 6.85938
210600 6.81438
210700 6.92356
210800 6.87904
210900 6.87021
211000 6.89133
211100 6.90489
211200 6.94555
211300 6.91642
211400 6.85147
211500 6.91937
211600 7.00014
211700 6.95071
211800 6.90733
211900 6.91905
212000 7.0019
212100 6.97289
212200 6.92594
212300 6.95142
212400 6.95734
212500 6.90776
212600 6.95875
212700 6.91304
212800 6.89995
212900 6.9283
213000 6.88487
213100 6.85816
213200 6.82312
213300 6.98844
213400 6.96443
213500 6.93764
213600 6.86466
213700 6.85887
213800 6.85951
213900 6.88679
214000 6.95568
214100 6.90417
214200 6.92747
214300 6.96754
214400 6.96643
214500 6.9225
214600 6.94502
214700 6.96475
214800 6.85799
214900 6.89951
215000 6.93175
215100 6.93836
215200 6.98038
215300 6.86179
215400 6.96432
215500 6.90776
215600 6.95892
215700 6.98256
215800 6.88617
215900 6.8699
216000 6.88177
216100 6.86562
216200 6.878
216300 6.8872
216400 6.9057
216500 6.87388
216600 6.93176
216700 6.9614
216800 6.9552
216900 6.90311
217000 6.91466
217100 6.9366
217200 6.89133
217300 6.86549
217400 6.85607
217500 6.93819
217600 6.95525
217700 6.97759
217800 6.97728
217900 7.0449
218000 6.87709
218100 6.90461
218200 6.9447
218300 6.93659
218400 6.98382
218500 6.86998
218600 6.89536
218700 6.98262
218800 6.9939
218900 7.00336
219000 7.00041
219100 6.94623
219200 6.93713
219300 6.97376
219400 7.01433
219500 7.02278
219600 7.03189
219700 7.05965
219800 6.98771
219900 7.03206
220000 7.02622
220100 6.98158
220200 6.94845
220300 7.00171
220400 7.04513
220500 6.98861
220600 7.00799
220700 6.98132
220800 7.01771
220900 6.9934
221000 7.0301
221100 7.073
221200 7.00318
221300 6.97268
221400 7.01437
221500 7.00494
221600 7.0704
221700 7.03328
221800 6.99288
221900 7.01693
222000 7.05632
222100 7.04767
222200 7.04975
222300 7.0353
222400 7.02336
222500 7.13214
222600 6.98976
222700 7.01889
222800 7.01104
222900 7.06845
223000 7.05403
223100 6.99739
223200 7.0024
223300 7.02896
223400 6.94304
223500 6.96423
223600 7.06672
223700 7.10866
223800 7.05866
223900 6.98958
224000 6.93901
224100 6.95922
224200 6.90916
224300 6.97354
224400 6.94341
224500 6.94068
224600 6.90757
224700 7.05715
224800 7.0373
224900 7.02933
225000 6.93942
225100 7.0296
225200 6.95082
225300 7.0668
225400 6.95327
225500 7.00613
225600 6.95264
225700 6.94445
225800 6.92595
225900 6.98336
226000 6.98902
226100 7.0023
226200 7.01156
226300 6.97605
226400 6.98228
226500 6.93268
226600 6.99298
226700 6.96368
226800 6.94668
226900 6.99008
227000 6.91518
227100 6.88846
227200 6.91961
227300 6.92892
227400 6.92993
227500 7.00467
227600 6.92275
227700 6.99174
227800 6.94818
227900 6.94004
228000 6.87738
228100 6.92268
228200 6.94896
228300 6.93245
228400 7.00701
228500 6.91285
228600 6.92924
228700 6.96454
228800 6.95103
228900 6.91881
229000 6.87343
229100 6.98189
229200 6.94226
229300 6.88933
229400 7.03743
229500 6.9507
229600 6.9553
229700 6.97106
229800 7.03871
229900 6.97201
230000 6.97493
230100 6.89375
230200 6.97661
230300 6.97468
230400 6.96763
230500 6.98193
230600 6.94287
230700 6.97428
230800 6.91584
230900 6.9287
231000 6.99461
231100 6.95025
231200 7.03715
231300 6.97221
231400 6.9781
231500 6.98244
231600 6.97415
231700 6.94096
231800 6.97731
231900 6.91334
232000 6.92874
232100 6.95172
232200 6.94058
232300 6.92444
232400 6.90014
232500 6.89255
232600 6.93775
232700 6.90225
232800 6.90565
232900 6.88257
233000 6.9734
233100 6.93949
233200 6.93258
233300 6.90485
233400 6.94164
233500 6.9593
233600 6.92777
233700 7.03528
233800 6.94452
233900 6.89882
234000 6.87992
234100 6.98313
234200 7.01504
234300 6.95605
234400 6.96983
234500 7.00976
234600 6.98893
234700 6.87806
234800 6.96197
234900 7.03349
235000 7.01783
235100 7.03252
235200 7.07182
235300 6.99219
235400 6.99871
235500 7.0455
235600 7.04842
235700 6.99905
235800 7.00162
235900 7.04723
236000 7.03146
236100 7.02632
236200 6.96786
236300 6.96732
236400 7.0021
236500 7.01283
236600 6.97834
236700 7.03192
236800 7.03231
236900 7.08708
237000 7.02098
237100 6.96198
237200 7.04185
237300 6.97207
237400 6.99269
237500 7.04458
237600 7.05318
237700 6.96104
237800 7.00569
237900 6.97164
238000 6.94593
238100 7.01655
238200 6.97043
238300 7.04717
238400 6.9896
238500 6.98521
238600 7.00644
238700 6.94503
238800 7.01293
238900 6.99165
239000 7.041
239100 7.00739
239200 7.06827
239300 6.96933
239400 7.04321
239500 7.02177
239600 6.99465
239700 7.00373
239800 7.02474
239900 7.02977
240000 7.11055
240100 7.07986
240200 7.02061
240300 7.08842
240400 7.00273
240500 7.02231
240600 7.05779
240700 7.06198
240800 6.9887
240900 7.13514
241000 7.08011
241100 7.115
241200 7.06843
241300 7.07264
241400 7.09117
241500 7.07937
241600 7.04341
241700 7.13016
241800 7.10341
241900 7.07664
242000 7.07422
242100 7.12376
242200 7.14945
242300 7.13647
242400 7.07291
242500 7.08801
242600 7.12341
242700 7.14513
242800 7.09582
242900 7.09856
243000 7.10025
243100 7.10544
243200 7.16057
243300 7.11823
243400 7.10825
243500 7.09345
243600 7.09382
243700 7.06103
243800 7.0957
243900 7.14084
244000 7.0933
244100 7.08854
244200 7.15523
244300 7.16796
244400 7.13402
244500 7.1702
244600 7.23917
244700 7.13736
244800 7.15781
244900 7.13688
245000 7.1304
245100 7.13422
245200 7.14609
245300 7.14915
245400 7.13348
245500 7.18515
245600 7.1131
245700 7.12793
245800 7.15005
245900 7.19402
246000 7.17841
246100 7.18898
246200 7.15588
246300 7.15081
246400 7.20614
246500 7.13311
246600 7.14951
246700 7.16907
246800 7.18896
246900 7.19173
247000 7.0652
247100 7.14839
247200 7.14762
247300 7.14588
247400 7.1404
247500 7.14708
247600 7.1454
247700 7.13253
247800 7.09521
247900 7.13741
248000 7.17753
248100 7.13778
248200 7.14237
248300 7.18964
248400 7.18606
248500 7.06582
248600 7.07717
248700 7.12776
248800 7.13322
248900 7.1548
249000 7.16417
249100 7.18644
249200 7.12315
249300 7.13893
249400 7.13478
249500 7.08856
249600 7.15711
249700 7.14643
249800 7.18237
249900 7.21603
250000 7.1321
250100 7.17903
250200 7.14007
250300 7.155
250400 7.10037
250500 7.09139
250600 7.07843
250700 7.15932
250800 7.18235
250900 7.20038
251000 7.12394
251100 7.11187
251200 7.16953
251300 7.05164
251400 7.12153
251500 7.13967
251600 7.185
251700 7.25177
251800 7.14224
251900 7.15336
252000 7.10993
252100 7.22019
252200 7.07117
252300 7.12515
252400 7.1117
252500 7.14279
252600 7.11857
252700 7.12478
252800 7.13637
252900 7.12983
253000 7.19669
253100 7.18395
253200 7.2004
253300 7.19234
253400 7.1571
253500 7.18568
253600 7.14701
253700 7.20743
253800 7.12785
253900 7.19769
254000 7.15938
254100 7.13879
254200 7.17833
254300 7.19725
254400 7.1267
254500 7.09837
254600 7.14545
254700 7.16027
254800 7.18509
254900 7.18468
255000 7.20187
255100 7.27164
255200 7.20891
255300 7.17335
255400 7.18336
255500 7.18447
255600 7.22745
255700 7.16263
255800 7.2303
255900 7.25154
256000 7.24316
256100 7.25384
256200 7.22837
256300 7.22091
256400 7.16658
256500 7.29118
256600 7.25125
256700 7.28217
256800 7.1668
256900 7.21837
257000 7.21651
257100 7.26008
257200 7.26395
257300 7.17836
257400 7.21182
257500 7.14718
257600 7.16414
257700 7.12865
257800 7.29
257900 7.15946
258000 7.1725
258100 7.17039
258200 7.14882
258300 7.21979
258400 7.16502
258500 7.22228
258600 7.22508
258700 7.25155
258800 7.18163
258900 7.18931
259000 7.27337
259100 7.15864
259200 7.18827
259300 7.20572
259400 7.2136
259500 7.15785
259600 7.25801
259700 7.23914
259800 7.24554
259900 7.15738
260000 7.20631
260100 7.17783
260200 7.2163
260300 7.25061
260400 7.14531
260500 7.16815
260600 7.18587
260700 7.22979
260800 7.24349
260900 7.17534
261000 7.22123
261100 7.22916
261200 7.21236
261300 7.19459
261400 7.23688
261500 7.17932
261600 7.22146
261700 7.26786
261800 7.20968
261900 7.18777
262000 7.14169
262100 7.20707
262200 7.12956
262300 7.14091
262400 7.1035
262500 7.19559
262600 7.21266
262700 7.15639
262800 7.11189
262900 7.06628
263000 7.09379
263100 7.16214
263200 7.21005
263300 7.20913
263400 7.26853
263500 7.08808
263600 7.18285
263700 7.12885
263800 7.17117
263900 7.15638
264000 7.10315
264100 7.14374
264200 7.15911
264300 7.18756
264400 7.12669
264500 7.16762
264600 7.19686
264700 7.16832
264800 7.19772
264900 7.17758
265000 7.26036
265100 7.19911
265200 7.23594
265300 7.27567
265400 7.24275
265500 7.21918
265600 7.18086
265700 7.26841
265800 7.19507
265900 7.21476
266000 7.27292
266100 7.26569
266200 7.28327
266300 7.27616
266400 7.27947
266500 7.21161
266600 7.2834
266700 7.368
266800 7.28802
266900 7.26721
267000 7.3444
267100 7.34969
267200 7.34848
267300 7.29262
267400 7.36466
267500 7.27782
267600 7.29026
267700 7.26281
267800 7.30079
267900 7.2601
268000 7.28483
268100 7.28996
268200 7.2365
268300 7.28528
268400 7.26328
268500 7.24914
268600 7.29468
268700 7.32972
268800 7.35789
268900 7.32606
269000 7.29515
269100 7.15457
269200 7.17653
269300 7.28035
269400 7.20204
269500 7.21215
269600 7.29043
269700 7.32836
269800 7.25803
269900 7.3491
270000 7.28255
270100 7.29298
270200 7.28741
270300 7.29217
270400 7.32145
270500 7.31226
270600 7.27786
270700 7.25452
270800 7.29889
270900 7.2708
271000 7.31077
271100 7.36317
271200 7.33992
271300 7.26835
271400 7.23234
271500 7.25767
271600 7.32395
271700 7.28909
271800 7.25651
271900 7.24173
272000 7.21824
272100 7.23451
272200 7.31234
272300 7.28571
272400 7.3064
272500 7.27754
272600 7.27583
272700 7.16996
272800 7.28206
272900 7.3106
273000 7.30614
273100 7.24754
273200 7.23318
273300 7.26158
273400 7.29532
273500 7.22808
273600 7.28314
273700 7.29302
273800 7.19366
273900 7.22817
274000 7.23419
274100 7.30867
274200 7.20358
274300 7.19881
274400 7.20107
274500 7.20057
274600 7.17659
274700 7.12811
274800 7.15151
274900 7.17147
275000 7.21647
275100 7.2404
275200 7.15898
275300 7.23387
275400 7.17218
275500 7.19851
275600 7.19187
275700 7.18655
275800 7.20705
275900 7.1351
276000 7.24295
276100 7.19168
276200 7.18793
276300 7.26647
276400 7.17809
276500 7.15354
276600 7.24073
276700 7.1409
276800 7.27282
276900 7.306
277000 7.25368
277100 7.23758
277200 7.25263
277300 7.21797
277400 7.28809
277500 7.21283
277600 7.28698
277700 7.13117
277800 7.24198
277900 7.23814
278000 7.29901
278100 7.24767
278200 7.25229
278300 7.25804
278400 7.3055
278500 7.31977
278600 7.24642
278700 7.24559
278800 7.29793
278900 7.23516
279000 7.23838
279100 7.2639
279200 7.29489
279300 7.23117
279400 7.31629
279500 7.32887
279600 7.27813
279700 7.30331
279800 7.31135
279900 7.29617
280000 7.25303
280100 7.27548
280200 7.28528
280300 7.29176
280400 7.29314
280500 7.28259
280600 7.30024
280700 7.29741
280800 7.28467
280900 7.29862
281000 7.31937
281100 7.27597
281200 7.30905
281300 7.27472
281400 7.20877
281500 7.24776
281600 7.27196
281700 7.26455
281800 7.31962
281900 7.26002
282000 7.25818
282100 7.26211
282200 7.30474
282300 7.28338
282400 7.38382
282500 7.29649
282600 7.31808
282700 7.32864
282800 7.25631
282900 7.32927
283000 7.2588
283100 7.3534
283200 7.31342
283300 7.32645
283400 7.32521
283500 7.32414
283600 7.32227
283700 7.25658
283800 7.40312
283900 7.34533
284000 7.28417
284100 7.36212
284200 7.28202
284300 7.29085
284400 7.30508
284500 7.437
284600 7.33883
284700 7.32469
284800 7.34451
284900 7.3591
285000 7.33778
285100 7.30364
285200 7.31282
285300 7.38665
285400 7.33944
285500 7.33086
285600 7.29803
285700 7.34947
285800 7.27572
285900 7.31549
286000 7.31084
286100 7.35118
286200 7.33224
286300 7.40447
286400 7.27321
286500 7.22364
286600 7.18504
286700 7.20721
286800 7.23779
286900 7.18854
287000 7.2951
287100 7.24088
287200 7.26531
287300 7.28074
287400 7.26526
287500 7.24617
287600 7.15721
287700 7.25568
287800 7.30365
287900 7.34863
288000 7.32424
288100 7.27506
288200 7.31405
288300 7.34901
288400 7.3575
288500 7.35465
288600 7.35008
288700 7.25708
288800 7.36468
288900 7.35155
289000 7.37132
289100 7.24329
289200 7.33148
289300 7.32674
289400 7.33421
289500 7.32735
289600 7.42261
289700 7.43731
289800 7.37042
289900 7.37344
290000 7.4334
290100 7.42218
290200 7.41091
290300 7.37738
290400 7.36289
290500 7.33788
290600 7.3632
290700 7.35483
290800 7.36877
290900 7.32476
291000 7.38053
291100 7.41924
291200 7.33698
291300 7.36874
291400 7.31929
291500 7.37242
291600 7.37985
291700 7.4559
291800 7.43046
291900 7.3331
292000 7.3952
292100 7.34406
292200 7.31228
292300 7.33212
292400 7.29681
292500 7.28854
292600 7.31027
292700 7.37907
292800 7.2976
292900 7.30753
293000 7.37247
293100 7.37436
293200 7.43544
293300 7.33256
293400 7.33809
293500 7.31349
293600 7.25148
293700 7.3921
293800 7.38487
293900 7.36614
294000 7.33918
294100 7.36772
294200 7.33546
294300 7.24328
294400 7.3206
294500 7.32596
294600 7.27222
294700 7.34166
294800 7.37215
294900 7.33268
295000 7.38888
295100 7.33354
295200 7.34241
295300 7.38167
295400 7.35254
295500 7.39955
295600 7.42008
295700 7.3886
295800 7.3052
295900 7.32952
296000 7.46382
296100 7.38952
296200 7.35565
296300 7.43055
296400 7.41131
296500 7.37966
296600 7.35382
296700 7.31875
296800 7.35341
296900 7.41631
297000 7.3387
297100 7.38269
297200 7.36788
297300 7.37452
297400 7.36473
297500 7.36898
297600 7.37323
297700 7.34655
297800 7.35821
297900 7.33278
298000 7.35974
298100 7.32002
298200 7.32339
298300 7.3151
298400 7.34116
298500 7.41111
298600 7.34705
298700 7.29589
298800 7.2959
298900 7.29888
299000 7.34341
299100 7.32715
299200 7.31515
299300 7.26777
299400 7.28481
299500 7.36842
299600 7.29789
299700 7.35841
299800 7.40711
299900 7.41294
300000 7.39646
300100 7.39522
300200 7.36126
300300 7.34056
300400 7.30124
300500 7.40259
300600 7.38305
300700 7.43694
300800 7.31657
300900 7.37329
301000 7.39915
301100 7.35072
301200 7.45692
301300 7.38033
301400 7.4081
301500 7.35391
301600 7.40554
301700 7.35308
301800 7.31611
301900 7.35158
302000 7.32173
302100 7.32587
302200 7.42382
302300 7.38375
302400 7.34461
302500 7.38626
302600 7.34733
302700 7.31273
302800 7.33466
302900 7.30862
303000 7.31357
303100 7.38044
303200 7.38432
303300 7.34201
303400 7.37682
303500 7.36818
303600 7.35883
303700 7.37926
303800 7.41865
303900 7.37256
304000 7.41472
304100 7.35698
304200 7.4232
304300 7.39237
304400 7.36588
304500 7.34928
304600 7.39997
304700 7.35322
304800 7.42972
304900 7.41513
305000 7.39159
305100 7.37679
305200 7.38122
305300 7.39149
305400 7.43817
305500 7.46244
305600 7.45068
305700 7.44623
305800 7.44661
305900 7.42196
306000 7.49221
306100 7.43077
306200 7.50177
306300 7.47722
306400 7.40393
306500 7.35704
306600 7.40507
306700 7.4375
306800 7.40851
306900 7.40644
307000 7.41232
307100 7.46475
307200 7.40818
307300 7.38711
307400 7.3851
307500 7.3683
307600 7.42613
307700 7.42504
307800 7.44988
307900 7.43874
308000 7.37533
308100 7.43695
308200 7.41331
308300 7.42595
308400 7.38476
308500 7.43623
308600 7.46463
308700 7.42163
308800 7.47404
308900 7.51751
309000 7.4319
309100 7.44268
309200 7.44389
309300 7.39536
309400 7.42255
309500 7.43698
309600 7.43655
309700 7.53412
309800 7.42727
309900 7.49956
310000 7.41846
310100 7.41854
310200 7.37333
310300 7.40065
310400 7.43148
310500 7.37846
310600 7.3344
310700 7.35069
310800 7.32663
310900 7.40668
311000 7.47444
311100 7.4127
311200 7.37452
311300 7.43504
311400 7.34336
311500 7.37331
311600 7.40331
311700 7.42382
311800 7.38037
311900 7.4445
312000 7.39614
312100 7.4044
312200 7.45845
312300 7.37805
312400 7.4226
312500 7.38891
312600 7.42401
312700 7.34024
312800 7.3505
312900 7.3868
313000 7.43954
313100 7.3885
313200 7.43393
313300 7.42607
313400 7.45653
313500 7.43415
313600 7.38005
313700 7.445
313800 7.41972
313900 7.42357
314000 7.38078
314100 7.44116
314200 7.46523
314300 7.44273
314400 7.38964
314500 7.42765
314600 7.41872
314700 7.38101
314800 7.44218
314900 7.39227
315000 7.47456
315100 7.44428
315200 7.5938
315300 7.44068
315400 7.44934
315500 7.46498
315600 7.46192
315700 7.46945
315800 7.42165
315900 7.41594
316000 7.35856
316100 7.39514
316200 7.47663
316300 7.38515
316400 7.38884
316500 7.43616
316600 7.40686
316700 7.41709
316800 7.45762
316900 7.39062
317000 7.49194
317100 7.36473
317200 7.45267
317300 7.52984
317400 7.51395
317500 7.50909
317600 7.43626
317700 7.36354
317800 7.47936
317900 7.53634
318000 7.52411
318100 7.46326
318200 7.43826
318300 7.42322
318400 7.43891
318500 7.51916
318600 7.44753
318700 7.45917
318800 7.47335
318900 7.43573
319000 7.48958
319100 7.40432
319200 7.45515
319300 7.43149
319400 7.44894
319500 7.4778
319600 7.41576
319700 7.56656
319800 7.49715
319900 7.43156
320000 7.48176
320100 7.49986
320200 7.48618
320300 7.57528
320400 7.59449
320500 7.59361
320600 7.48865
320700 7.52861
320800 7.45396
320900 7.44198
321000 7.56409
321100 7.48226
321200 7.51809
321300 7.43171
321400 7.48617
321500 7.55678
321600 7.51155
321700 7.55202
321800 7.44891
321900 7.54196
322000 7.44624
322100 7.41408
322200 7.43319
322300 7.43298
322400 7.38155
322500 7.43843
322600 7.47718
322700 7.39602
322800 7.45897
322900 7.46674
323000 7.49092
323100 7.59669
323200 7.47677
323300 7.47821
323400 7.48162
323500 7.50604
323600 7.40549
323700 7.3832
323800 7.42749
323900 7.44889
324000 7.40015
324100 7.37644
324200 7.45866
324300 7.39489
324400 7.46766
324500 7.45303
324600 7.52221
324700 7.43235
324800 7.36456
324900 7.37023
325000 7.35104
325100 7.42164
325200 7.42051
325300 7.4214
325400 7.41621
325500 7.40338
325600 7.44388
325700 7.48261
325800 7.43385
325900 7.3932
326000 7.42645
326100 7.35365
326200 7.4369
326300 7.39432
326400 7.37585
326500 7.41675
326600 7.43872
326700 7.39121
326800 7.37801
326900 7.42006
327000 7.37043
327100 7.45331
327200 7.39803
327300 7.40114
327400 7.43622
327500 7.4946
327600 7.48197
327700 7.4255
327800 7.42745
327900 7.4134
328000 7.47027
328100 7.47815
328200 7.42221
328300 7.38452
328400 7.40983
328500 7.41277
328600 7.43871
328700 7.4498
328800 7.347
328900 7.3842
329000 7.34718
329100 7.36446
329200 7.42833
329300 7.42959
329400 7.41979
329500 7.40137
329600 7.38845
329700 7.44342
329800 7.39954
329900 7.44253
330000 7.43444
330100 7.3509
330200 7.38326
330300 7.38381
330400 7.35098
330500 7.41436
330600 7.47297
330700 7.40863
330800 7.40016
330900 7.43148
331000 7.45369
331100 7.39202
331200 7.37873
331300 7.39933
331400 7.37856
331500 7.37564
331600 7.46667
331700 7.43865
331800 7.40884
331900 7.48752
332000 7.44473
332100 7.44731
332200 7.46776
332300 7.4318
332400 7.48506
332500 7.45635
332600 7.46282
332700 7.48129
332800 7.51973
332900 7.54106
333000 7.56231
333100 7.50045
333200 7.5326
333300 7.43011
333400 7.47004
333500 7.4817
333600 7.48343
333700 7.43423
333800 7.46733
333900 7.53537
334000 7.49725
334100 7.416
334200 7.46696
334300 7.44854
334400 7.38375
334500 7.50127
334600 7.5194
334700 7.50875
334800 7.48052
334900 7.49281
335000 7.55074
335100 7.50278
335200 7.52219
335300 7.45017
335400 7.46614
335500 7.53358
335600 7.47395
335700 7.47806
335800 7.46995
335900 7.58867
336000 7.51991
336100 7.5143
336200 7.52137
336300 7.56867
336400 7.57493
336500 7.54298
336600 7.46978
336700 7.54763
336800 7.57046
336900 7.54339
337000 7.57617
337100 7.57666
337200 7.50101
337300 7.56812
337400 7.57355
337500 7.61409
337600 7.52287
337700 7.46087
337800 7.46088
337900 7.43928
338000 7.50017
338100 7.57042
338200 7.54
338300 7.54711
338400 7.55974
338500 7.53635
338600 7.56749
338700 7.55277
338800 7.48975
338900 7.51278
339000 7.53432
339100 7.48196
339200 7.50361
339300 7.47621
339400 7.45875
339500 7.50302
339600 7.50978
339700 7.50644
339800 7.51836
339900 7.44011
340000 7.53877
340100 7.55081
340200 7.53905
340300 7.4576
340400 7.45101
340500 7.4705
340600 7.56082
340700 7.54467
340800 7.52294
340900 7.49764
341000 7.49397
341100 7.47568
341200 7.5206
341300 7.52869
341400 7.56419
341500 7.56646
341600 7.60044
341700 7.53826
341800 7.58271
341900 7.4775
342000 7.49332
342100 7.51153
342200 7.50988
342300 7.47737
342400 7.53202
342500 7.53033
342600 7.49146
342700 7.51503
342800 7.50507
342900 7.56134
343000 7.48708
343100 7.55415
343200 7.44084
343300 7.56529
343400 7.61732
343500 7.54817
343600 7.5607
343700 7.59969
343800 7.61329
343900 7.57384
344000 7.49834
344100 7.48588
344200 7.53925
344300 7.57475
344400 7.51308
344500 7.55378
344600 7.54344
344700 7.55575
344800 7.47649
344900 7.57298
345000 7.51636
345100 7.54733
345200 7.54538
345300 7.47072
345400 7.5667
345500 7.54981
345600 7.5528
345700 7.50294
345800 7.53615
345900 7.58214
346000 7.55815
346100 7.53759
346200 7.56111
346300 7.48777
346400 7.46187
346500 7.51158
346600 7.51619
346700 7.53603
346800 7.49059
346900 7.55217
347000 7.60829
347100 7.53369
347200 7.56916
347300 7.57362
347400 7.60951
347500 7.59744
347600 7.61632
347700 7.60106
347800 7.57391
347900 7.59798
348000 7.56842
348100 7.61313
348200 7.60037
348300 7.56342
348400 7.65393
348500 7.57232
348600 7.5941
348700 7.65504
348800 7.65878
348900 7.71622
349000 7.59485
349100 7.67015
349200 7.66243
349300 7.65501
349400 7.71634
349500 7.62059
349600 7.64095
349700 7.63502
349800 7.67208
349900 7.626
350000 7.5886
